0 0.177309 0.231208 0.157601 0.247044 0.148452 0.261824 0.150563 0.27766 0.17027 0.296664 0.181532 0.295608 0.184347 0.276605 0.190681 0.257601 0.195608 0.243877 0.189977 0.233319
0 0.201943 0.252323 0.199831 0.274493 0.204758 0.289274 0.193497 0.29772 0.180828 0.306166 0.161824 0.308277 0.145636 0.317779 0.135783 0.326225 0.157601 0.336782 0.142821 0.355785 0.135783 0.36212 0.140709 0.381123 0.154786 0.409628 0.166751 0.41913 0.180828 0.418074 0.209685 0.407517 0.218834 0.40435 0.232207 0.395904 0.237134 0.366343 0.233615 0.351562 0.243468 0.349451 0.243468 0.337838 0.229392 0.331503 0.229392 0.324113 0.224465 0.304054 0.219538 0.283995 0.216723 0.263936 0.214611 0.254434
0 0.301182 0.206926 0.284291 0.216427 0.274437 0.229096 0.280068 0.258657 0.280068 0.272382 0.289217 0.282939 0.305405 0.281883 0.320186 0.273438 0.333559 0.27027 0.343412 0.257601 0.35045 0.241765 0.344116 0.219595 0.329336 0.204814
0 0.431391 0.293497 0.408164 0.289274 0.391976 0.287162 0.375788 0.306166 0.36875 0.306166 0.360304 0.3125 0.339893 0.322002 0.328632 0.330448 0.333559 0.355785 0.341301 0.364231 0.364527 0.360008 0.377196 0.351562 0.396903 0.329392 0.408868 0.328336 0.432095 0.324113 0.439133 0.298775
0 0.406053 0.361064 0.381419 0.370566 0.367342 0.381123 0.365231 0.412796 0.36875 0.441301 0.40183 0.448691 0.420833 0.447635 0.44969 0.432855 0.461655 0.41913 0.448283 0.400127 0.419426 0.394848 0.423649 0.3769 0.429983 0.36951
0 0.475732 0.302998 0.468694 0.316723 0.482066 0.328336 0.478547 0.335726 0.460248 0.335726 0.450394 0.335726 0.453913 0.353674 0.463063 0.355785 0.475732 0.357897 0.488401 0.356841 0.502477 0.356841 0.512331 0.34734 0.520073 0.324113 0.520073 0.311444 0.503885 0.306166 0.488401 0.299831
0 0.518666 0.204814 0.51022 0.218539 0.495439 0.232264 0.49192 0.244932 0.497551 0.268159 0.504589 0.27766 0.515146 0.275549 0.523592 0.266047 0.532038 0.2481 0.5433 0.241765 0.553153 0.241765 0.55808 0.243877 0.571453 0.228041 0.57638 0.209037 0.56723 0.19848 0.549634 0.19848 0.5433 0.212204 0.53415 0.209037
0 0.598902 0.154139 0.586233 0.17103 0.585529 0.199535 0.592568 0.212204 0.597494 0.237542 0.597494 0.253378 0.602421 0.256546 0.617905 0.25549 0.626351 0.279772 0.636909 0.272382 0.658727 0.293497 0.669989 0.294552 0.686177 0.301943 0.698142 0.298775 0.703773 0.300887 0.718553 0.293497 0.731222 0.26288 0.743891 0.239654 0.741075 0.206926 0.740372 0.176309 0.73826 0.154139 0.686177 0.15625 0.629167 0.162584 0.615794 0.150971
0 0.798789 0.251267 0.788232 0.275549 0.793159 0.288218 0.798086 0.311444 0.803716 0.338894 0.822016 0.335726 0.842427 0.32728 0.842427 0.302998 0.841723 0.294552 0.831166 0.285051 0.814977 0.27027
0 0.799493 0.344172 0.791751 0.361064 0.790343 0.374789 0.793159 0.394848 0.788232 0.40435 0.773452 0.398015 0.759375 0.407517 0.758671 0.417019 0.78049 0.447635 0.799493 0.441301 0.80442 0.427576 0.806532 0.394848 0.818497 0.380068 0.826943 0.355785 0.82835 0.346284
0 0.981785 0.263936 0.981785 0.298775 0.974747 0.318834 0.978266 0.335726 0.961374 0.337838 0.947297 0.356841 0.941667 0.382179 0.944482 0.400127 0.933221 0.41174 0.910698 0.428632 0.900845 0.460304 0.928998 0.487753 0.957151 0.494088 0.972635 0.457137 0.997973 0.418074 0.997973 0.279772 0.992342 0.254434
0 0.921959 0.260769 0.917033 0.285051 0.908587 0.291385 0.90366 0.286106 0.890287 0.281883 0.883953 0.288218 0.881137 0.294552 0.897325 0.313556 0.907179 0.318834 0.928998 0.32728 0.943074 0.332559 0.952224 0.298775 0.955743 0.287162 0.950113 0.267103 0.929702 0.257601
0 0.056954 0.364231 0.05625 0.371622 0.046396 0.375845 0.040062 0.383235 0.03795 0.401182 0.042173 0.422297 0.064696 0.41174 0.069623 0.400127 0.073846 0.380068 0.082292 0.370566 0.087218 0.35473 0.073142 0.350507
