0 0.814977 0.441301 0.814977 0.460304 0.811458 0.481419 0.812866 0.493032 0.815681 0.499367 0.802309 0.531039 0.803716 0.553209 0.816385 0.558488 0.827646 0.537373 0.843131 0.537373 0.856503 0.542652 0.868468 0.548986 0.873395 0.522593 0.87973 0.501478 0.876914 0.482475 0.864245 0.463471 0.844538 0.456081 0.835389 0.450802 0.826239 0.438133
0 0.895918 0.40435 0.897325 0.420186 0.902252 0.442356 0.904364 0.456081 0.91281 0.465583 0.923367 0.471917 0.93674 0.491976 0.956447 0.490921 0.952928 0.466639 0.940259 0.457137 0.943778 0.440245 0.938148 0.422297 0.919848 0.409628
0 0.938148 0.3125 0.923367 0.346284 0.909994 0.368454 0.908587 0.383235 0.917736 0.395904 0.92759 0.395904 0.945186 0.383235 0.950113 0.384291 0.933925 0.402238 0.94237 0.412796 0.972635 0.414907 0.982489 0.407517 0.993046 0.392736 0.993046 0.372677 0.988823 0.345228 0.97897 0.330448 0.964893 0.313556 0.947297 0.300887
0 0.701661 0.295608 0.683361 0.300887 0.679842 0.314611 0.681954 0.335726 0.679139 0.356841 0.677027 0.367399 0.687584 0.380068 0.709403 0.36951 0.720664 0.35473 0.735445 0.345228 0.737556 0.334671 0.73263 0.313556 0.726295 0.301943
0 0.675619 0.45397 0.6721 0.478252 0.663654 0.496199 0.655912 0.504645 0.646762 0.504645 0.628463 0.524704 0.616498 0.532095 0.610867 0.540541 0.608052 0.56799 0.620017 0.581715 0.627759 0.603885 0.643947 0.629223 0.671396 0.622889 0.682658 0.627111 0.694623 0.631334 0.711515 0.641892 0.719257 0.620777 0.710811 0.583826 0.710107 0.566934 0.727703 0.561655 0.741075 0.534206 0.746002 0.523649 0.736149 0.493032 0.730518 0.477196 0.708699 0.474029 0.69955 0.469806 0.688288 0.452914
0 0.370861 0.436022 0.354673 0.452914 0.356081 0.474029 0.358193 0.497255 0.365231 0.51098 0.3779 0.51837 0.391273 0.527872 0.418018 0.538429 0.445467 0.543708 0.465175 0.543708 0.469398 0.537373 0.460952 0.513091 0.460248 0.500422 0.456025 0.467694 0.437021 0.446579 0.408164 0.440245 0.380715 0.437078
0 0.251211 0.551098 0.238542 0.559544 0.229392 0.564823 0.204054 0.577492 0.192089 0.591216 0.1942 0.607052 0.199831 0.61761 0.225169 0.613387 0.240653 0.609164 0.267399 0.609164 0.287106 0.603885 0.300479 0.595439 0.297663 0.56799 0.296256 0.546875 0.280771 0.536318 0.267399 0.550042
0 0.035839 0.431799 0.038654 0.456081 0.037247 0.481419 0.03795 0.512035 0.03795 0.519426 0.038654 0.536318 0.049212 0.537373 0.057658 0.532095 0.061177 0.51837 0.063288 0.50359 0.0654 0.481419 0.060473 0.472973 0.052027 0.467694 0.051323 0.446579
0 0.116075 0.529983 0.140709 0.524704 0.154786 0.522593 0.159713 0.51837 0.175901 0.50359 0.185051 0.502534 0.196312 0.502534 0.206166 0.502534 0.226577 0.498311 0.243468 0.494088 0.248395 0.506757 0.234319 0.52576 0.199831 0.553209 0.189274 0.557432 0.175901 0.569046 0.157601 0.576436 0.142117 0.578547 0.109037 0.581715 0.097776 0.577492 0.088626 0.557432 0.095664 0.539485
0 0.002055 0.499367 0.002055 0.521537 0.00839 0.535262 0.004167 0.547931 0.006982 0.5606 0.019651 0.563767 0.027393 0.562711 0.031616 0.534206 0.035135 0.521537 0.027393 0.499367 0.019651 0.490921
0 0.061881 0.531039 0.044285 0.543708 0.042877 0.557432 0.035135 0.585938 0.037247 0.604941 0.049212 0.604941 0.061177 0.577492 0.078069 0.563767 0.085811 0.551098 0.087218 0.536318 0.084403 0.523649
0 0.372973 0.581715 0.3596 0.596495 0.331447 0.598606 0.323705 0.626056 0.31174 0.638725 0.297663 0.658784 0.288514 0.684122 0.284994 0.698902 0.296959 0.722128 0.315963 0.735853 0.327928 0.745355 0.346931 0.752745 0.417314 0.760135 0.451098 0.771748 0.48277 0.755912 0.486289 0.717905 0.461655 0.679899 0.448986 0.655617 0.433502 0.63239 0.431391 0.607052 0.424352 0.588049 0.400422 0.584882
0 0.494032 0.386402 0.479955 0.396959 0.472917 0.410684 0.489809 0.428632 0.494735 0.436022 0.498255 0.45397 0.513035 0.460304 0.532742 0.457137 0.546819 0.456081 0.524296 0.436022 0.529927 0.41174 0.522185 0.395904 0.513739 0.384291
