0 0.582051 0.186859 0.567949 0.20609 0.552564 0.235577 0.546795 0.253526 0.559615 0.277885 0.573718 0.285577 0.591667 0.291987 0.608333 0.299679 0.626923 0.315064 0.635897 0.31891 0.639103 0.31891 0.648718 0.315064 0.663462 0.303526 0.682692 0.300962 0.698077 0.291987 0.712821 0.294551 0.717949 0.291987 0.719872 0.277885 0.710256 0.253526 0.701923 0.241987 0.691026 0.230449 0.678205 0.227885 0.662821 0.227885 0.657051 0.221474 0.642949 0.203526 0.637821 0.194551 0.633333 0.189423 0.616026 0.189423 0.600641 0.186859
0 0.496154 0.286859 0.476923 0.299679 0.458333 0.289423 0.444231 0.293269 0.428846 0.303526 0.419872 0.3125 0.409615 0.326603 0.407051 0.35609 0.419872 0.379167 0.430769 0.389423 0.446795 0.403526 0.459615 0.416346 0.472436 0.398397 0.482051 0.383013 0.496154 0.3625 0.510256 0.341987 0.516026 0.331731 0.520513 0.30609 0.519872 0.284295 0.514744 0.275321
0 0.614744 0.416346 0.604487 0.415064 0.596154 0.424038 0.58141 0.424038 0.578846 0.435577 0.589744 0.458654 0.601923 0.466346 0.610256 0.470192 0.620513 0.475321 0.623718 0.474038 0.632051 0.465064 0.650641 0.474038 0.660256 0.463782 0.662179 0.443269 0.653205 0.429167 0.646795 0.424038 0.642949 0.407372 0.635256 0.402244 0.630769 0.41891 0.622436 0.420192
0 0.257692 0.366346 0.251923 0.338141 0.245513 0.302244 0.242308 0.284295 0.233974 0.272756 0.219231 0.259936 0.202564 0.252244 0.186538 0.249679 0.18141 0.259936 0.172436 0.276603 0.164103 0.288141 0.154487 0.307372 0.146795 0.311218 0.148077 0.330449 0.151282 0.347115 0.158974 0.353526 0.158333 0.371474 0.153205 0.389423 0.151282 0.403526 0.161538 0.41891 0.165385 0.433013 0.171154 0.444551 0.177564 0.450962 0.192308 0.450962 0.207051 0.441987 0.214744 0.420192 0.233974 0.420192 0.247436 0.424038 0.259615 0.398397
0 0.241026 0.433013 0.242308 0.444551 0.239744 0.4625 0.225641 0.4625 0.221795 0.485577 0.207051 0.504808 0.201282 0.533013 0.223077 0.543269 0.236538 0.524038 0.252564 0.503526 0.272436 0.494551 0.278846 0.483013 0.289103 0.474038 0.298718 0.463782 0.314744 0.447115 0.317308 0.434295 0.310256 0.416346 0.299359 0.416346 0.289103 0.4125 0.279487 0.40609 0.271154 0.404808 0.260256 0.402244 0.251923 0.411218
0 0.735897 0.439423 0.726282 0.458654 0.71859 0.475321 0.70641 0.489423 0.695513 0.500962 0.683974 0.511218 0.683974 0.533013 0.702564 0.550962 0.708974 0.579167 0.736538 0.579167 0.757051 0.567628 0.776282 0.5625 0.785256 0.553526 0.801282 0.545833 0.810897 0.50609 0.796154 0.486859 0.777564 0.479167 0.762821 0.498397 0.75641 0.507372 0.748077 0.498397 0.762821 0.481731 0.766026 0.458654 0.75 0.444551
0 0.366026 0.489423 0.35641 0.481731 0.346795 0.479167 0.34359 0.504808 0.339744 0.511218 0.335256 0.526603 0.328846 0.540705 0.347436 0.550962 0.369872 0.553526 0.401282 0.544551 0.392308 0.515064
0 0.361538 0.288141 0.342949 0.303526 0.324359 0.290705 0.305128 0.289423 0.289103 0.30609 0.280769 0.327885 0.274359 0.384295 0.285897 0.402244 0.304487 0.386859 0.305769 0.36891 0.314103 0.370192 0.337179 0.357372 0.354487 0.353526 0.36859 0.35609 0.369872 0.380449 0.382692 0.397115 0.391667 0.397115 0.407051 0.363782 0.398718 0.331731 0.39359 0.300962 0.385897 0.286859
0 0.39359 0.565064 0.372436 0.572756 0.349359 0.571474 0.340385 0.577885 0.350641 0.599679 0.362821 0.613782 0.376282 0.61891 0.389103 0.620192 0.404487 0.617628 0.423718 0.60609 0.423718 0.575321 0.421795 0.558654 0.398718 0.554808
0 0.949359 0.545833 0.923077 0.563782 0.914103 0.576603 0.896795 0.581731 0.90641 0.615064 0.909615 0.626603 0.91859 0.643269 0.929487 0.647115 0.942949 0.647115 0.95641 0.643269 0.967308 0.622756 0.970513 0.594551 0.96859 0.572756 0.959615 0.547115
0 0.580128 0.448397 0.567949 0.471474 0.569872 0.494551 0.583333 0.50609 0.589744 0.509936 0.592949 0.524038 0.589103 0.553526 0.589103 0.566346 0.596154 0.600962 0.596795 0.613782 0.609615 0.620192 0.627564 0.603526 0.632692 0.56891 0.625 0.534295 0.619231 0.500962 0.612821 0.485577 0.598077 0.502244 0.589744 0.465064
0 0.474359 0.072756 0.45641 0.094551 0.441667 0.136859 0.442308 0.181731 0.442308 0.204808 0.442949 0.225321 0.462179 0.202244 0.480769 0.181731 0.511538 0.181731 0.522436 0.181731 0.55 0.176603 0.557692 0.157372 0.551282 0.104808 0.542308 0.084295 0.494231 0.065064
0 0.000641 0.274038 0.008974 0.285577 0.01859 0.291987 0.025641 0.3125 0.025641 0.341987 0.023718 0.366346 0.020513 0.389423 0.011538 0.385577 0.001282 0.370192
