0 0.734037 0.123522 0.711515 0.145693 0.691104 0.164696 0.671396 0.177365 0.655912 0.190034 0.631278 0.212204 0.60594 0.234375 0.590456 0.258657 0.580602 0.292441 0.556672 0.296664 0.553857 0.318834 0.593271 0.328336 0.610163 0.345228 0.642539 0.360008 0.659431 0.367399 0.675619 0.360008 0.6904 0.341005 0.713626 0.323057 0.731926 0.311444 0.752337 0.289274 0.755856 0.285051 0.781898 0.283995 0.817089 0.278716 0.8192 0.250211 0.807939 0.233319 0.772748 0.242821 0.758671 0.251267 0.749521 0.232264 0.748114 0.202703 0.750225 0.165752 0.755152 0.107686
0 0.924071 0.221706 0.902252 0.239654 0.891695 0.25549 0.881137 0.260769 0.867765 0.257601 0.862838 0.272382 0.87058 0.287162 0.887472 0.295608 0.908587 0.298775 0.914921 0.29772 0.931813 0.278716 0.94589 0.254434 0.940259 0.225929
0 0.884657 0.304054 0.873395 0.302998 0.868468 0.309333 0.864949 0.322002 0.872691 0.342061 0.890991 0.34734 0.899437 0.324113
0 0.832573 0.400127 0.812162 0.414907 0.790343 0.408573 0.779786 0.439189 0.800197 0.450802 0.8192 0.458193 0.835389 0.472973 0.862838 0.46136 0.858615 0.436022 0.848761 0.410684
0 0.718553 0.367399 0.701661 0.390625 0.686881 0.399071 0.691807 0.427576 0.721368 0.430743 0.752337 0.421242 0.768525 0.417019 0.755856 0.387458 0.749521 0.380068 0.72911 0.380068
0 0.360304 0.231208 0.35045 0.252323 0.347635 0.281883 0.339893 0.313556 0.339189 0.331503 0.348339 0.348395 0.364527 0.364231 0.396903 0.366343 0.404645 0.358953 0.391273 0.339949 0.375788 0.332559 0.376492 0.317779 0.376492 0.283995 0.375084 0.260769 0.372269 0.240709 0.375788 0.218539
0 0.389865 0.283995 0.39268 0.29772 0.394088 0.311444 0.406053 0.318834 0.408164 0.339949 0.418722 0.346284 0.437725 0.334671 0.445467 0.324113 0.440541 0.308277 0.432798 0.299831 0.420833 0.292441 0.414499 0.289274 0.402534 0.291385 0.397607 0.291385
0 0.467286 0.329392 0.474324 0.353674 0.489105 0.356841 0.498255 0.349451 0.491216 0.343117 0.482066 0.333615
0 0.001351 0.400127 0.010501 0.406461 0.021059 0.409628 0.033024 0.409628 0.050619 0.41174 0.064696 0.413851 0.063992 0.399071 0.069623 0.386402 0.081588 0.384291 0.090034 0.392736 0.101295 0.403294 0.105518 0.423353 0.099887 0.45397 0.086515 0.480363 0.078773 0.513091 0.078069 0.541596 0.070327 0.573269 0.054139 0.600718 0.0471 0.605997 0.028801 0.598606 0.016132 0.591216 0.003463 0.576436
0 0.427168 0.394848 0.411684 0.401182 0.402534 0.409628 0.403238 0.427576 0.413795 0.450802 0.421537 0.463471 0.427872 0.470861 0.434206 0.456081 0.434206 0.421242
0 0.218834 0.29772 0.213204 0.299831 0.204758 0.313556 0.204758 0.320946 0.192793 0.32728 0.18857 0.339949 0.204054 0.346284 0.211092 0.343117 0.220242 0.338894 0.225169 0.326225 0.227984 0.311444 0.228688 0.29772
0 0.306109 0.26288 0.299775 0.274493 0.297663 0.283995 0.294848 0.304054 0.298367 0.308277 0.308221 0.307221 0.313148 0.300887 0.31737 0.306166 0.323705 0.311444 0.330743 0.30511 0.327224 0.288218 0.324409 0.272382 0.318778 0.26288
