0 0.616498 0.36951 0.606644 0.394848 0.589048 0.425465 0.570749 0.441301 0.574268 0.463471 0.567934 0.470861 0.560191 0.48353 0.563007 0.493032 0.578491 0.497255 0.601014 0.509924 0.612275 0.522593 0.63339 0.527872 0.642539 0.529983 0.639724 0.550042 0.646059 0.571157 0.659431 0.573269 0.676323 0.565878 0.686177 0.548986 0.6904 0.536318 0.715738 0.524704 0.720664 0.514147 0.715034 0.470861 0.711515 0.445524 0.710811 0.420186 0.704476 0.405405 0.701661 0.381123 0.694623 0.380068 0.679842 0.387458 0.66295 0.391681 0.646762 0.391681 0.631278 0.374789 0.625648 0.368454
0 0.974043 0.514147 0.96982 0.534206 0.977562 0.559544 0.97897 0.56799 0.987416 0.579603 0.996565 0.596495 0.997973 0.526816
0 0.788232 0.437078 0.784713 0.452914 0.787528 0.467694 0.79527 0.477196 0.787528 0.485642 0.785417 0.500422 0.795974 0.50359 0.810051 0.504645 0.818497 0.494088 0.812866 0.479307 0.805828 0.462416 0.811458 0.452914 0.817793 0.438133 0.805124 0.432855
0 0.002055 0.570101 0.009797 0.58277 0.022466 0.592272 0.03795 0.604941 0.060473 0.620777 0.073142 0.631334 0.092849 0.645059 0.102703 0.652449 0.084403 0.692568 0.066104 0.711571 0.042173 0.726351 0.019651 0.740076 0.002759 0.748522
0 0.003463 0.50359 0.014724 0.494088 0.027393 0.496199 0.029505 0.51837 0.031616 0.534206 0.028801 0.547931 0.009797 0.540541 0.002055 0.542652
0 0.121002 0.547931 0.113964 0.564823 0.114668 0.579603 0.123114 0.58277 0.13156 0.58277 0.139302 0.572213 0.144229 0.557432 0.139302 0.551098
0 0.090738 0.522593 0.078069 0.524704 0.079476 0.515203 0.088626 0.505701 0.091441 0.494088 0.082995 0.486698 0.073142 0.482475 0.066104 0.490921 0.061881 0.500422 0.058361 0.516258 0.057658 0.527872 0.066807 0.540541 0.08018 0.556377 0.090738 0.561655 0.097072 0.552154 0.096368 0.528927
0 0.371565 0.586993 0.370158 0.61022 0.369454 0.634502 0.371565 0.656672 0.372269 0.67462 0.389865 0.683066 0.389865 0.663007 0.38353 0.633446 0.382123 0.61022
0 0.349747 0.414907 0.334262 0.421242 0.328632 0.436022 0.329336 0.460304 0.347635 0.464527 0.360304 0.463471 0.366639 0.46875 0.380011 0.46875 0.386346 0.457137 0.396199 0.472973 0.413795 0.475084 0.409572 0.446579 0.400422 0.424409 0.394792 0.412796 0.36875 0.41913 0.360304 0.421242
0 0.418018 0.52576 0.41098 0.524704 0.402534 0.531039 0.398311 0.547931 0.406757 0.554265 0.419426 0.555321 0.429279 0.552154 0.428575 0.534206
0 0.30259 0.524704 0.299071 0.523649 0.286402 0.523649 0.282883 0.536318 0.290625 0.547931 0.300479 0.553209 0.315963 0.545819 0.321593 0.531039
0 0.282179 0.458193 0.277252 0.48353 0.282179 0.498311 0.292736 0.512035 0.299071 0.497255 0.314555 0.497255 0.306813 0.488809 0.297663 0.474029 0.294144 0.463471
0 0.206166 0.436022 0.204758 0.457137 0.206166 0.469806 0.208981 0.481419 0.219538 0.488809 0.226577 0.475084 0.227984 0.456081 0.223761 0.441301 0.218834 0.436022
0 0.180124 0.497255 0.173789 0.508868 0.167455 0.520481 0.180124 0.523649 0.192793 0.532095 0.181532 0.539485 0.176605 0.551098 0.184347 0.564823 0.196312 0.569046 0.213204 0.56799 0.218834 0.559544 0.206869 0.551098 0.20335 0.541596 0.210389 0.523649 0.207573 0.51098 0.199831 0.502534 0.1942 0.487753
