0 0.618609 0.301943 0.613682 0.296664 0.595383 0.318834 0.592568 0.339949 0.586233 0.36212 0.607348 0.380068 0.61509 0.391681 0.62987 0.408573 0.644651 0.401182 0.655208 0.401182 0.66647 0.393792 0.677027 0.392736 0.683361 0.375845 0.685473 0.366343 0.688288 0.358953 0.688288 0.339949 0.689696 0.329392 0.680546 0.309333 0.675619 0.299831 0.660135 0.292441 0.637613 0.292441
0 0.671396 0.40435 0.667173 0.420186 0.686881 0.430743 0.698142 0.430743 0.700957 0.459248 0.703069 0.488809 0.720664 0.493032 0.743891 0.485642 0.754448 0.462416 0.760079 0.437078 0.758671 0.414907 0.752337 0.40435 0.731926 0.414907 0.719961 0.408573 0.709403 0.394848 0.698142 0.394848 0.6904 0.408573 0.682658 0.406461
0 0.881841 0.396959 0.881841 0.417019 0.882545 0.438133 0.884657 0.460304 0.887472 0.46875 0.898029 0.477196 0.920552 0.469806 0.930405 0.466639 0.938851 0.467694 0.950816 0.456081 0.94237 0.434966 0.912106 0.414907 0.898029 0.407517
0 0.299071 0.381123 0.29344 0.406461 0.289921 0.417019 0.279364 0.43391 0.272325 0.441301 0.25473 0.434966 0.249803 0.46136 0.270918 0.480363 0.291329 0.502534 0.304702 0.512035 0.32089 0.516258 0.323705 0.498311 0.31737 0.47614 0.320186 0.447635 0.322297 0.429688 0.32089 0.390625 0.313851 0.375845 0.307517 0.371622
0 0.167455 0.317779 0.173086 0.331503 0.178012 0.345228 0.182235 0.357897 0.199831 0.3769 0.199831 0.388514 0.213204 0.388514 0.227984 0.384291 0.235726 0.377956 0.242765 0.375845 0.251914 0.380068 0.258249 0.381123 0.268102 0.380068 0.277252 0.36951 0.289921 0.365287 0.301182 0.363176 0.313148 0.348395 0.313851 0.331503 0.306813 0.31989 0.292033 0.3125 0.273029 0.30511 0.256841 0.304054 0.250507 0.29772 0.237838 0.300887 0.222354 0.302998 0.2125 0.314611 0.209685 0.323057 0.200535 0.322002 0.191385 0.317779 0.185755 0.313556 0.180828 0.308277 0.173086 0.304054
0 0.004167 0.424409 0.013316 0.424409 0.018947 0.427576 0.019651 0.439189 0.025282 0.428632 0.039358 0.422297 0.045693 0.410684 0.05625 0.402238 0.063288 0.396959 0.076661 0.398015 0.082292 0.40435 0.084403 0.41913 0.094257 0.425465 0.104814 0.438133 0.097776 0.45397 0.097776 0.466639 0.097776 0.471917 0.09848 0.490921 0.080884 0.493032 0.054842 0.497255 0.043581 0.498311 0.046396 0.517314 0.029505 0.524704 0.021059 0.529983 0.00487 0.523649 0.004167 0.520481
0 0.380715 0.300887 0.375788 0.315667 0.373677 0.32728 0.378604 0.34734 0.390569 0.338894 0.397607 0.31989 0.39268 0.304054
0 0.172382 0.153083 0.187162 0.179476 0.195608 0.206926 0.208981 0.254434 0.223761 0.263936 0.249803 0.253378 0.268806 0.238598 0.289217 0.234375 0.300479 0.218539 0.290625 0.182644 0.275845 0.145693 0.273029 0.125633 0.273733 0.10663 0.271622 0.077069 0.242765 0.074958 0.208277 0.092905 0.176605 0.11402 0.163936 0.119299
0 0.859319 0.387458 0.848057 0.399071 0.833981 0.413851 0.826943 0.42652 0.81357 0.441301 0.803716 0.443412 0.787528 0.455025 0.782601 0.469806 0.775563 0.486698 0.781194 0.506757 0.800197 0.51837 0.811458 0.523649 0.836092 0.540541 0.856503 0.543708 0.891695 0.521537 0.897325 0.502534 0.890287 0.484586 0.883953 0.469806 0.87973 0.466639 0.863542 0.469806 0.849465 0.464527 0.84665 0.448691 0.866357 0.425465 0.867061 0.413851 0.873395 0.401182
0 0.964189 0.323057 0.955039 0.334671 0.943074 0.341005 0.954336 0.357897 0.955743 0.379012 0.955743 0.385346 0.964893 0.398015 0.969116 0.398015 0.972635 0.383235 0.981081 0.370566 0.995861 0.360008 0.997269 0.309333 0.976154 0.317779
0 0.988119 0.391681 0.983193 0.415963 0.966301 0.41913 0.952928 0.418074 0.962782 0.427576 0.967005 0.430743 0.959262 0.455025 0.959262 0.470861 0.986008 0.446579 0.995861 0.437078 0.998677 0.400127
0 0.476436 0.389569 0.475028 0.420186 0.483474 0.437078 0.497551 0.441301 0.499662 0.41913 0.498255 0.403294 0.488401 0.385346
0 0.459544 0.43391 0.44969 0.441301 0.441244 0.450802 0.448283 0.464527 0.464471 0.46875 0.470805 0.470861 0.479251 0.455025 0.472213 0.443412
0 0.336374 0.3769 0.325816 0.385346 0.324409 0.394848 0.324409 0.407517 0.325816 0.436022 0.327224 0.448691 0.327224 0.469806 0.330039 0.491976 0.332151 0.50359 0.336374 0.515203 0.353266 0.514147 0.374381 0.509924 0.391273 0.498311 0.393384 0.470861 0.390569 0.456081 0.38353 0.447635 0.3779 0.437078 0.363823 0.423353 0.358193 0.415963 0.35045 0.405405 0.35397 0.392736 0.35397 0.385346 0.344116 0.374789
