0 0.902956 0.443412 0.887472 0.456081 0.87973 0.47614 0.874099 0.495144 0.867765 0.508868 0.86143 0.520481 0.871988 0.543708 0.884657 0.541596 0.897325 0.542652 0.908587 0.538429 0.913514 0.524704 0.913514 0.508868 0.905771 0.489865 0.898029 0.479307 0.904364 0.467694 0.915625 0.46136 0.926182 0.459248 0.926182 0.448691 0.915625 0.445524
0 0.91844 0.536318 0.909994 0.547931 0.905068 0.561655 0.905771 0.58277 0.921959 0.609164 0.931109 0.620777 0.955743 0.642948 0.96982 0.635557 0.97545 0.620777 0.976858 0.600718 0.966301 0.588049 0.977562 0.56799 0.983193 0.553209 0.962078 0.546875 0.948705 0.545819 0.932517 0.540541
0 0.365231 0.351562 0.365231 0.374789 0.384234 0.400127 0.391273 0.409628 0.408164 0.429688 0.419426 0.430743 0.437725 0.434966 0.460248 0.434966 0.467286 0.424409 0.465175 0.395904 0.460248 0.386402 0.439837 0.381123 0.422945 0.370566 0.403238 0.375845 0.390569 0.358953 0.379307 0.338894 0.370861 0.336782
0 0.241357 0.361064 0.230096 0.371622 0.227984 0.389569 0.228688 0.403294 0.237134 0.410684 0.239245 0.429688 0.247691 0.445524 0.26036 0.41913 0.264583 0.429688 0.264583 0.450802 0.282179 0.455025 0.306109 0.462416 0.31737 0.446579 0.323001 0.437078 0.319482 0.421242 0.305405 0.408573 0.297663 0.392736 0.290625 0.383235 0.274437 0.383235 0.263176 0.380068 0.265991 0.356841 0.261064 0.343117 0.249099 0.341005
0 0.232207 0.455025 0.232207 0.471917 0.231503 0.490921 0.247691 0.493032 0.259657 0.499367 0.277956 0.498311 0.286402 0.494088 0.286402 0.486698 0.280771 0.469806 0.261064 0.457137 0.255434 0.452914 0.242765 0.464527
0 0.170974 0.545819 0.163936 0.559544 0.16112 0.581715 0.16112 0.603885 0.166751 0.621833 0.177309 0.63239 0.193497 0.640836 0.213908 0.640836 0.235023 0.637669 0.25473 0.622889 0.258953 0.596495 0.249099 0.58277 0.218834 0.571157 0.200535 0.555321 0.17942 0.540541
0 0.029505 0.427576 0.021762 0.440245 0.016132 0.444468 0.013316 0.463471 0.025985 0.474029 0.040766 0.471917 0.033024 0.487753 0.046396 0.496199 0.051323 0.504645 0.059065 0.523649 0.068919 0.531039 0.08018 0.536318 0.093553 0.521537 0.100591 0.507812 0.096368 0.500422 0.085811 0.499367 0.078773 0.500422 0.067511 0.500422 0.062584 0.489865 0.061177 0.47614 0.058361 0.456081 0.058361 0.440245 0.050619 0.428632 0.038654 0.420186
0 0.579899 0.383235 0.561599 0.395904 0.53978 0.410684 0.540484 0.427576 0.524296 0.43391 0.51585 0.439189 0.527111 0.456081 0.551745 0.452914 0.571453 0.458193 0.579195 0.462416 0.572157 0.491976 0.564414 0.498311 0.554561 0.497255 0.53415 0.485642 0.53978 0.504645 0.555968 0.515203 0.564414 0.541596 0.586937 0.546875 0.610163 0.550042 0.636909 0.540541 0.663654 0.536318 0.687584 0.527872 0.709403 0.522593 0.709403 0.485642 0.696734 0.471917 0.680546 0.457137 0.661543 0.448691 0.64817 0.441301 0.630574 0.429688 0.627759 0.409628 0.62424 0.398015 0.601014 0.396959 0.59116 0.388514
0 0.553153 0.557432 0.545411 0.562711 0.544707 0.584882 0.571453 0.584882 0.619313 0.579603 0.658024 0.572213 0.675619 0.56799 0.668581 0.559544 0.637613 0.555321 0.622832 0.557432 0.607348 0.557432 0.577083 0.558488
0 0.736852 0.475084 0.734037 0.488809 0.751633 0.50359 0.760079 0.514147 0.754448 0.532095 0.757967 0.546875 0.777675 0.541596 0.793863 0.540541 0.812162 0.535262 0.836092 0.523649 0.822016 0.513091 0.815681 0.497255 0.78964 0.513091 0.781898 0.51098 0.775563 0.495144 0.770636 0.491976 0.759375 0.485642 0.746706 0.481419
0 0.646762 0.342061 0.647466 0.361064 0.661543 0.370566 0.658024 0.384291 0.659431 0.394848 0.679842 0.40435 0.6904 0.418074 0.69603 0.422297 0.686177 0.439189 0.684065 0.449747 0.701661 0.465583 0.710811 0.443412 0.704476 0.41913 0.700957 0.400127 0.720664 0.3769 0.71433 0.352618 0.703069 0.341005 0.675619 0.342061 0.656616 0.341005
0 0.070327 0.407517 0.075253 0.425465 0.073846 0.437078 0.066807 0.460304 0.071734 0.477196 0.080884 0.486698 0.088626 0.494088 0.100591 0.488809 0.087922 0.467694 0.08933 0.458193 0.100591 0.46136 0.116075 0.457137 0.129448 0.457137 0.138598 0.457137 0.145636 0.447635 0.14634 0.417019 0.135079 0.402238 0.123818 0.396959 0.115372 0.394848 0.097072 0.398015 0.080884 0.401182
0 0.876914 0.330448 0.871284 0.349451 0.867765 0.368454 0.87058 0.390625 0.881841 0.412796 0.893806 0.417019 0.899437 0.409628 0.897325 0.386402 0.880434 0.373733 0.880434 0.353674 0.892399 0.348395 0.889583 0.326225
