0 0.830462 0.424409 0.801605 0.430743 0.791751 0.429688 0.78049 0.442356 0.782601 0.46875 0.78964 0.491976 0.799493 0.51098 0.79527 0.526816 0.78612 0.537373 0.798789 0.550042 0.810755 0.551098 0.82272 0.553209 0.833981 0.532095 0.841723 0.507812 0.850873 0.490921 0.856503 0.46875 0.854392 0.441301 0.849465 0.421242
0 0.97545 0.479307 0.965597 0.470861 0.953632 0.481419 0.955743 0.50359 0.966301 0.512035 0.97897 0.521537 0.99375 0.521537 0.997917 0.51875 0.997917 0.478125
0 0.767821 0.668285 0.755152 0.680954 0.743891 0.692568 0.753744 0.728463 0.767117 0.753801 0.795974 0.761191 0.831166 0.754856 0.874099 0.727407 0.924071 0.687289 0.909994 0.675676 0.884657 0.666174 0.871284 0.673564 0.850873 0.679899 0.833981 0.669341 0.822016 0.675676 0.808643 0.687289 0.795974 0.690456 0.775563 0.680954
0 0.560895 0.442356 0.569341 0.457137 0.574268 0.46136 0.567934 0.46875 0.564414 0.497255 0.567934 0.512035 0.59116 0.51098 0.586233 0.53315 0.577083 0.5606 0.579195 0.578547 0.605236 0.580659 0.625648 0.573269 0.636205 0.558488 0.641836 0.513091 0.646059 0.493032 0.647466 0.469806 0.631278 0.450802 0.620017 0.445524 0.591864 0.466639 0.584825 0.444468 0.574268 0.434966
0 0.483474 0.428632 0.475028 0.456081 0.475732 0.475084 0.487697 0.493032 0.49192 0.51098 0.498255 0.531039 0.518666 0.526816 0.53415 0.522593 0.549634 0.516258 0.554561 0.475084 0.552449 0.46136 0.533446 0.470861 0.520777 0.463471 0.5067 0.45397 0.501774 0.434966 0.498958 0.42652
0 0.296256 0.648226 0.252618 0.663007 0.224465 0.686233 0.201239 0.702069 0.230096 0.740076 0.240653 0.744299 0.262472 0.737965 0.299071 0.72424 0.325113 0.714738 0.327928 0.675676
0 0.358896 0.320946 0.312444 0.357897 0.303294 0.380068 0.325816 0.384291 0.355377 0.374789 0.370158 0.343117
0 0.180828 0.440245 0.163936 0.459248 0.16112 0.46875 0.159713 0.499367 0.157601 0.51837 0.17027 0.513091 0.180124 0.490921 0.193497 0.497255 0.211092 0.501478 0.220242 0.496199 0.216723 0.47614 0.2125 0.462416 0.208277 0.448691 0.202646 0.440245
0 0.037247 0.581715 0.023874 0.59016 0.018947 0.608108 0.026689 0.640836 0.033727 0.654561 0.046396 0.660895 0.057658 0.664062 0.067511 0.645059 0.052731 0.61761 0.047804 0.588049 0.044285 0.58277
0 0.087218 0.579603 0.085107 0.59016 0.073142 0.591216 0.061881 0.593328 0.058361 0.607052 0.069623 0.620777 0.097072 0.633446 0.118187 0.611275 0.119595 0.585938 0.100591 0.577492
0 0.033727 0.441301 0.021059 0.470861 0.019651 0.487753 0.025985 0.495144 0.040062 0.466639 0.0471 0.467694 0.042877 0.496199 0.058361 0.488809 0.058361 0.456081 0.056954 0.448691 0.044285 0.446579
0 0.129448 0.519426 0.114668 0.524704 0.106222 0.520481 0.09848 0.524704 0.094961 0.539485 0.095664 0.557432 0.111852 0.559544 0.121706 0.561655 0.132967 0.566934 0.14634 0.5606 0.151971 0.541596 0.150563 0.524704 0.138598 0.520481
