0 0.135897 0.184295 0.128846 0.209936 0.111538 0.225321 0.1 0.234295 0.09359 0.258654 0.095513 0.274038 0.117308 0.293269 0.126282 0.297115 0.136538 0.302244 0.150641 0.324038 0.167308 0.327885 0.178846 0.311218 0.182692 0.297115 0.192949 0.285577 0.207692 0.277885 0.212179 0.265064 0.212179 0.241987 0.197436 0.226603 0.191026 0.208654 0.188462 0.190705 0.174359 0.179167 0.150641 0.174038
0 0.246154 0.581731 0.226282 0.60609 0.210256 0.621474 0.196795 0.648397 0.195513 0.677885 0.198077 0.703526 0.200641 0.757372 0.201282 0.763782 0.204487 0.776603 0.230769 0.795833 0.242308 0.800962 0.258333 0.797115 0.280128 0.772756 0.279487 0.735577 0.283333 0.703526 0.292308 0.684295 0.280128 0.649679 0.278205 0.611218 0.270513 0.590705 0.263462 0.583013
0 0.375641 0.385577 0.370513 0.394551 0.359615 0.394551 0.355769 0.408654 0.339103 0.399679 0.325 0.386859 0.319231 0.403526 0.330128 0.420192 0.339103 0.445833 0.353846 0.463782 0.366026 0.466346 0.370513 0.466346 0.377564 0.466346 0.400641 0.454808 0.401923 0.436859 0.401923 0.421474 0.392949 0.402244
0 0.314103 0.258654 0.299359 0.270192 0.296154 0.285577 0.302564 0.30609 0.307051 0.321474 0.314103 0.315064 0.328205 0.324038 0.327564 0.349679 0.34359 0.345833 0.351923 0.350962 0.349359 0.367628 0.363462 0.361218 0.363462 0.344551 0.364103 0.325321 0.358974 0.300962 0.353205 0.263782 0.341026 0.2625 0.326282 0.2625
0 0.505769 0.465064 0.494231 0.465064 0.488462 0.484295 0.484615 0.497115 0.483974 0.517628 0.482051 0.535577 0.496795 0.535577 0.512821 0.531731 0.530128 0.524038 0.538462 0.515064 0.532692 0.491987 0.523718 0.477885 0.512179 0.475321
0 0.757051 0.477885 0.75 0.491987 0.746154 0.508654 0.736538 0.513782 0.721154 0.520192 0.724359 0.538141 0.739744 0.554808 0.753846 0.558654 0.777564 0.554808 0.782692 0.553526 0.788462 0.541987 0.775 0.527885 0.774359 0.516346 0.778846 0.499679 0.773077 0.485577
0 0.803846 0.380449 0.799359 0.400962 0.794872 0.4125 0.801282 0.415064 0.814744 0.417628 0.820513 0.427885 0.822436 0.438141 0.829487 0.417628 0.832051 0.393269 0.829487 0.384295 0.814103 0.379167
0 0.502564 0.366346 0.491026 0.376603 0.470513 0.381731 0.484615 0.402244 0.502564 0.4125 0.514744 0.411218 0.523077 0.407372 0.517949 0.395833 0.521154 0.379167 0.519872 0.367628 0.508974 0.375321
0 0.560897 0.376603 0.55 0.388141 0.535256 0.393269 0.536538 0.411218 0.54359 0.425321 0.559615 0.416346 0.566667 0.399679 0.569231 0.377885
0 0.707051 0.413782 0.71859 0.416346 0.723718 0.436859 0.71859 0.441987 0.708974 0.441987 0.703205 0.430449 0.686538 0.433013 0.683974 0.444551 0.689103 0.484295 0.690385 0.498397 0.699359 0.484295 0.701282 0.459936 0.712179 0.459936 0.709615 0.488141 0.717949 0.474038 0.730128 0.476603 0.730769 0.448397 0.734615 0.429167 0.739744 0.409936 0.748077 0.404808 0.75641 0.389423 0.757051 0.367628 0.745513 0.379167 0.739103 0.393269 0.724359 0.399679 0.715385 0.399679
0 0.857051 0.386859 0.847436 0.40609 0.84359 0.434295 0.842308 0.45609 0.858333 0.453526 0.867949 0.439423 0.880128 0.431731 0.876282 0.415064 0.870513 0.407372
0 0.875 0.229167 0.871154 0.257372 0.873718 0.277885 0.896795 0.271474 0.905128 0.294551 0.916667 0.304808 0.917949 0.280449 0.911538 0.267628 0.901282 0.266346 0.896795 0.243269 0.882692 0.229167
0 0.988462 0.435577 0.978846 0.445833 0.966667 0.454808 0.962821 0.471474 0.957051 0.485577 0.944231 0.495833 0.940385 0.50609 0.938462 0.51891 0.945513 0.520192 0.957692 0.50609 0.966026 0.495833 0.978846 0.497115 0.988462 0.511218 0.99359 0.515064 0.997436 0.517628 0.998077 0.430449
0 0.170513 0.377885 0.166026 0.411218 0.150641 0.457372 0.145513 0.485577 0.147436 0.521474 0.155128 0.547115 0.164103 0.56891 0.18141 0.56891 0.200641 0.549679 0.216026 0.547115 0.230128 0.539423 0.237821 0.508654 0.237821 0.477885 0.237821 0.447115 0.227564 0.417628 0.222436 0.402244 0.212821 0.377885 0.205769 0.365064 0.187179 0.366346
0 0.354487 0.5125 0.352564 0.536859 0.355128 0.553526 0.371795 0.56891 0.388462 0.56891 0.40641 0.56891 0.413462 0.547115 0.401923 0.539423 0.385897 0.535577 0.375641 0.534295 0.369872 0.516346 0.367308 0.497115
0 0.348718 0.558654 0.326923 0.571474 0.324359 0.589423 0.335256 0.602244 0.351923 0.595833 0.366667 0.593269 0.355128 0.567628
0 0.528205 0.336859 0.539744 0.331731 0.547436 0.325321 0.553205 0.352244 0.567308 0.357372 0.588462 0.345833 0.582051 0.326603 0.573077 0.302244 0.566667 0.283013 0.532692 0.271474 0.510897 0.285577 0.516667 0.326603
0 0.607692 0.426603 0.607692 0.452244 0.608974 0.477885 0.604487 0.504808 0.614103 0.511218 0.616026 0.553526 0.620513 0.594551 0.626923 0.593269 0.632692 0.552244 0.633974 0.503526 0.635897 0.477885 0.637821 0.45609 0.642949 0.445833 0.653205 0.447115 0.652564 0.41891 0.639103 0.413782 0.633333 0.413782 0.615385 0.421474 0.601282 0.421474
0 0.663462 0.424038 0.651923 0.465064 0.641026 0.483013 0.641026 0.50609 0.653846 0.491987 0.666667 0.484295 0.670513 0.454808 0.673718 0.421474
0 0.773077 0.4125 0.76859 0.416346 0.751923 0.417628 0.759615 0.435577 0.767949 0.449679 0.775641 0.430449
