0 0.750641 0.55609 0.736538 0.56891 0.726282 0.575321 0.712179 0.584295 0.704487 0.602244 0.699359 0.625321 0.697436 0.639423 0.692949 0.676603 0.692949 0.70609 0.695513 0.726603 0.710897 0.776603 0.725 0.780449 0.740385 0.779167 0.783333 0.758654 0.787821 0.729167 0.791026 0.66891 0.785256 0.622756 0.782692 0.588141 0.766026 0.565064
0 0.644231 0.165064 0.636538 0.172756 0.608333 0.190705 0.600641 0.204808 0.604487 0.222756 0.598718 0.234295 0.605128 0.259936 0.625 0.254808 0.632051 0.261218 0.641026 0.283013 0.644872 0.295833 0.667308 0.303526 0.675 0.303526 0.680128 0.291987 0.686538 0.270192 0.699359 0.2625 0.713462 0.249679 0.719872 0.231731 0.7 0.208654 0.688462 0.20609 0.679487 0.179167 0.663462 0.1625
0 0.465385 0.30609 0.453205 0.299679 0.440385 0.309936 0.423718 0.322756 0.405128 0.336859 0.396154 0.340705 0.395513 0.352244 0.397436 0.370192 0.408333 0.377885 0.410897 0.395833 0.424359 0.380449 0.435256 0.386859 0.446795 0.385577 0.469872 0.388141 0.490385 0.379167 0.491026 0.353526 0.491026 0.330449 0.486538 0.3125
0 0.153205 0.352244 0.141667 0.361218 0.141026 0.376603 0.137821 0.389423 0.132692 0.407372 0.134615 0.427885 0.146795 0.436859 0.158333 0.438141 0.176282 0.438141 0.185897 0.417628 0.194872 0.408654 0.2 0.386859 0.199359 0.374038 0.187821 0.363782 0.183333 0.349679 0.176282 0.344551 0.164744 0.344551
0 0.226282 0.416346 0.215385 0.41891 0.208333 0.443269 0.205128 0.452244 0.212821 0.467628 0.228846 0.485577 0.234615 0.493269 0.253205 0.479167 0.260897 0.486859 0.272436 0.491987 0.284615 0.491987 0.292949 0.491987 0.301282 0.472756 0.30641 0.449679 0.294231 0.435577 0.278846 0.440705 0.260897 0.427885 0.246154 0.408654 0.240385 0.434295
0 0.819872 0.350962 0.817949 0.393269 0.824359 0.403526 0.837179 0.41891 0.851282 0.434295 0.866667 0.443269 0.877564 0.449679 0.898718 0.439423 0.913462 0.426603 0.916026 0.409936 0.899359 0.391987 0.882692 0.386859 0.880769 0.3625 0.866026 0.379167 0.846795 0.384295 0.835256 0.374038
0 0.854487 0.467628 0.855769 0.500962 0.853846 0.527885 0.846795 0.540705 0.826282 0.557372 0.819872 0.572756 0.837179 0.577885 0.846154 0.575321 0.860897 0.570192 0.875 0.566346 0.883974 0.544551 0.890385 0.552244 0.903846 0.543269 0.910256 0.517628 0.887179 0.513782 0.876282 0.516346 0.871154 0.491987 0.875641 0.476603 0.869872 0.458654
0 0.667949 0.352244 0.664103 0.380449 0.667949 0.403526 0.658974 0.420192 0.652564 0.424038 0.650641 0.441987 0.646795 0.459936 0.650641 0.483013 0.648077 0.500962 0.652564 0.524038 0.657692 0.535577 0.680769 0.539423 0.69359 0.536859 0.712179 0.527885 0.727564 0.522756 0.738462 0.491987 0.739103 0.448397 0.726923 0.421474 0.727564 0.390705 0.719872 0.383013 0.701923 0.386859 0.683974 0.381731 0.682051 0.361218
0 0.116026 0.491987 0.115385 0.520192 0.115385 0.541987 0.099359 0.541987 0.089744 0.538141 0.082692 0.539423 0.077564 0.56891 0.086538 0.583013 0.088462 0.595833 0.098077 0.599679 0.103205 0.574038 0.11859 0.574038 0.123077 0.583013 0.14359 0.594551 0.158974 0.603526 0.177564 0.608654 0.187821 0.608654 0.192949 0.597115 0.185256 0.580449 0.167308 0.577885 0.158974 0.566346 0.154487 0.543269 0.146154 0.529167 0.133974 0.508654 0.130128 0.499679
0 0.478846 0.194551 0.458974 0.195833 0.446795 0.193269 0.435897 0.204808 0.430769 0.224038 0.453846 0.243269 0.473718 0.249679 0.496154 0.240705 0.507051 0.239423 0.512179 0.2125 0.494231 0.197115
0 0.796154 0.248397 0.790385 0.285577 0.788462 0.309936 0.8 0.327885 0.80641 0.335577 0.808333 0.31891 0.812179 0.297115 0.81859 0.294551 0.825 0.313782 0.832692 0.320192 0.842308 0.320192 0.850641 0.329167 0.85641 0.334295 0.851923 0.297115 0.846795 0.279167 0.850641 0.259936 0.851282 0.248397 0.827564 0.240705 0.814103 0.241987
