0 0.65732 0.306166 0.653801 0.349451 0.659431 0.388514 0.664358 0.425465 0.674916 0.457137 0.693215 0.507812 0.704476 0.537373 0.724184 0.501478 0.741075 0.522593 0.748114 0.542652 0.781898 0.548986 0.805828 0.557432 0.831869 0.508868 0.843131 0.479307 0.8375 0.444468 0.836796 0.406461 0.823423 0.436022 0.814977 0.45397 0.807235 0.46136 0.807939 0.436022 0.817793 0.40435 0.798789 0.424409 0.786824 0.437078 0.779082 0.442356 0.777675 0.425465 0.777675 0.402238 0.769932 0.387458 0.742483 0.364231 0.69603 0.314611
0 0.717849 0.550042 0.708699 0.558488 0.715034 0.585938 0.736852 0.609164 0.74741 0.628167 0.769229 0.607052 0.78049 0.584882 0.759375 0.569046 0.736149 0.570101
0 0.147044 0.51098 0.137894 0.534206 0.135783 0.559544 0.150563 0.572213 0.180124 0.569046 0.192089 0.563767 0.185755 0.536318 0.16464 0.520481
0 0.083699 0.467694 0.062584 0.487753 0.056954 0.494088 0.066104 0.517314 0.082292 0.529983 0.08933 0.507812 0.096368 0.481419 0.099184 0.46875
0 0.295552 0.440245 0.288514 0.458193 0.301182 0.469806 0.314555 0.47614 0.324409 0.475084 0.346931 0.452914 0.349747 0.424409 0.337782 0.427576 0.327224 0.447635 0.314555 0.455025 0.303998 0.446579
0 0.397607 0.409628 0.385642 0.437078 0.391273 0.450802 0.402534 0.451858 0.406757 0.437078 0.412387 0.41174
0 0.991639 0.41913 0.97545 0.420186 0.954336 0.42652 0.958559 0.442356 0.946593 0.450802 0.946593 0.474029 0.943074 0.486698 0.959966 0.479307 0.97897 0.464527 0.993046 0.457137 0.997973 0.445524
0 0.907883 0.387458 0.91281 0.407517 0.902252 0.42652 0.895214 0.440245 0.907883 0.450802 0.924775 0.438133 0.930405 0.410684 0.937444 0.386402 0.939555 0.358953 0.92759 0.375845
0 0.943074 0.524704 0.952928 0.558488 0.952928 0.574324 0.949409 0.600718 0.937444 0.607052 0.940259 0.622889 0.954336 0.623944 0.962782 0.605997 0.965597 0.578547 0.971931 0.548986 0.964893 0.526816 0.947297 0.515203
0 0.593975 0.450802 0.598198 0.46875 0.617905 0.460304 0.608052 0.447635
0 0.308221 0.499367 0.284291 0.51098 0.277956 0.524704 0.292033 0.536318 0.311036 0.541596 0.331447 0.542652 0.3596 0.548986 0.369454 0.527872 0.345524 0.512035 0.318778 0.500422
0 0.235023 0.535262 0.254026 0.544764 0.272325 0.558488 0.283587 0.566934 0.295552 0.573269 0.303998 0.5606 0.294144 0.547931 0.282883 0.536318 0.274437 0.524704 0.263176 0.524704 0.247691 0.524704 0.238542 0.52576
0 0.210389 0.487753 0.220946 0.502534 0.242061 0.507812 0.258953 0.509924 0.274437 0.489865 0.281475 0.469806 0.265991 0.465583 0.254026 0.475084 0.239949 0.481419 0.219538 0.482475
0 0.101999 0.529983 0.096368 0.554265 0.096368 0.577492 0.105518 0.598606 0.117483 0.602829 0.135079 0.58277 0.126633 0.5606 0.121002 0.538429 0.118187 0.521537 0.110445 0.519426
