0 0.586937 0.498311 0.571453 0.498311 0.560895 0.48353 0.553857 0.485642 0.554561 0.494088 0.540484 0.491976 0.523592 0.501478 0.516554 0.512035 0.507404 0.532095 0.515146 0.547931 0.529927 0.553209 0.553153 0.574324 0.56723 0.576436 0.586937 0.59016 0.60594 0.597551 0.619313 0.598606 0.631278 0.588049 0.628463 0.563767 0.627759 0.542652 0.629167 0.522593 0.620721 0.508868 0.617202 0.495144 0.602421 0.487753 0.594679 0.484586
0 0.841019 0.499367 0.825535 0.512035 0.817089 0.524704 0.826239 0.543708 0.85228 0.546875 0.87058 0.555321 0.879026 0.570101 0.895214 0.551098 0.901548 0.537373 0.910698 0.521537 0.920552 0.515203 0.892399 0.516258 0.882545 0.515203 0.868468 0.515203 0.8558 0.506757
0 0.646762 0.418074 0.634797 0.428632 0.627759 0.427576 0.622128 0.429688 0.622128 0.444468 0.635501 0.462416 0.641132 0.466639 0.655912 0.465583 0.667877 0.455025 0.662247 0.429688 0.656616 0.414907
0 0.537669 0.401182 0.528519 0.400127 0.51585 0.395904 0.503181 0.388514 0.497551 0.406461 0.507404 0.423353 0.522185 0.43391 0.538373 0.43391 0.545411 0.407517
0 0.144229 0.35473 0.141413 0.372677 0.141413 0.385346 0.134375 0.395904 0.127337 0.405405 0.132264 0.418074 0.142117 0.429688 0.160417 0.432855 0.183643 0.406461 0.171678 0.393792 0.166047 0.3769 0.162528 0.36212
0 0.125225 0.315667 0.129448 0.329392 0.130152 0.343117 0.120298 0.345228 0.120298 0.360008 0.118891 0.3769 0.115372 0.384291 0.101999 0.392736 0.095664 0.387458 0.095664 0.357897 0.09848 0.339949 0.109741 0.322002
0 0.077365 0.386402 0.071734 0.408573 0.068919 0.420186 0.068215 0.427576 0.075253 0.446579 0.082995 0.451858 0.095664 0.452914 0.104814 0.452914 0.111852 0.444468 0.111149 0.427576 0.103407 0.417019 0.092145 0.420186 0.088626 0.432855 0.083699 0.422297 0.083699 0.402238
0 0.239245 0.230152 0.22728 0.2481 0.249803 0.267103 0.249803 0.289274 0.251914 0.313556 0.249803 0.332559 0.26951 0.320946 0.277252 0.315667 0.295552 0.313556 0.301182 0.307221 0.301182 0.290329 0.289217 0.281883 0.280771 0.273438 0.277956 0.254434 0.282179 0.239654 0.266695 0.232264 0.249099 0.222762
0 0.627055 0.145693 0.616498 0.185811 0.611571 0.237542 0.610867 0.27766 0.617202 0.286106 0.634797 0.304054 0.639724 0.338894 0.655912 0.345228 0.663654 0.357897 0.665766 0.366343 0.698142 0.3769 0.717145 0.372677 0.734037 0.36951 0.74741 0.361064 0.766413 0.336782 0.775563 0.309333 0.779786 0.2481 0.762894 0.240709 0.752337 0.274493 0.739668 0.272382 0.729814 0.247044 0.72348 0.218539 0.718553 0.200591 0.698142 0.197424 0.689696 0.247044 0.686177 0.257601 0.68125 0.263936 0.667173 0.27027 0.660839 0.261824 0.662247 0.236486 0.678435 0.209037 0.679842 0.195312 0.679139 0.17103 0.66647 0.157306 0.641836 0.153083
0 0.882545 0.267103 0.886064 0.293497 0.886064 0.323057 0.88536 0.353674 0.881137 0.370566 0.864949 0.388514 0.866357 0.403294 0.875507 0.417019 0.887472 0.412796 0.901548 0.417019 0.905771 0.432855 0.925479 0.430743 0.936036 0.42652 0.950113 0.402238 0.939555 0.387458 0.930405 0.372677 0.931813 0.358953 0.943778 0.344172 0.955743 0.346284 0.963485 0.335726 0.964893 0.322002 0.959262 0.306166 0.941667 0.302998 0.930405 0.291385 0.923367 0.272382 0.917033 0.254434 0.910698 0.240709 0.893102 0.230152 0.87973 0.239654
0 0.781194 0.3769 0.78612 0.401182 0.787528 0.415963 0.803716 0.409628 0.811458 0.393792 0.8192 0.385346 0.822016 0.41913 0.82835 0.445524 0.839611 0.452914 0.852984 0.432855 0.860023 0.407517 0.850873 0.40435 0.847354 0.414907 0.839611 0.417019 0.836092 0.399071 0.838908 0.386402 0.838908 0.36951 0.829758 0.35473 0.825535 0.348395 0.810051 0.355785 0.805124 0.367399 0.792455 0.367399 0.788232 0.36951
0 0.292736 0.356841 0.280068 0.357897 0.272325 0.36951 0.271622 0.387458 0.270918 0.401182 0.288514 0.422297 0.292736 0.42652 0.30259 0.406461 0.305405 0.390625 0.310332 0.373733 0.314555 0.352618
0 0.895214 0.443412 0.893102 0.456081 0.893102 0.475084 0.900141 0.482475 0.91281 0.470861 0.91844 0.465583 0.917736 0.458193 0.908587 0.446579
0 0.967005 0.406461 0.958559 0.410684 0.953632 0.418074 0.953632 0.424409 0.953632 0.437078 0.965597 0.438133 0.973339 0.439189 0.97897 0.43391 0.973339 0.420186
0 0.180124 0.472973 0.173789 0.481419 0.166751 0.494088 0.16112 0.504645 0.153378 0.515203 0.145636 0.51837 0.140006 0.532095 0.147044 0.547931 0.166047 0.564823 0.182235 0.566934 0.199127 0.555321 0.208277 0.536318 0.198423 0.51837 0.204054 0.51098 0.1942 0.499367 0.192793 0.47614 0.195608 0.462416 0.200535 0.442356 0.19772 0.427576 0.192089 0.423353 0.182235 0.431799 0.178012 0.439189 0.166751 0.434966 0.15549 0.450802
0 0.105518 0.477196 0.094961 0.472973 0.081588 0.470861 0.07455 0.471917 0.073142 0.482475 0.082292 0.491976 0.078773 0.502534 0.085107 0.519426 0.095664 0.536318 0.104814 0.544764 0.118187 0.546875 0.132967 0.522593 0.133671 0.506757 0.130152 0.490921 0.136486 0.479307 0.135079 0.459248 0.124521 0.46136
0 0.045693 0.491976 0.04147 0.498311 0.03795 0.498311 0.030912 0.499367 0.035839 0.516258 0.03795 0.541596 0.048508 0.552154 0.068919 0.5606 0.087218 0.5606 0.078069 0.531039 0.068919 0.504645 0.066104 0.490921 0.057658 0.46875 0.055546 0.450802 0.052027 0.438133 0.040062 0.430743 0.035135 0.444468 0.040766 0.474029
0 0.035135 0.337838 0.033727 0.364231 0.040062 0.385346 0.055546 0.387458 0.07103 0.391681 0.082292 0.390625 0.08933 0.387458 0.097072 0.372677 0.085107 0.352618 0.078773 0.345228 0.077365 0.326225 0.063992 0.330448 0.050619 0.342061
0 0.463767 0.229096 0.455321 0.25549 0.44406 0.268159 0.440541 0.271326 0.436318 0.289274 0.460952 0.290329 0.471509 0.289274 0.479955 0.27766 0.478547 0.247044 0.472917 0.228041
0 0.411684 0.238598 0.391976 0.234375 0.389865 0.254434 0.390569 0.27766 0.417314 0.295608 0.422945 0.27766 0.419426 0.245988
