0 0.127337 0.276605 0.111149 0.282939 0.113964 0.300887 0.117483 0.307221 0.108333 0.31989 0.104814 0.326225 0.091441 0.329392 0.082995 0.339949 0.082995 0.353674 0.087218 0.365287 0.094257 0.388514 0.097072 0.414907 0.099184 0.443412 0.116075 0.472973 0.142821 0.459248 0.158305 0.443412 0.16464 0.423353 0.178012 0.409628 0.19772 0.417019 0.225873 0.41913 0.235023 0.432855 0.246284 0.417019 0.242061 0.398015 0.2308 0.381123 0.216723 0.365287 0.199127 0.345228 0.192089 0.325169 0.180124 0.309333 0.186458 0.306166 0.183643 0.287162 0.180124 0.261824 0.170974 0.237542 0.16464 0.27027 0.159009 0.287162 0.154786 0.298775 0.148452 0.299831 0.143525 0.292441 0.137894 0.279772
0 0.045693 0.259713 0.035839 0.273438 0.030912 0.29772 0.028097 0.317779 0.030912 0.343117 0.035135 0.35473 0.042877 0.364231 0.052731 0.367399 0.058361 0.386402 0.069623 0.383235 0.08018 0.360008 0.07455 0.34734 0.055546 0.349451 0.056954 0.328336 0.063992 0.326225 0.063992 0.311444 0.073142 0.298775 0.078069 0.282939 0.07455 0.266047 0.061881 0.260769
0 0.256841 0.30511 0.258953 0.322002 0.244172 0.324113 0.235023 0.328336 0.227984 0.346284 0.239245 0.371622 0.255434 0.388514 0.262472 0.393792 0.277252 0.385346 0.287106 0.370566 0.286402 0.352618 0.281475 0.316723 0.277956 0.302998 0.268102 0.30511
0 0.432095 0.264992 0.424352 0.293497 0.415907 0.313556 0.406757 0.351562 0.405349 0.367399 0.418018 0.385346 0.446171 0.396959 0.474324 0.408573 0.494032 0.408573 0.5067 0.383235 0.513739 0.360008 0.525 0.343117 0.541892 0.328336 0.523592 0.315667 0.504589 0.307221 0.495439 0.291385 0.484178 0.266047 0.457432 0.257601 0.443356 0.2481
0 0.701661 0.256546 0.681954 0.282939 0.675619 0.296664 0.660839 0.302998 0.646762 0.309333 0.631278 0.322002 0.630574 0.342061 0.640428 0.34734 0.631982 0.372677 0.636205 0.385346 0.659431 0.392736 0.6721 0.393792 0.679139 0.40435 0.686177 0.432855 0.697438 0.45397 0.719257 0.469806 0.741779 0.479307 0.768525 0.467694 0.759375 0.443412 0.735445 0.413851 0.724887 0.401182 0.715034 0.387458 0.717849 0.366343 0.734037 0.356841 0.743187 0.339949 0.750929 0.336782 0.760783 0.358953 0.777675 0.391681 0.788232 0.423353 0.795974 0.434966 0.829758 0.441301 0.852984 0.41913 0.838204 0.380068 0.812866 0.351562 0.785417 0.317779 0.779786 0.290329 0.762894 0.278716 0.730518 0.290329 0.724887 0.27027 0.713626 0.261824
0 0.356081 0.140414 0.366639 0.179476 0.391976 0.183699 0.400422 0.211149 0.432798 0.211149 0.480659 0.228041 0.520777 0.235431 0.579899 0.219595 0.605236 0.223818 0.627055 0.221706 0.655208 0.194257 0.677027 0.154139 0.642539 0.131968 0.588345 0.126689 0.568637 0.122466 0.549634 0.161529 0.53415 0.169975 0.521481 0.160473 0.498255 0.123522 0.464471 0.12141 0.429983 0.126689 0.409572 0.126689 0.390569 0.126689
0 0.972635 0.301943 0.961374 0.309333 0.957855 0.326225 0.964189 0.334671 0.967005 0.350507 0.95152 0.35473 0.949409 0.364231 0.967708 0.388514 0.988119 0.391681 0.995158 0.387458 0.999381 0.35473 0.996565 0.307221 0.981785 0.29772 0.971931 0.290329
0 0.897325 0.26288 0.895214 0.276605 0.888176 0.278716 0.886064 0.289274 0.900845 0.302998 0.913514 0.313556 0.919144 0.313556 0.90366 0.285051 0.910698 0.271326 0.908587 0.256546
0 0.596087 0.32728 0.589752 0.331503 0.579899 0.333615 0.570749 0.333615 0.560191 0.339949 0.563007 0.355785 0.574972 0.367399 0.584825 0.360008 0.598902 0.35473 0.608052 0.351562 0.607348 0.358953 0.597494 0.370566 0.606644 0.392736 0.622832 0.392736 0.627055 0.351562 0.621425 0.337838 0.610867 0.330448
0 0.361712 0.309333 0.346931 0.311444 0.342005 0.310389 0.33567 0.307221 0.325113 0.318834 0.321593 0.329392 0.310332 0.337838 0.308925 0.346284 0.32652 0.352618 0.333559 0.366343 0.343412 0.379012 0.363823 0.382179 0.358896 0.36212 0.355377 0.348395 0.358896 0.344172 0.365231 0.357897 0.373677 0.34734 0.377196 0.335726 0.382827 0.317779 0.382827 0.308277
