0 0.634093 0.379012 0.624944 0.388514 0.627759 0.414907 0.631982 0.430743 0.640428 0.446579 0.658024 0.446579 0.675619 0.425465 0.680546 0.399071 0.6721 0.384291 0.655208 0.382179 0.643243 0.382179
0 0.644651 0.176309 0.630574 0.195312 0.608756 0.211149 0.601717 0.228041 0.589752 0.240709 0.579195 0.256546 0.569341 0.269215 0.57286 0.288218 0.592568 0.290329 0.596087 0.293497 0.612275 0.27766 0.624944 0.257601 0.635501 0.250211 0.64817 0.264992 0.652393 0.259713 0.646762 0.224873 0.653097 0.210093 0.658727 0.193201 0.655208 0.177365
0 0.673508 0.217483 0.656616 0.226985 0.655208 0.243877 0.661543 0.261824 0.667877 0.264992 0.660839 0.285051 0.659431 0.302998 0.66647 0.323057 0.680546 0.296664 0.687584 0.293497 0.695327 0.324113 0.697438 0.343117 0.703773 0.350507 0.719257 0.352618 0.728407 0.326225 0.712922 0.302998 0.706588 0.273438 0.703069 0.245988 0.700253 0.224873 0.683361 0.217483
0 0.968412 0.19848 0.943778 0.210093 0.926886 0.22065 0.90366 0.225929 0.889583 0.240709 0.898733 0.253378 0.902956 0.264992 0.901548 0.285051 0.901548 0.299831 0.900845 0.314611 0.899437 0.337838 0.910698 0.332559 0.923367 0.343117 0.936036 0.346284 0.934628 0.358953 0.938148 0.372677 0.954336 0.375845 0.970524 0.382179 0.990231 0.379012 0.992342 0.332559 0.991639 0.3125 0.992342 0.278716 0.983193 0.256546 0.981081 0.231208 0.980377 0.209037
0 0.279364 0.391681 0.262472 0.383235 0.250507 0.389569 0.251914 0.413851 0.263176 0.43391 0.271622 0.444468 0.283587 0.439189 0.300479 0.414907 0.321593 0.408573 0.323705 0.386402 0.306109 0.384291
0 0.001351 0.34734 0.016836 0.346284 0.027393 0.34734 0.035135 0.348395 0.040766 0.336782 0.046396 0.32728 0.05625 0.331503 0.061881 0.338894 0.073142 0.337838 0.085107 0.339949 0.097072 0.348395 0.104814 0.356841 0.085107 0.357897 0.08018 0.371622 0.094961 0.383235 0.10411 0.377956 0.111852 0.380068 0.123818 0.414907 0.128041 0.430743 0.132264 0.449747 0.119595 0.467694 0.082292 0.469806 0.059769 0.447635 0.044285 0.443412 0.015428 0.456081 0.020355 0.479307 0.023874 0.504645 0.016132 0.536318 0.002759 0.553209
0 0.534854 0.290329 0.527111 0.300887 0.525704 0.306166 0.515146 0.32728 0.511627 0.339949 0.523592 0.342061 0.546819 0.328336 0.552449 0.311444 0.558784 0.292441
0 0.469398 0.26288 0.455321 0.267103 0.450394 0.282939 0.446875 0.299831 0.456025 0.304054 0.469398 0.29772 0.481363 0.289274 0.479251 0.269215
0 0.820608 0.224873 0.816385 0.242821 0.814977 0.267103 0.814274 0.289274 0.834685 0.271326 0.851577 0.261824 0.831166 0.251267 0.832573 0.224873
0 0.855096 0.279772 0.842427 0.294552 0.827646 0.3125 0.838204 0.325169 0.844538 0.330448 0.838908 0.34734 0.8375 0.366343 0.86143 0.365287 0.872691 0.357897 0.869876 0.342061 0.874099 0.331503 0.890287 0.324113 0.88536 0.31989 0.877618 0.301943 0.863542 0.299831
0 0.174493 0.395904 0.177309 0.423353 0.192793 0.427576 0.208277 0.407517 0.218834 0.398015 0.207573 0.390625 0.193497 0.393792 0.185051 0.387458
