0 0.980377 0.385346 0.959262 0.387458 0.948705 0.400127 0.943074 0.428632 0.940963 0.446579 0.950113 0.451858 0.966301 0.451858 0.995861 0.451858 0.997973 0.415963 0.989527 0.403294 0.988119 0.384291
0 0.943074 0.456081 0.938851 0.462416 0.933925 0.477196 0.926182 0.501478 0.926182 0.521537 0.922663 0.541596 0.921256 0.573269 0.928998 0.578547 0.944482 0.573269 0.963485 0.561655 0.974043 0.591216 0.986008 0.599662 0.991639 0.604941 0.997917 0.60625 0.997269 0.464527
0 0.41098 0.31989 0.414499 0.349451 0.424352 0.350507 0.432798 0.341005 0.440541 0.339949 0.441948 0.358953 0.441948 0.367399 0.431391 0.360008 0.419426 0.364231 0.419426 0.387458 0.427872 0.400127 0.432798 0.412796 0.427872 0.434966 0.448283 0.438133 0.469398 0.422297 0.481363 0.424409 0.493328 0.447635 0.502477 0.463471 0.525 0.467694 0.536965 0.458193 0.536261 0.441301 0.521481 0.41174 0.535557 0.414907 0.546115 0.423353 0.549634 0.448691 0.560895 0.449747 0.568637 0.458193 0.582714 0.477196 0.592568 0.477196 0.596791 0.457137 0.596791 0.43391 0.589752 0.40435 0.584825 0.380068 0.570045 0.375845 0.559488 0.3769 0.547523 0.358953 0.536965 0.351562 0.522185 0.34734 0.503181 0.335726 0.485586 0.326225 0.46799 0.315667 0.436318 0.30511 0.41661 0.310389
0 0.32089 0.607052 0.30259 0.630279 0.289921 0.634502 0.275845 0.63978 0.265991 0.660895 0.255434 0.670397 0.234319 0.680954 0.22165 0.691512 0.218131 0.703125 0.255434 0.718961 0.273733 0.717905 0.289217 0.699958 0.305405 0.68201 0.32089 0.65984 0.337078 0.631334 0.339189 0.605997
0 0.162528 0.506757 0.157601 0.519426 0.157601 0.532095 0.16112 0.553209 0.16464 0.5606 0.171678 0.578547 0.184347 0.58277 0.198423 0.58277 0.204758 0.580659 0.189274 0.563767 0.17942 0.547931 0.181532 0.528927 0.176605 0.514147
0 0.395495 0.383235 0.387753 0.400127 0.38705 0.42652 0.39268 0.439189 0.404645 0.452914 0.419426 0.452914 0.430687 0.451858 0.435614 0.440245 0.424352 0.428632 0.408164 0.431799 0.403941 0.429688 0.403941 0.41913 0.402534 0.389569
0 0.444764 0.45397 0.434206 0.455025 0.437725 0.469806 0.441948 0.482475 0.444764 0.499367 0.456025 0.522593 0.470101 0.540541 0.482066 0.543708 0.492624 0.544764 0.504589 0.550042 0.520073 0.555321 0.51022 0.537373 0.504589 0.524704 0.507404 0.498311 0.507404 0.485642 0.493328 0.478252 0.47714 0.469806 0.460248 0.46136
0 0.589752 0.487753 0.591864 0.509924 0.577083 0.509924 0.565118 0.51098 0.560895 0.529983 0.560895 0.544764 0.553153 0.553209 0.571453 0.570101 0.580602 0.571157 0.588345 0.547931 0.592568 0.538429 0.601014 0.53315 0.612275 0.52576 0.609459 0.512035 0.603125 0.497255 0.598902 0.482475
0 0.289217 0.45397 0.289217 0.467694 0.304702 0.47614 0.315259 0.484586 0.328632 0.481419 0.316667 0.467694 0.298367 0.456081
0 0.222354 0.53315 0.222354 0.546875 0.218834 0.5606 0.218834 0.570101 0.235023 0.578547 0.251211 0.576436 0.261768 0.574324 0.272325 0.56799 0.264583 0.546875 0.251211 0.535262 0.240653 0.53315 0.231503 0.531039
