0 0.118891 0.322002 0.113964 0.334671 0.118891 0.350507 0.120298 0.355785 0.13156 0.364231 0.145636 0.371622 0.153378 0.374789 0.168159 0.3769 0.182939 0.357897 0.182235 0.346284 0.163232 0.344172 0.149859 0.331503 0.135079 0.326225 0.13156 0.325169
0 0.0471 0.272382 0.042173 0.278716 0.035135 0.293497 0.03232 0.304054 0.040062 0.330448 0.046396 0.338894 0.053435 0.335726 0.067511 0.329392 0.07103 0.32728 0.080884 0.325169 0.099184 0.31989 0.106222 0.311444 0.095664 0.301943 0.085811 0.301943 0.073846 0.299831 0.067511 0.293497 0.063992 0.272382 0.063992 0.267103
0 0.003463 0.210093 0.00487 0.228041 0.016836 0.240709 0.010501 0.244932 0.009797 0.264992 0.017539 0.280828 0.025282 0.252323 0.030208 0.238598 0.044989 0.250211 0.049212 0.25549 0.0654 0.251267 0.068215 0.236486 0.061177 0.226985 0.046396 0.215372 0.036543 0.201647 0.025282 0.19109 0.015428 0.203758 0.010501 0.20587
0 0.337078 0.176309 0.321593 0.188978 0.325113 0.244932 0.347635 0.2481 0.372973 0.241765 0.376492 0.233319 0.371565 0.22065 0.363823 0.193201
0 0.692511 0.345228 0.689696 0.355785 0.685473 0.365287 0.667877 0.370566 0.652393 0.379012 0.64817 0.389569 0.647466 0.395904 0.636909 0.412796 0.634797 0.440245 0.638316 0.457137 0.64817 0.475084 0.655208 0.484586 0.663654 0.490921 0.677027 0.493032 0.693215 0.470861 0.70518 0.448691 0.713626 0.431799 0.713626 0.403294 0.709403 0.371622 0.707292 0.351562
0 0.785417 0.291385 0.777675 0.314611 0.768525 0.32728 0.760079 0.331503 0.750225 0.361064 0.760079 0.377956 0.795974 0.393792 0.812162 0.40435 0.831166 0.410684 0.857207 0.403294 0.858615 0.367399 0.848057 0.345228 0.841723 0.334671 0.874803 0.336782 0.890287 0.324113 0.899437 0.314611 0.893806 0.294552 0.893102 0.272382 0.900141 0.2481 0.900141 0.225929 0.896622 0.206926 0.895214 0.194257 0.875507 0.190034 0.841723 0.210093 0.834685 0.224873 0.832573 0.256546 0.832573 0.263936 0.832573 0.279772 0.832573 0.29772 0.830462 0.30511 0.817793 0.314611 0.809347 0.314611 0.793863 0.292441
0 0.966301 0.202703 0.943778 0.209037 0.931109 0.240709 0.917033 0.251267 0.914921 0.261824 0.928294 0.27027 0.93674 0.264992 0.950816 0.258657 0.965597 0.267103 0.9846 0.237542 0.983896 0.22065 0.976858 0.203758
0 0.914217 0.263936 0.905771 0.275549 0.902956 0.289274 0.921256 0.307221 0.936036 0.339949 0.944482 0.351562 0.959966 0.363176 0.981081 0.342061 0.988119 0.322002 0.986008 0.295608 0.965597 0.290329 0.946593 0.294552 0.930405 0.283995 0.921256 0.272382
0 0.48277 0.314611 0.477843 0.329392 0.474324 0.344172 0.480659 0.357897 0.49192 0.348395 0.492624 0.330448
0 0.537669 0.36212 0.526408 0.368454 0.522889 0.364231 0.508812 0.365287 0.514443 0.388514 0.53415 0.380068 0.546819 0.374789 0.544003 0.368454
0 0.308925 0.334671 0.307517 0.358953 0.307517 0.375845 0.315963 0.382179 0.324409 0.357897 0.323001 0.337838
0 0.256841 0.352618 0.244172 0.36951 0.240653 0.385346 0.251211 0.402238 0.270918 0.389569 0.264583 0.360008
0 0.300479 0.201647 0.282883 0.217483 0.283587 0.240709 0.282883 0.258657 0.295552 0.261824 0.305405 0.238598 0.308925 0.235431 0.315259 0.232264 0.320186 0.209037 0.31174 0.201647
0 0.503885 0.294552 0.486289 0.299831 0.491216 0.311444 0.50107 0.311444 0.511627 0.306166
0 0.521481 0.304054 0.51022 0.316723 0.513739 0.337838 0.519369 0.343117 0.524296 0.34734 0.536965 0.339949 0.537669 0.320946 0.533446 0.306166
0 0.577083 0.254434 0.588345 0.268159 0.602421 0.27027 0.608756 0.27027 0.61509 0.263936 0.608756 0.25549 0.599606 0.253378 0.596087 0.244932 0.582714 0.225929
0 0.354673 0.271326 0.347635 0.271326 0.349747 0.293497 0.361712 0.299831 0.363119 0.307221 0.353266 0.309333 0.364527 0.329392 0.372973 0.328336 0.382123 0.302998 0.393384 0.291385 0.380011 0.283995 0.366639 0.282939
