0 0.656616 0.479307 0.635501 0.48353 0.626351 0.495144 0.622128 0.50359 0.620721 0.51837 0.622128 0.528927 0.63902 0.571157 0.66647 0.597551 0.6904 0.625 0.700957 0.631334 0.715738 0.614443 0.725591 0.592272 0.734741 0.574324 0.753041 0.552154 0.754448 0.523649 0.746706 0.499367 0.737556 0.481419 0.734741 0.46136 0.719961 0.451858 0.701661 0.455025 0.683361 0.467694 0.66295 0.470861
0 0.551042 0.430743 0.555265 0.465583 0.555265 0.488809 0.550338 0.50359 0.550338 0.512035 0.565118 0.515203 0.579195 0.512035 0.582714 0.522593 0.586937 0.523649 0.594679 0.504645 0.584825 0.498311 0.578491 0.482475 0.584122 0.464527 0.586233 0.449747 0.572157 0.43391 0.567934 0.421242
0 0.614386 0.366343 0.60594 0.388514 0.60594 0.414907 0.603829 0.427576 0.607348 0.450802 0.618609 0.455025 0.632686 0.447635 0.645355 0.438133 0.661543 0.441301 0.658024 0.459248 0.6721 0.463471 0.696734 0.457137 0.712922 0.451858 0.725591 0.444468 0.725591 0.424409 0.715034 0.406461 0.710107 0.380068 0.69603 0.366343 0.673508 0.352618 0.652393 0.35473 0.641836 0.36212
0 0.436318 0.413851 0.415907 0.432855 0.397607 0.469806 0.393384 0.484586 0.400422 0.507812 0.407461 0.521537 0.415907 0.528927 0.429279 0.531039 0.441244 0.536318 0.452506 0.542652 0.465878 0.543708 0.479251 0.536318 0.487697 0.522593 0.486993 0.493032 0.481363 0.481419 0.472917 0.463471 0.467286 0.450802 0.463063 0.424409 0.460952 0.41174
0 0.348339 0.396959 0.33567 0.430743 0.327224 0.456081 0.324409 0.481419 0.32089 0.515203 0.319482 0.534206 0.324409 0.557432 0.332151 0.581715 0.342005 0.591216 0.362416 0.585938 0.382123 0.573269 0.393384 0.562711 0.390569 0.536318 0.389161 0.515203 0.382123 0.482475 0.3779 0.455025 0.362416 0.394848
0 0.913514 0.515203 0.906475 0.524704 0.87973 0.529983 0.86143 0.53315 0.831869 0.535262 0.81357 0.551098 0.799493 0.586993 0.794566 0.620777 0.821312 0.68201 0.845242 0.684122 0.843131 0.637669 0.869172 0.591216 0.881137 0.558488 0.895918 0.545819 0.914217 0.551098 0.933221 0.563767 0.945186 0.548986 0.935332 0.531039
0 0.884657 0.467694 0.878322 0.475084 0.873395 0.487753 0.873395 0.500422 0.87973 0.515203 0.893102 0.508868 0.898733 0.487753 0.897325 0.47614
0 0.969116 0.480363 0.966301 0.498311 0.974747 0.508868 0.982489 0.522593 0.989527 0.531039 0.997269 0.526816 0.995861 0.499367 0.9846 0.488809
0 0.874099 0.398015 0.856503 0.417019 0.845946 0.427576 0.857207 0.446579 0.87058 0.444468 0.880434 0.436022 0.886064 0.42652 0.891695 0.414907 0.884657 0.395904
0 0.512331 0.394848 0.502477 0.41174 0.493328 0.431799 0.488401 0.443412 0.489105 0.46136 0.503181 0.47614 0.523592 0.489865 0.53415 0.486698 0.536965 0.459248 0.537669 0.441301 0.542596 0.41913 0.544707 0.398015 0.522889 0.392736
0 0.521481 0.51098 0.516554 0.515203 0.508108 0.516258 0.503885 0.508868 0.50107 0.528927 0.509516 0.538429 0.518666 0.544764 0.534854 0.546875 0.541892 0.532095 0.53978 0.523649
0 0.76219 0.413851 0.76219 0.42652 0.748114 0.431799 0.74741 0.449747 0.754448 0.465583 0.764302 0.465583 0.772044 0.441301 0.772748 0.425465
0 0.774859 0.462416 0.764302 0.478252 0.758671 0.493032 0.781194 0.505701 0.793159 0.51098 0.802309 0.494088 0.805124 0.475084 0.801605 0.465583 0.783305 0.463471
0 0.480659 0.282939 0.472917 0.301943 0.465878 0.330448 0.472213 0.358953 0.481363 0.370566 0.498958 0.375845 0.513739 0.375845 0.525704 0.350507 0.538373 0.326225 0.533446 0.294552 0.520073 0.281883 0.50107 0.273438
0 0.171678 0.366343 0.166751 0.402238 0.171678 0.439189 0.178716 0.459248 0.180828 0.478252 0.177309 0.496199 0.18857 0.51837 0.207573 0.512035 0.197016 0.531039 0.199831 0.543708 0.213204 0.548986 0.231503 0.543708 0.244172 0.558488 0.268806 0.552154 0.27866 0.542652 0.280068 0.515203 0.267399 0.484586 0.259657 0.456081 0.258249 0.425465 0.255434 0.40435 0.242765 0.379012 0.208277 0.350507 0.198423 0.328336
0 0.105518 0.517314 0.097776 0.513091 0.086515 0.513091 0.080884 0.514147 0.080884 0.523649 0.090034 0.536318 0.090034 0.545819 0.101295 0.546875 0.110445 0.547931 0.123818 0.541596 0.111852 0.52576
0 0.154082 0.532095 0.144932 0.539485 0.134375 0.548986 0.123818 0.5606 0.119595 0.572213 0.125929 0.586993 0.147044 0.593328 0.156898 0.58277 0.161824 0.5606 0.172382 0.558488 0.185051 0.579603 0.202646 0.580659 0.211092 0.56799 0.202646 0.548986 0.189274 0.534206 0.178012 0.524704 0.167455 0.521537
0 0.069623 0.413851 0.075253 0.443412 0.082292 0.452914 0.097776 0.449747 0.090738 0.425465 0.081588 0.40435 0.07103 0.396959
0 0.51585 0.550042 0.513035 0.566934 0.509516 0.58277 0.515146 0.589105 0.532742 0.58277 0.5433 0.572213 0.540484 0.559544 0.53415 0.550042
