0 0.26036 0.329392 0.239949 0.341005 0.220946 0.352618 0.195608 0.374789 0.184347 0.383235 0.177309 0.394848 0.201239 0.422297 0.231503 0.438133 0.26036 0.449747 0.273733 0.377956 0.281475 0.367399 0.286402 0.343117 0.277956 0.334671
0 0.087218 0.228041 0.07455 0.241765 0.061177 0.245988 0.046396 0.259713 0.040062 0.269215 0.039358 0.287162 0.039358 0.30511 0.037247 0.326225 0.039358 0.34734 0.047804 0.35473 0.061177 0.361064 0.079476 0.360008 0.093553 0.361064 0.104814 0.35473 0.103407 0.320946 0.106222 0.299831 0.119595 0.295608 0.126633 0.279772 0.126633 0.261824 0.113964 0.244932 0.104814 0.236486 0.094961 0.230152
0 0.03232 0.119299 0.025985 0.145693 0.02317 0.176309 0.035839 0.197424 0.045693 0.210093 0.051323 0.233319 0.058361 0.235431 0.063992 0.22065 0.063992 0.19848 0.075253 0.180532 0.085811 0.167863 0.093553 0.174198 0.11326 0.192145 0.115372 0.218539 0.115372 0.231208 0.128744 0.229096 0.139302 0.231208 0.130856 0.242821 0.129448 0.251267 0.141413 0.268159 0.163936 0.276605 0.175197 0.281883 0.189274 0.258657 0.194904 0.229096 0.19772 0.219595 0.223761 0.232264 0.242061 0.231208 0.261064 0.221706 0.270214 0.195312 0.268102 0.153083 0.252618 0.130912 0.2125 0.118243 0.14634 0.110853 0.103407 0.09185 0.07455 0.086571 0.042173 0.09185
0 0.489809 0.128801 0.472213 0.166807 0.465878 0.179476 0.436318 0.202703 0.436318 0.237542 0.441244 0.25549 0.450394 0.27766 0.465175 0.27766 0.48277 0.274493 0.50107 0.27766 0.513739 0.27027 0.505293 0.240709 0.507404 0.224873 0.53415 0.222762 0.544707 0.222762 0.556672 0.199535 0.54893 0.180532 0.529223 0.172086 0.526408 0.146748 0.513739 0.125633
0 0.552449 0.234375 0.550338 0.249155 0.530631 0.2481 0.522185 0.251267 0.523592 0.26288 0.529927 0.27027 0.539077 0.27766 0.529927 0.285051 0.518666 0.286106 0.512331 0.301943 0.522185 0.311444 0.503181 0.323057 0.488401 0.311444 0.488401 0.333615 0.495439 0.349451 0.515146 0.345228 0.535557 0.345228 0.556672 0.323057 0.556672 0.304054 0.574972 0.302998 0.574972 0.323057 0.575676 0.335726 0.583418 0.344172 0.568637 0.355785 0.544003 0.372677 0.518666 0.381123 0.499662 0.384291 0.496143 0.389569 0.517962 0.410684 0.531334 0.41913 0.563711 0.417019 0.589048 0.403294 0.626351 0.403294 0.644651 0.399071 0.665062 0.381123 0.671396 0.361064 0.684769 0.344172 0.691104 0.318834 0.687584 0.295608 0.679842 0.279772 0.682658 0.261824 0.698846 0.256546 0.709403 0.229096 0.705884 0.195312 0.688288 0.177365 0.669989 0.168919 0.663654 0.194257 0.648874 0.235431 0.637613 0.244932 0.643243 0.269215 0.621425 0.279772 0.616498 0.254434 0.591864 0.237542 0.585529 0.250211 0.579899 0.250211 0.562303 0.239654
0 0.857911 0.209037 0.841019 0.238598 0.840315 0.261824 0.862838 0.253378 0.879026 0.240709 0.874803 0.211149
0 0.81357 0.275549 0.791751 0.276605 0.792455 0.302998 0.807235 0.318834 0.825535 0.329392 0.842427 0.332559 0.860726 0.32728 0.864245 0.309333 0.860023 0.294552 0.848761 0.278716 0.844538 0.287162 0.838908 0.301943 0.826943 0.299831 0.818497 0.290329
0 0.736149 0.216427 0.740372 0.2481 0.752337 0.264992 0.768525 0.274493 0.774859 0.250211 0.765709 0.239654 0.751633 0.221706
0 0.3779 0.272382 0.375084 0.281883 0.368046 0.285051 0.374381 0.314611 0.385642 0.331503 0.396199 0.309333 0.394792 0.288218 0.391976 0.263936
0 0.917736 0.119299 0.902956 0.155194 0.923367 0.188978 0.955039 0.19109 0.973339 0.202703 0.988823 0.207981 0.997269 0.209037 0.996565 0.116132 0.992342 0.098184 0.968412 0.093961 0.945186 0.085515 0.926886 0.098184
