0 0.696734 0.45397 0.685473 0.452914 0.688288 0.464527 0.710107 0.477196 0.737556 0.487753 0.757967 0.495144 0.766413 0.508868 0.769932 0.529983 0.78612 0.528927 0.808643 0.529983 0.824127 0.542652 0.826943 0.561655 0.831166 0.589105 0.845242 0.604941 0.868468 0.592272 0.876211 0.579603 0.880434 0.551098 0.87973 0.531039 0.859319 0.523649 0.843131 0.508868 0.825535 0.497255 0.814274 0.486698 0.808643 0.466639 0.800901 0.477196 0.790343 0.46875 0.779082 0.452914 0.773452 0.463471 0.779082 0.486698 0.768525 0.474029 0.755856 0.466639 0.736852 0.463471 0.720664 0.466639 0.712922 0.452914 0.707995 0.449747
0 0.66295 0.458193 0.649578 0.478252 0.655208 0.496199 0.674212 0.501478 0.672804 0.470861
0 0.931813 0.623944 0.904364 0.653505 0.872691 0.673564 0.86143 0.704181 0.867765 0.74641 0.876211 0.765414 0.893102 0.780194 0.917736 0.760135 0.943074 0.702069 0.955743 0.654561 0.958559 0.625 0.938851 0.623944
0 0.930405 0.414907 0.921256 0.446579 0.931109 0.465583 0.947297 0.474029 0.955039 0.443412 0.969116 0.423353 0.964893 0.406461
0 0.484882 0.487753 0.47714 0.498311 0.466582 0.484586 0.456025 0.490921 0.454617 0.507812 0.459544 0.519426 0.475028 0.523649 0.486993 0.506757
0 0.334966 0.514147 0.327928 0.520481 0.319482 0.516258 0.320186 0.53315 0.322297 0.547931 0.337782 0.552154 0.348339 0.532095 0.351858 0.507812 0.342708 0.517314
0 0.000648 0.42652 0.011909 0.428632 0.025282 0.442356 0.035839 0.429688 0.039358 0.45397 0.033727 0.464527 0.018243 0.474029 0.001351 0.490921
0 0.057658 0.42652 0.04147 0.431799 0.04147 0.445524 0.046396 0.469806 0.051323 0.480363 0.068215 0.465583 0.076661 0.467694 0.090034 0.450802 0.090034 0.440245 0.078773 0.432855 0.076661 0.414907 0.07103 0.408573
0 0.01402 0.502534 0.026689 0.508868 0.033024 0.522593 0.040766 0.535262 0.061881 0.535262 0.070327 0.547931 0.072438 0.565878 0.068919 0.584882 0.040766 0.600718 0.019651 0.619721 0.006278 0.638725 0.001351 0.630279 0.001351 0.552154 0.000648 0.537373 0.002759 0.500422
0 0.191385 0.589105 0.185051 0.612331 0.195608 0.638725 0.209685 0.657728 0.216019 0.664062 0.246988 0.638725 0.255434 0.627111 0.239245 0.607052 0.210389 0.602829
0 0.180124 0.548986 0.178012 0.569046 0.19772 0.573269 0.214611 0.578547 0.224465 0.581715 0.22728 0.563767 0.216723 0.553209 0.201239 0.547931 0.187866 0.547931
0 0.201943 0.421242 0.199127 0.45397 0.2125 0.464527 0.220242 0.494088 0.238542 0.498311 0.256137 0.500422 0.271622 0.496199 0.28781 0.475084 0.266695 0.469806 0.246988 0.481419 0.237134 0.478252 0.237838 0.455025 0.2308 0.445524 0.218834 0.434966 0.211796 0.427576
0 0.139302 0.517314 0.135783 0.529983 0.144229 0.559544 0.149155 0.573269 0.163936 0.573269 0.167455 0.565878 0.156898 0.550042 0.16112 0.532095
0 0.5433 0.459248 0.521481 0.459248 0.513739 0.485642 0.522889 0.499367 0.539077 0.508868 0.54893 0.499367 0.560895 0.500422 0.561599 0.489865 0.551042 0.464527
0 0.50107 0.566934 0.492624 0.583826 0.490512 0.600718 0.490512 0.630279 0.503885 0.646115 0.517962 0.631334 0.51585 0.597551 0.529223 0.593328 0.542596 0.583826 0.537669 0.564823 0.524296 0.56799
