0 0.557376 0.374789 0.546115 0.398015 0.544003 0.407517 0.537669 0.432855 0.546115 0.445524 0.553857 0.460304 0.568637 0.469806 0.584825 0.479307 0.597494 0.48353 0.601717 0.464527 0.596087 0.436022 0.589048 0.415963 0.586233 0.399071 0.578491 0.382179 0.570749 0.371622
0 0.625648 0.462416 0.616498 0.478252 0.615794 0.496199 0.62424 0.508868 0.634797 0.516258 0.646762 0.516258 0.648874 0.494088 0.649578 0.477196 0.631982 0.469806
0 0.722776 0.406461 0.707995 0.425465 0.707995 0.449747 0.717849 0.463471 0.731222 0.463471 0.743187 0.456081 0.746002 0.430743 0.742483 0.41174
0 0.750929 0.447635 0.749521 0.471917 0.753041 0.485642 0.748818 0.495144 0.736149 0.501478 0.72348 0.516258 0.716441 0.52576 0.719257 0.543708 0.722776 0.556377 0.736149 0.557432 0.74741 0.546875 0.769932 0.538429 0.784009 0.537373 0.798789 0.524704 0.808643 0.516258 0.814274 0.502534 0.799493 0.496199 0.800197 0.478252 0.786824 0.471917 0.776267 0.472973 0.774859 0.465583 0.764302 0.457137
0 0.562303 0.514147 0.544707 0.513091 0.529927 0.515203 0.516554 0.514147 0.496847 0.512035 0.484178 0.512035 0.470805 0.517314 0.451098 0.532095 0.432095 0.534206 0.427872 0.56799 0.425056 0.59016 0.421537 0.61022 0.426464 0.626056 0.448986 0.633446 0.457432 0.665118 0.476436 0.678843 0.496143 0.683066 0.528519 0.675676 0.546819 0.66723 0.55808 0.640836 0.560191 0.61022 0.572157 0.588049 0.571453 0.5606 0.558784 0.551098 0.556672 0.540541 0.563711 0.527872
0 0.190681 0.633446 0.163936 0.642948 0.152675 0.650338 0.147044 0.676731 0.153378 0.707348 0.159713 0.730574 0.178716 0.714738 0.198423 0.68201 0.206166 0.650338 0.206166 0.626056
0 0.916329 0.422297 0.916329 0.432855 0.908587 0.447635 0.895918 0.462416 0.895214 0.472973 0.911402 0.475084 0.921959 0.479307 0.937444 0.475084 0.949409 0.484586 0.955743 0.499367 0.963485 0.502534 0.97545 0.497255 0.986008 0.499367 0.995158 0.493032 0.99375 0.480363 0.985304 0.471917 0.973339 0.465583 0.963485 0.467694 0.955743 0.464527 0.950113 0.455025 0.950816 0.437078 0.955039 0.42652 0.947297 0.420186 0.937444 0.428632 0.933925 0.428632
0 0.486993 0.457137 0.478547 0.463471 0.48277 0.481419 0.493328 0.493032 0.487697 0.506757 0.496847 0.513091 0.511627 0.507812 0.519369 0.505701 0.526408 0.499367 0.527815 0.475084 0.528519 0.466639 0.526408 0.452914 0.520777 0.442356 0.505997 0.442356
0 0.130856 0.524704 0.130152 0.531039 0.120298 0.532095 0.114668 0.536318 0.129448 0.546875 0.129448 0.574324 0.129448 0.589105 0.138598 0.588049 0.143525 0.569046 0.151267 0.551098 0.152675 0.538429 0.151267 0.528927 0.143525 0.521537
0 0.388457 0.553209 0.387753 0.57538 0.385642 0.59016 0.39268 0.599662 0.406053 0.599662 0.418018 0.588049 0.41661 0.571157 0.396903 0.557432
0 0.3596 0.546875 0.348339 0.551098 0.346227 0.564823 0.345524 0.580659 0.355377 0.585938 0.370861 0.585938 0.376492 0.573269
0 0.361712 0.439189 0.361712 0.459248 0.358896 0.469806 0.349747 0.47614 0.34482 0.491976 0.341301 0.515203 0.345524 0.52576 0.357489 0.515203 0.372269 0.513091 0.380011 0.514147 0.391976 0.527872 0.401126 0.535262 0.407461 0.537373 0.417314 0.534206 0.430687 0.520481 0.435614 0.500422 0.42576 0.493032 0.411684 0.498311 0.403941 0.493032 0.396199 0.481419 0.396199 0.464527 0.407461 0.462416 0.412387 0.466639 0.418018 0.456081 0.425056 0.448691 0.437725 0.448691 0.445467 0.449747 0.460952 0.444468 0.472213 0.448691 0.486289 0.455025 0.50107 0.438133 0.498958 0.409628 0.479955 0.393792 0.471509 0.368454 0.457432 0.364231 0.429983 0.382179 0.419426 0.391681 0.396903 0.408573 0.387753 0.417019 0.373677 0.429688
