0 0.012821 0.143269 0.045513 0.145833 0.062821 0.103526 0.067308 0.120192 0.067949 0.16891 0.073077 0.195833 0.059615 0.236859 0.001282 0.393269 0.003205 0.191987 0.007692 0.175321
0 0.205769 0.080449 0.194872 0.140705 0.159615 0.193269 0.155128 0.208654 0.184615 0.234295 0.205769 0.281731 0.205769 0.30609 0.217308 0.343269 0.245513 0.353526 0.28141 0.348397 0.341026 0.357372 0.342308 0.286859 0.342308 0.226603 0.35 0.221474 0.417949 0.293269 0.466026 0.302244 0.503846 0.25609 0.492308 0.21891 0.448718 0.220192 0.433974 0.167628 0.425641 0.115064 0.427564 0.070192 0.425641 0.021474 0.413462 0.009936 0.35641 0.017628 0.335897 0.071474 0.339103 0.081731 0.371154 0.035577 0.383974 0.077885 0.369872 0.131731 0.342949 0.138141 0.317949 0.097115 0.315385 0.052244 0.278205 0.066346 0.242949 0.083013 0.230769 0.084295
0 0.492949 0.215064 0.514103 0.283013 0.495513 0.350962 0.48141 0.383013 0.55641 0.438141 0.604487 0.430449 0.620513 0.453526 0.619231 0.491987 0.628846 0.535577 0.662821 0.559936 0.708333 0.571474 0.766026 0.557372 0.762821 0.450962 0.741667 0.400962 0.715385 0.366346 0.651282 0.338141 0.641026 0.317628 0.633974 0.2625 0.641667 0.245833 0.619231 0.233013 0.604487 0.217628 0.567308 0.188141 0.55 0.211218 0.537821 0.247115 0.523077 0.208654 0.486538 0.197115
0 0.308333 0.536859 0.26859 0.553526 0.255128 0.55609 0.263462 0.60609 0.257051 0.624038 0.215385 0.616346 0.222436 0.680449 0.254487 0.7625 0.280769 0.722756 0.289744 0.658654 0.310897 0.645833 0.321154 0.608654 0.327564 0.525321
0 0.792949 0.272756 0.815385 0.335577 0.820513 0.381731 0.792308 0.381731 0.782051 0.407372 0.809615 0.499679 0.823718 0.565064 0.852564 0.51891 0.848718 0.444551 0.870513 0.397115 0.889744 0.341987 0.908974 0.2625 0.853846 0.266346 0.783974 0.247115
0 0.862821 0.622756 0.836538 0.66891 0.790385 0.816346 0.786538 0.875321 0.782692 0.990705 0.861538 0.985577 0.866667 0.872756 0.902564 0.791987 0.930769 0.734295 0.921795 0.681731 0.921154 0.624038 0.89359 0.579167 0.907692 0.533013 0.883974 0.509936 0.864103 0.544551 0.864103 0.571474
0 0.987821 0.265064 0.975 0.283013 0.957692 0.286859 0.957692 0.317628 0.965385 0.344551 0.983974 0.375321 0.995513 0.388141 0.996154 0.274038
0 0.992949 0.463782 0.961538 0.515064 0.939103 0.547115 0.926923 0.581731 0.944231 0.659936 0.954487 0.702244 0.994231 0.638141 0.996154 0.483013
0 0.64359 0.007372 0.657051 0.049679 0.687179 0.050962 0.70641 0.059936 0.727564 0.0625 0.742949 0.004808 0.661538 0.00609
0 0.550641 0.738141 0.498718 0.766346 0.539103 0.824038 0.554487 0.827885 0.588462 0.816346 0.590385 0.786859
