0 0.914103 0.213782 0.89359 0.225321 0.869872 0.233013 0.865385 0.281731 0.858974 0.325321 0.89359 0.3625 0.904487 0.386859 0.916667 0.433013 0.921154 0.445833 0.951282 0.471474 0.941026 0.353526 0.953846 0.279167 0.959615 0.243269 0.954487 0.200962 0.946795 0.199679 0.921795 0.203526
0 0.596154 0.607372 0.589744 0.647115 0.564103 0.667628 0.546795 0.677885 0.548718 0.720192 0.547436 0.7625 0.557051 0.794551 0.585256 0.795833 0.60641 0.779167 0.61859 0.7625 0.615385 0.685577 0.616026 0.65609 0.622436 0.609936 0.597436 0.589423
0 0.612179 0.785577 0.614744 0.824038 0.610897 0.833013 0.601282 0.845833 0.597436 0.867628 0.624359 0.911218 0.625 0.933013 0.622436 0.953526 0.617949 0.980449 0.617949 0.993269 0.753205 0.989423 0.745513 0.931731 0.769872 0.915064 0.776282 0.886859 0.764103 0.830449 0.738462 0.799679 0.720513 0.81891 0.712179 0.785577 0.73141 0.717628 0.742949 0.65609 0.7 0.649679 0.639744 0.683013 0.629487 0.713782
0 0.651923 0.247115 0.658333 0.371474 0.673077 0.416346 0.717308 0.311218 0.722436 0.231731 0.704487 0.21891 0.663462 0.243269
0 0.278846 0.047115 0.294231 0.117628 0.332051 0.213782 0.357692 0.238141 0.371795 0.199679 0.360256 0.072756 0.365385 0.017628 0.317308 0.027885 0.288462 0.029167
0 0.155128 0.050962 0.147436 0.075321 0.145513 0.163782 0.130769 0.241987 0.129487 0.265064 0.166026 0.344551 0.164744 0.374038 0.188462 0.358654 0.210256 0.324038 0.214744 0.253526 0.210897 0.202244 0.226923 0.158654 0.215385 0.095833 0.200641 0.075321 0.195513 0.034295 0.169872 0.040705
0 0.038462 0.343269 0.025641 0.41891 0.035897 0.488141 0.051923 0.534295 0.084615 0.563782 0.098077 0.567628 0.112179 0.583013 0.139103 0.536859 0.145513 0.499679 0.137179 0.439423 0.103846 0.449679 0.071795 0.416346 0.062179 0.389423 0.075641 0.363782 0.06859 0.349679 0.057692 0.348397
0 0.201282 0.413782 0.180769 0.438141 0.194231 0.476603 0.210897 0.486859 0.232051 0.50609 0.257051 0.511218 0.285256 0.493269 0.294872 0.470192 0.291667 0.427885 0.264744 0.394551 0.217308 0.40609
0 0.075641 0.829167 0.111538 0.929167 0.126282 0.985577 0.137821 0.997115 0.183974 0.989423 0.173718 0.934295 0.157051 0.885577 0.155769 0.835577 0.133333 0.811218 0.108974 0.81891
0 0.521795 0.884295 0.529487 0.961218 0.541667 0.989423 0.566667 0.985577 0.567949 0.933013 0.580769 0.908654 0.569872 0.880449 0.557051 0.877885 0.538462 0.900962 0.528846 0.888141
0 0.432692 0.783013 0.405128 0.811218 0.373718 0.813782 0.370513 0.883013 0.367949 0.90609 0.436538 0.8625 0.461538 0.829167 0.461538 0.786859 0.460897 0.763782
0 0.823718 0.725321 0.826923 0.757372 0.820513 0.815064 0.849359 0.821474 0.873077 0.776603 0.86859 0.725321 0.849359 0.736859 0.839103 0.727885
0 0.783974 0.926603 0.773077 0.935577 0.773077 0.9625 0.769872 0.979167 0.767949 0.994551 0.826282 0.990705 0.805769 0.935577
