0 0.003846 0.340705 0.016667 0.326603 0.033333 0.30609 0.059615 0.3625 0.067308 0.384295 0.085256 0.375321 0.111538 0.388141 0.126282 0.417628 0.139103 0.497115 0.116667 0.51891 0.099359 0.497115 0.094231 0.495833 0.098718 0.584295 0.064103 0.589423 0.050641 0.574038 0.000641 0.494551
0 0.462821 0.334295 0.422436 0.409936 0.414103 0.438141 0.396154 0.493269 0.394872 0.566346 0.394872 0.585577 0.399359 0.588141 0.379487 0.638141 0.377564 0.657372 0.382692 0.749679 0.447436 0.747115 0.437179 0.681731 0.41859 0.652244 0.407692 0.586859 0.451923 0.570192 0.469231 0.540705 0.532692 0.465064 0.528846 0.390705 0.526282 0.358654 0.519231 0.317628 0.485256 0.321474
0 0.521154 0.103526 0.505769 0.109936 0.489103 0.1625 0.512821 0.261218 0.555128 0.253526 0.592308 0.190705 0.594231 0.159936 0.576923 0.140705 0.555769 0.103526 0.548718 0.008654 0.501923 0.00609 0.514103 0.063782 0.519231 0.075321
0 0.16859 0.139423 0.133974 0.11891 0.144872 0.20609 0.15641 0.236859 0.182692 0.2125 0.203846 0.145833 0.2 0.1125
0 0.583974 0.235577 0.565385 0.308654 0.590385 0.371474 0.594872 0.399679 0.607692 0.417628 0.645513 0.415064 0.721154 0.388141 0.739103 0.424038 0.730769 0.499679 0.705128 0.597115 0.747436 0.572756 0.772436 0.539423 0.798718 0.488141 0.794231 0.434295 0.78141 0.334295 0.759615 0.208654 0.699359 0.239423 0.660897 0.245833 0.603205 0.239423
0 0.642308 0.015064 0.64359 0.075321 0.645513 0.143269 0.644231 0.177885 0.65641 0.181731 0.667949 0.158654 0.680128 0.109936 0.703205 0.065064 0.714744 0.00609 0.65641 0.008654
0 0.791026 0.024038 0.833333 0.057372 0.842308 0.071474 0.837179 0.109936 0.850641 0.130449 0.892949 0.198397 0.904487 0.231731 0.939103 0.272756 0.997436 0.308654 0.996795 0.00609 0.794231 0.0125
0 0.833333 0.471474 0.829487 0.529167 0.814103 0.567628 0.805769 0.575321 0.789744 0.657372 0.751282 0.75609 0.771795 0.80609 0.783974 0.813782 0.828846 0.770192 0.835256 0.797115 0.882051 0.840705 0.903205 0.774038 0.913462 0.720192 0.886538 0.674038 0.872436 0.650962 0.857692 0.566346 0.857051 0.541987 0.872436 0.490705 0.858974 0.45609 0.837821 0.438141
0 0.469231 0.629167 0.470513 0.670192 0.483974 0.708654 0.494231 0.774038 0.484615 0.803526 0.507051 0.821474 0.537821 0.781731 0.541026 0.753526 0.566026 0.747115 0.585897 0.731731 0.544872 0.658654 0.486538 0.650962 0.475 0.621474
0 0.987821 0.549679 0.959615 0.593269 0.953205 0.658654 0.964103 0.680449 0.970513 0.752244 0.995513 0.791987 0.996795 0.541987
0 0.512179 0.930449 0.480128 0.952244 0.503205 0.988141 0.509615 0.995833 0.558333 0.999679 0.565385 0.953526 0.547436 0.900962 0.522436 0.917628
