0 0.111538 0.241987 0.180128 0.345833 0.19359 0.386859 0.192949 0.409936 0.201282 0.438141 0.230128 0.447115 0.232051 0.41891 0.242949 0.375321 0.235897 0.348397 0.225 0.313782 0.225641 0.257372 0.204487 0.194551 0.160256 0.165064 0.144872 0.167628 0.116026 0.213782 0.105769 0.231731
0 0.259615 0.453526 0.216667 0.466346 0.216026 0.475321 0.214744 0.509936 0.208333 0.530449 0.232051 0.543269 0.246154 0.5625 0.270513 0.576603 0.284615 0.585577 0.307051 0.526603 0.308333 0.491987 0.30641 0.46891 0.284615 0.429167 0.271154 0.448397
0 0.385897 0.40609 0.351923 0.430449 0.370513 0.471474 0.39359 0.527885 0.396795 0.565064 0.362179 0.597115 0.352564 0.611218 0.332051 0.635577 0.314744 0.683013 0.316026 0.767628 0.334615 0.736859 0.364744 0.7125 0.403205 0.672756 0.41859 0.627885 0.41859 0.603526 0.472436 0.56891 0.475641 0.554808 0.478205 0.507372 0.475641 0.409936 0.448718 0.403526 0.414103 0.434295 0.407692 0.434295 0.396795 0.415064
0 0.05641 0.631731 0.041026 0.659936 0.037821 0.681731 0.041026 0.711218 0.060256 0.816346 0.062179 0.841987 0.057692 0.847115 0.044231 0.838141 0.037821 0.85609 0.010256 0.872756 0.005769 0.884295 0.037179 0.941987 0.053205 0.975321 0.072436 0.986859 0.091667 0.976603 0.073718 0.909936 0.078846 0.885577 0.108333 0.874038 0.125 0.875321 0.148718 0.831731 0.152564 0.780449 0.155769 0.722756 0.142308 0.657372 0.115385 0.647115 0.099359 0.635577 0.070513 0.634295
0 0.003205 0.433013 0.026923 0.477885 0.061538 0.467628 0.079487 0.429167 0.066026 0.391987 0.048077 0.376603 0.039103 0.348397 0.053205 0.308654 0.051923 0.290705 0.048077 0.236859 0.05 0.21891 0.062821 0.202244 0.074359 0.150962 0.086538 0.115064 0.079487 0.080449 0.051923 0.065064 0.017949 0.074038 0.001923 0.077885
0 0.182051 0.757372 0.191026 0.811218 0.162179 0.803526 0.203846 0.840705 0.223077 0.808654 0.219872 0.783013 0.191667 0.748397
0 0.176282 0.9125 0.158974 0.904808 0.140385 0.909936 0.142308 0.961218 0.136538 0.965064 0.119872 0.949679 0.117949 0.96891 0.11859 0.990705 0.192949 0.993269 0.20641 0.957372 0.207692 0.907372 0.198077 0.903526
0 0.575 0.525321 0.562821 0.55609 0.555769 0.557372 0.542308 0.545833 0.532692 0.593269 0.523718 0.626603 0.526923 0.639423 0.538462 0.674038 0.558974 0.681731 0.560256 0.715064 0.564103 0.747115 0.585897 0.733013 0.601923 0.734295 0.652564 0.747115 0.663462 0.740705 0.684615 0.693269 0.680769 0.629167 0.670513 0.583013 0.662821 0.570192 0.632051 0.603526 0.596154 0.583013 0.59359 0.580449 0.608333 0.544551 0.605769 0.535577 0.591026 0.526603
0 0.815385 0.645833 0.791667 0.652244 0.749359 0.686859 0.748077 0.735577 0.745513 0.791987 0.739103 0.816346 0.734615 0.836859 0.723077 0.852244 0.673077 0.866346 0.658333 0.852244 0.639103 0.858654 0.635256 0.889423 0.634615 0.974038 0.626923 0.994551 0.988462 0.998397 0.995513 0.689423 0.957051 0.713782 0.916026 0.767628 0.905128 0.757372 0.873077 0.679167 0.848718 0.665064
0 0.871795 0.044551 0.861538 0.124038 0.879487 0.208654 0.894872 0.247115 0.921795 0.224038 0.933333 0.154808 0.926282 0.107372 0.947436 0.076603 0.967949 0.045833 0.979487 0.008654 0.867949 0.00609
0 0.698077 0.097115 0.680128 0.103526 0.662179 0.145833 0.651282 0.183013 0.658333 0.215064 0.66859 0.231731 0.69359 0.220192 0.709615 0.174038 0.707692 0.135577 0.707692 0.107372
0 0.996154 0.348397 0.974359 0.376603 0.975 0.398397 0.975 0.430449 0.973077 0.440705 0.989103 0.427885 0.997436 0.409936
