0 0.805128 0.244551 0.759615 0.270192 0.751923 0.309936 0.752564 0.321474 0.771795 0.365064 0.774359 0.386859 0.76859 0.409936 0.764744 0.436859 0.809615 0.416346 0.808974 0.403526 0.828205 0.402244 0.84359 0.415064 0.860897 0.388141 0.887179 0.352244 0.889744 0.317628 0.864103 0.244551 0.835897 0.248397
0 0.651923 0.015064 0.664103 0.0625 0.679487 0.080449 0.694872 0.090705 0.682051 0.124038 0.725 0.131731 0.733333 0.120192 0.747436 0.065064 0.775 0.003526 0.662821 0.00609
0 0.797436 0.024038 0.791026 0.083013 0.789103 0.100962 0.824359 0.107372 0.842308 0.086859 0.86859 0.050962 0.886538 0.01891 0.898718 0.079167 0.898718 0.134295 0.899359 0.147115 0.912179 0.167628 0.961538 0.138141 0.990385 0.11891 0.994872 0.111218 0.996154 0.00609 0.882692 0.007372 0.810256 0.025321
0 0.930128 0.222756 0.916667 0.243269 0.910897 0.3125 0.919872 0.340705 0.940385 0.349679 0.962821 0.366346 0.99359 0.354808 0.992308 0.271474 0.96859 0.291987 0.96859 0.258654 0.967949 0.186859 0.937821 0.231731
0 0.376282 0.01891 0.410256 0.041987 0.411538 0.077885 0.407692 0.175321 0.437821 0.189423 0.449359 0.1625 0.465385 0.116346 0.473718 0.079167 0.480769 0.052244 0.49359 0.008654 0.386538 0.007372
0 0.58141 0.166346 0.558333 0.226603 0.528846 0.226603 0.508974 0.266346 0.501282 0.341987 0.504487 0.381731 0.516026 0.415064 0.537179 0.409936 0.551282 0.354808 0.562821 0.315064 0.575 0.353526 0.575641 0.371474 0.600641 0.325321 0.612179 0.279167 0.619231 0.181731 0.598077 0.179167
0 0.596795 0.377885 0.56859 0.416346 0.528205 0.499679 0.525641 0.547115 0.539103 0.609936 0.563462 0.622756 0.583974 0.630449 0.628846 0.640705 0.662179 0.645833 0.677564 0.629167 0.686538 0.598397 0.682051 0.543269 0.687179 0.490705 0.680769 0.443269 0.66859 0.370192 0.651282 0.350962 0.623718 0.371474 0.610897 0.375321
0 0.329487 0.375321 0.316667 0.40609 0.312179 0.45609 0.310897 0.515064 0.310897 0.689423 0.314103 0.716346 0.317949 0.748397 0.324359 0.765064 0.335256 0.770192 0.353205 0.763782 0.408333 0.758654 0.462821 0.724038 0.472436 0.679167 0.463462 0.6125 0.424359 0.544551 0.409615 0.484295 0.380128 0.434295 0.344872 0.380449
0 0.158333 0.015064 0.146795 0.084295 0.148718 0.148397 0.187821 0.243269 0.203846 0.275321 0.276923 0.340705 0.308333 0.344551 0.328205 0.315064 0.314744 0.249679 0.298718 0.180449 0.283974 0.125321 0.248077 0.061218 0.242308 0.004808 0.167949 0.004808
0 0.011538 0.109936 0.028846 0.090705 0.037179 0.067628 0.062821 0.081731 0.085256 0.085577 0.110897 0.127885 0.123718 0.157372 0.130128 0.181731 0.128205 0.231731 0.117308 0.254808 0.079487 0.275321 0.03141 0.265064 0.001923 0.265064 0.003205 0.159936
0 0.004487 0.370192 0.033333 0.398397 0.049359 0.411218 0.057051 0.417628 0.067308 0.454808 0.061538 0.498397 0.035897 0.56891 0.001923 0.621474 0.002564 0.394551
0 0.083974 0.615064 0.101923 0.699679 0.124359 0.720192 0.13141 0.707372 0.123077 0.629167 0.10641 0.622756
0 0.847436 0.675321 0.859615 0.717628 0.841667 0.765064 0.828205 0.816346 0.821795 0.850962 0.821795 0.8625 0.852564 0.843269 0.86859 0.809936 0.889744 0.741987 0.90641 0.703526 0.897436 0.683013 0.873718 0.685577 0.861538 0.649679 0.85 0.65609
0 0.964103 0.798397 0.939103 0.798397 0.919872 0.836859 0.910256 0.894551 0.889744 0.966346 0.885256 0.993269 0.975641 0.993269 0.955128 0.943269 0.942949 0.9125 0.961538 0.899679 0.967308 0.877885 0.996795 0.916346 0.994231 0.81891 0.982692 0.803526
