0 0.119231 0.00609 0.123718 0.025321 0.128205 0.052244 0.124359 0.10609 0.091026 0.147115 0.082051 0.179167 0.085256 0.200962 0.083974 0.234295 0.077564 0.252244 0.045513 0.245833 0.025 0.2125 0.025 0.179167 0.023718 0.167628 0.013462 0.166346 0.005128 0.159936 0.002564 0.144551 0.000641 0.009936
0 0.166026 0.245833 0.148077 0.274038 0.148077 0.321474 0.15641 0.36891 0.155128 0.381731 0.154487 0.408654 0.149359 0.427885 0.137821 0.433013 0.128205 0.424038 0.103205 0.397115 0.096795 0.365064 0.099359 0.344551 0.101282 0.313782 0.094872 0.313782 0.076923 0.35609 0.075641 0.370192 0.080769 0.417628 0.080769 0.433013 0.075 0.444551 0.058974 0.444551 0.042949 0.424038 0.019231 0.403526 0.010256 0.411218 0.010897 0.447115 0.011538 0.466346 0.032051 0.484295 0.04359 0.495833 0.050641 0.524038 0.073718 0.552244 0.089103 0.558654 0.101282 0.574038 0.157051 0.547115 0.160897 0.533013 0.176282 0.490705 0.188462 0.445833 0.201923 0.509936 0.201923 0.572756 0.201923 0.599679 0.208974 0.617628 0.232051 0.616346 0.25 0.6125 0.267308 0.6125 0.286538 0.6125 0.271795 0.588141 0.266667 0.511218 0.248718 0.500962 0.233974 0.485577 0.232692 0.472756 0.239103 0.436859 0.264744 0.420192 0.295513 0.400962 0.317949 0.400962 0.336538 0.359936 0.332051 0.299679 0.277564 0.290705 0.25641 0.290705 0.232051 0.225321 0.215385 0.279167 0.220513 0.345833 0.216667 0.348397 0.203846 0.353526 0.191667 0.321474 0.199359 0.286859 0.19359 0.244551 0.183974 0.239423
0 0.335897 0.475321 0.319872 0.491987 0.292949 0.529167 0.291026 0.567628 0.292949 0.600962 0.3 0.622756 0.310897 0.634295 0.325641 0.638141 0.338462 0.639423 0.344872 0.648397 0.349359 0.690705 0.353846 0.693269 0.35641 0.657372 0.378205 0.648397 0.394231 0.638141 0.384615 0.590705 0.397436 0.533013 0.387821 0.508654 0.367949 0.490705 0.344872 0.481731
0 0.097436 0.625321 0.090385 0.649679 0.066667 0.649679 0.069231 0.694551 0.076923 0.721474 0.088462 0.741987 0.096154 0.763782 0.120513 0.786859 0.135897 0.804808 0.149359 0.815064 0.160256 0.820192 0.171795 0.822756 0.159615 0.80609 0.141667 0.785577 0.135256 0.767628 0.133333 0.730449 0.121154 0.702244 0.121154 0.684295 0.123718 0.665064 0.10641 0.643269 0.105128 0.636859
0 0.121795 0.952244 0.127564 0.91891 0.128205 0.898397 0.14359 0.891987 0.166667 0.865064 0.177564 0.870192 0.180769 0.880449 0.183974 0.888141 0.19359 0.891987 0.197436 0.891987 0.198077 0.871474 0.192949 0.845833 0.192308 0.817628 0.202564 0.822756 0.216026 0.852244 0.223077 0.857372 0.229487 0.870192 0.230128 0.890705 0.233974 0.908654 0.246154 0.921474 0.266667 0.899679 0.275 0.874038 0.283333 0.915064 0.298718 0.922756 0.302564 0.938141 0.308333 0.9625 0.317949 0.971474 0.330128 0.974038 0.344231 0.981731 0.351923 0.994551 0.228846 0.993269 0.217949 0.986859 0.185897 0.986859 0.11859 0.991987
0 0.567308 0.758654 0.567308 0.802244 0.54359 0.783013 0.536538 0.831731 0.547436 0.861218 0.563462 0.875321 0.578205 0.902244 0.58141 0.916346 0.604487 0.871474 0.603205 0.861218 0.592308 0.826603 0.587179 0.790705 0.583333 0.766346
0 0.528846 0.683013 0.555769 0.702244 0.569872 0.717628 0.584615 0.749679 0.598718 0.763782 0.605128 0.733013 0.612821 0.726603 0.608333 0.671474 0.575641 0.672756 0.533333 0.649679 0.521795 0.659936 0.521154 0.66891
0 0.455128 0.877885 0.425641 0.904808 0.422436 0.921474 0.429487 0.931731 0.421795 0.952244 0.414103 0.966346 0.417308 0.994551 0.496154 0.993269 0.483333 0.948397 0.472436 0.907372 0.457692 0.891987
0 0.739744 0.740705 0.726282 0.822756 0.712179 0.8625 0.689744 0.888141 0.696154 0.940705 0.696795 0.952244 0.707051 0.9625 0.732692 0.959936 0.758333 0.9625 0.779487 0.904808 0.769872 0.858654 0.760897 0.777885 0.748718 0.744551
0 0.812821 0.415064 0.766667 0.459936 0.737821 0.488141 0.73141 0.558654 0.730769 0.593269 0.727564 0.626603 0.741026 0.636859 0.778205 0.613782 0.797436 0.56891 0.821795 0.545833 0.842308 0.527885 0.866667 0.511218 0.876282 0.485577 0.874359 0.443269 0.862179 0.411218 0.842308 0.388141 0.833974 0.400962 0.832692 0.425321 0.823718 0.435577
0 0.801923 0.084295 0.794231 0.130449 0.79359 0.157372 0.794231 0.184295 0.794872 0.213782 0.799359 0.257372 0.789744 0.291987 0.782051 0.293269 0.796154 0.313782 0.798077 0.339423 0.801282 0.352244 0.810897 0.349679 0.826282 0.343269 0.842949 0.367628 0.855769 0.345833 0.844231 0.313782 0.840385 0.280449 0.830769 0.253526 0.826282 0.222756 0.841667 0.188141 0.851282 0.15609 0.851282 0.130449 0.841667 0.107372 0.813462 0.075321 0.808333 0.070192
0 0.655769 0.21891 0.653846 0.236859 0.646795 0.250962 0.633974 0.284295 0.642949 0.320192 0.644872 0.357372 0.658974 0.370192 0.671795 0.366346 0.683974 0.357372 0.676923 0.290705 0.669231 0.247115 0.66859 0.230449
0 0.665385 0.081731 0.684615 0.093269 0.700641 0.107372 0.696795 0.172756 0.703205 0.194551 0.719872 0.199679 0.739744 0.199679 0.751282 0.172756 0.744231 0.130449 0.75641 0.090705 0.76859 0.076603 0.760897 0.034295 0.754487 0.0125 0.748718 0.004808 0.623077 0.009936 0.625641 0.063782 0.644231 0.095833 0.659615 0.091987
0 0.925 0.145833 0.914744 0.195833 0.873718 0.253526 0.871154 0.303526 0.883974 0.357372 0.905128 0.357372 0.928846 0.320192 0.945513 0.298397 0.972436 0.2625 0.980769 0.243269 0.966667 0.209936 0.941667 0.184295 0.941026 0.148397 0.934615 0.133013
0 0.95641 0.003526 0.941667 0.044551 0.946154 0.076603 0.961538 0.093269 0.971795 0.104808 0.979487 0.117628 0.987821 0.172756 0.996154 0.190705 0.996154 0.190705 0.998077 0.00609
0 0.925641 0.584295 0.925 0.61891 0.916667 0.626603 0.91859 0.652244 0.928205 0.653526 0.93141 0.674038 0.949359 0.650962 0.979487 0.607372 0.971795 0.579167 0.951282 0.580449
0 0.433333 0.552244 0.437821 0.585577 0.426923 0.639423 0.441026 0.659936 0.451282 0.620192 0.466667 0.616346 0.48141 0.625321 0.484615 0.634295 0.494231 0.640705 0.489744 0.620192 0.473077 0.566346 0.464744 0.543269 0.441026 0.548397
