0 0.323077 0.222756 0.321154 0.354808 0.344231 0.448397 0.350641 0.543269 0.362821 0.638141 0.379487 0.683013 0.407692 0.679167 0.428846 0.738141 0.444231 0.779167 0.45641 0.800962 0.467949 0.794551 0.497436 0.752244 0.525641 0.657372 0.544231 0.6125 0.496154 0.604808 0.448077 0.633013 0.432051 0.584295 0.414103 0.424038 0.404487 0.334295 0.399359 0.267628 0.358333 0.245833
0 0.167949 0.365064 0.144872 0.436859 0.154487 0.495833 0.15641 0.522756 0.160897 0.549679 0.189103 0.557372 0.201923 0.536859 0.240385 0.571474 0.258333 0.558654 0.254487 0.499679 0.250641 0.483013 0.225641 0.461218 0.219872 0.417628 0.198077 0.357372
0 0.275641 0.702244 0.278846 0.747115 0.275641 0.775321 0.247436 0.739423 0.223077 0.81891 0.212179 0.848397 0.162821 0.993269 0.332051 0.995833 0.308974 0.940705 0.301923 0.890705 0.315385 0.840705 0.332692 0.757372 0.308333 0.713782
0 0.620513 0.276603 0.626282 0.409936 0.629487 0.495833 0.638462 0.550962 0.635256 0.576603 0.598077 0.530449 0.580128 0.552244 0.59359 0.584295 0.615385 0.624038 0.630769 0.647115 0.671154 0.679167 0.696795 0.691987 0.703205 0.61891 0.714103 0.579167 0.741667 0.51891 0.754487 0.443269 0.728205 0.433013 0.700641 0.383013 0.687179 0.331731 0.672436 0.279167 0.628846 0.240705
0 0.542949 0.248397 0.501923 0.2625 0.48141 0.311218 0.500641 0.339423 0.497436 0.404808 0.508333 0.386859 0.53141 0.353526 0.547436 0.343269 0.560256 0.316346 0.564744 0.275321 0.58141 0.238141 0.553205 0.241987
0 0.740385 0.013782 0.746154 0.045833 0.739103 0.075321 0.739744 0.090705 0.771795 0.097115 0.783974 0.109936 0.801923 0.139423 0.826923 0.170192 0.849359 0.180449 0.857692 0.176603 0.866667 0.148397 0.886538 0.011218 0.749359 0.004808
0 0.920513 0.16891 0.920513 0.221474 0.902564 0.248397 0.898077 0.266346 0.917308 0.275321 0.937179 0.280449 0.94359 0.299679 0.957692 0.302244 0.969872 0.340705 0.977564 0.347115 0.979487 0.286859 0.979487 0.261218 0.984615 0.231731 0.969231 0.20609 0.936538 0.208654 0.926282 0.181731
0 0.815385 0.430449 0.792949 0.457372 0.784615 0.50609 0.783974 0.533013 0.801282 0.553526 0.816667 0.558654 0.838462 0.503526 0.838462 0.472756 0.828846 0.450962
0 0.06859 0.274038 0.107692 0.235577 0.187179 0.139423 0.196154 0.131731 0.2 0.252244 0.187179 0.2625 0.154487 0.248397 0.122436 0.281731 0.071154 0.336859 0.060897 0.283013
0 0.005128 0.494551 0.03141 0.531731 0.028846 0.583013 0.023718 0.622756 0.021154 0.645833 0.020513 0.699679 0.002564 0.704808
0 0.092949 0.865064 0.127564 0.854808 0.121154 0.800962 0.139744 0.780449 0.173077 0.791987 0.179487 0.834295 0.16859 0.876603 0.147436 0.9125 0.130128 0.915064 0.082692 0.907372 0.086538 0.877885
0 0.542308 0.774038 0.496795 0.783013 0.489744 0.835577 0.508974 0.894551 0.519872 0.924038 0.54359 0.899679 0.558333 0.853526 0.571154 0.815064 0.557692 0.774038
