0 0.897436 0.234295 0.876923 0.250962 0.866026 0.274038 0.871795 0.307372 0.883974 0.341987 0.959615 0.383013 0.969872 0.397115 0.967308 0.340705 0.975641 0.299679 0.977564 0.290705 0.95 0.257372 0.950641 0.2125 0.944872 0.203526 0.925641 0.227885
0 0.751923 0.013782 0.775641 0.085577 0.796795 0.109936 0.813462 0.147115 0.825 0.186859 0.841026 0.200962 0.867308 0.177885 0.84359 0.161218 0.830769 0.139423 0.832051 0.093269 0.827564 0.065064 0.834615 0.002244 0.758333 0.004808
0 0.890385 0.471474 0.878846 0.500962 0.855128 0.521474 0.826282 0.549679 0.820513 0.617628 0.824359 0.652244 0.830128 0.681731 0.857692 0.697115 0.935897 0.702244 0.960256 0.674038 0.975641 0.639423 0.967308 0.5125 0.963462 0.444551 0.940385 0.454808 0.924359 0.480449
0 0.732051 0.483013 0.720513 0.511218 0.703846 0.499679 0.690385 0.527885 0.671795 0.55609 0.671795 0.616346 0.686538 0.643269 0.713462 0.667628 0.725 0.691987 0.75 0.695833 0.76859 0.689423 0.777564 0.634295 0.776282 0.607372 0.758333 0.554808 0.762821 0.483013
0 0.657051 0.253526 0.648718 0.322756 0.644231 0.358654 0.653205 0.399679 0.670513 0.409936 0.698077 0.430449 0.717308 0.434295 0.723718 0.385577 0.717308 0.35609 0.701923 0.307372 0.674359 0.26891
0 0.448718 0.303526 0.453205 0.375321 0.455769 0.424038 0.429487 0.459936 0.401282 0.459936 0.342308 0.491987 0.327564 0.502244 0.326282 0.570192 0.334615 0.60609 0.346154 0.663782 0.359615 0.690705 0.394872 0.681731 0.409615 0.634295 0.434615 0.566346 0.460256 0.540705 0.510256 0.507372 0.53141 0.472756 0.526282 0.354808 0.492308 0.302244 0.469872 0.281731
0 0.34359 0.016346 0.336538 0.088141 0.335256 0.250962 0.339744 0.263782 0.355128 0.265064 0.396795 0.248397 0.432051 0.213782 0.455128 0.186859 0.482692 0.133013 0.514744 0.085577 0.510256 0.004808 0.353846 0.007372
0 0.048718 0.007372 0.065385 0.049679 0.119231 0.086859 0.133333 0.104808 0.153205 0.129167 0.171154 0.138141 0.203846 0.141987 0.212179 0.144551 0.207692 0.095833 0.230769 0.048397 0.257692 0.00609
0 0.135897 0.203526 0.109615 0.258654 0.114103 0.303526 0.148718 0.298397 0.146795 0.343269 0.145513 0.385577 0.153205 0.439423 0.158333 0.498397 0.142308 0.525321 0.1 0.521474 0.083974 0.535577 0.060897 0.572756 0.085256 0.61891 0.101282 0.61891 0.146154 0.6125 0.187179 0.613782 0.242308 0.629167 0.249359 0.681731 0.239103 0.708654 0.276923 0.729167 0.280128 0.667628 0.285256 0.580449 0.288462 0.530449 0.273718 0.45609 0.257692 0.339423 0.222436 0.326603 0.211538 0.241987 0.213462 0.209936 0.195513 0.207372 0.173718 0.193269 0.158974 0.180449
0 0.665385 0.776603 0.647436 0.786859 0.638462 0.76891 0.633333 0.745833 0.621154 0.789423 0.621795 0.840705 0.614744 0.858654 0.585256 0.890705 0.591026 0.935577 0.601923 0.963782 0.604487 0.995833 0.726282 0.990705 0.730769 0.909936 0.741026 0.853526 0.712821 0.757372 0.698718 0.783013 0.671795 0.774038
0 0.983333 0.798397 0.967308 0.863782 0.94359 0.895833 0.939744 0.970192 0.955128 0.993269 0.997436 0.991987 0.996154 0.799679
