0 0.821795 0.383013 0.803205 0.447115 0.782051 0.471474 0.802564 0.545833 0.78141 0.602244 0.774359 0.590705 0.75641 0.544551 0.715385 0.549679 0.714103 0.648397 0.717308 0.679167 0.728205 0.720192 0.748077 0.803526 0.753846 0.815064 0.773077 0.822756 0.817949 0.825321 0.837821 0.794551 0.857051 0.781731 0.867308 0.758654 0.867949 0.704808 0.853846 0.640705 0.886538 0.577885 0.905128 0.541987 0.895513 0.471474 0.876923 0.46891 0.866667 0.46891 0.842949 0.420192 0.833333 0.389423 0.84359 0.347115 0.835897 0.308654 0.823718 0.326603
0 0.551282 0.047115 0.544231 0.134295 0.547436 0.189423 0.567308 0.170192 0.585256 0.238141 0.615385 0.311218 0.655769 0.293269 0.675641 0.274038 0.700641 0.302244 0.715385 0.329167 0.729487 0.330449 0.764103 0.248397 0.772436 0.191987 0.789103 0.1125 0.817308 0.009936 0.623718 0.013782 0.609615 0.031731 0.573077 0.041987
0 0.323077 0.017628 0.332692 0.091987 0.323077 0.134295 0.305128 0.184295 0.298077 0.258654 0.362821 0.248397 0.379487 0.257372 0.416026 0.272756 0.43141 0.272756 0.441026 0.258654 0.441667 0.224038 0.457051 0.007372 0.330128 0.004808
0 0.034615 0.370192 0.112821 0.3625 0.142308 0.354808 0.167308 0.404808 0.173077 0.465064 0.171154 0.486859 0.201282 0.497115 0.210256 0.503526 0.215385 0.550962 0.213462 0.567628 0.234615 0.616346 0.25 0.641987 0.266667 0.650962 0.298077 0.679167 0.332692 0.748397 0.332051 0.774038 0.311538 0.804808 0.271795 0.831731 0.232051 0.800962 0.221154 0.798397 0.190385 0.871474 0.151923 0.872756 0.141026 0.853526 0.136538 0.822756 0.161538 0.750962 0.160897 0.695833 0.16859 0.683013 0.158974 0.659936 0.155128 0.658654 0.082692 0.676603 0.067949 0.711218 0.06859 0.774038 0.033333 0.777885 0.002564 0.752244 0.003205 0.666346 0.027564 0.630449 0.040385 0.607372 0.037821 0.571474 0.025641 0.5125 0.025641 0.439423 0.026282 0.395833
0 0.174359 0.297115 0.196795 0.404808 0.216026 0.41891 0.253205 0.41891 0.263462 0.440705 0.237821 0.529167 0.251923 0.631731 0.260256 0.650962 0.272436 0.638141 0.271795 0.603526 0.291667 0.594551 0.326282 0.600962 0.34359 0.565064 0.348718 0.5125 0.341026 0.461218 0.320513 0.409936 0.305769 0.338141 0.299359 0.329167 0.257051 0.345833 0.227564 0.316346 0.228205 0.245833 0.19359 0.186859 0.175 0.172756 0.147436 0.145833 0.136538 0.229167 0.141026 0.236859 0.16859 0.272756
0 0.407692 0.324038 0.422436 0.424038 0.462821 0.420192 0.496154 0.429167 0.521795 0.457372 0.520513 0.525321 0.515385 0.547115 0.483333 0.652244 0.458974 0.700962 0.458974 0.731731 0.45641 0.816346 0.502564 0.791987 0.535256 0.733013 0.571795 0.654808 0.596795 0.609936 0.607051 0.55609 0.585897 0.490705 0.59359 0.439423 0.59359 0.386859 0.562821 0.285577 0.521154 0.271474 0.448077 0.253526 0.435897 0.298397
0 0.638462 0.990705 0.666667 0.947115 0.686538 0.950962 0.696795 0.921474 0.719872 0.929167 0.735897 0.952244 0.75 0.995833 0.648718 0.993269
0 0.926282 0.661218 0.928205 0.726603 0.945513 0.744551 0.969872 0.757372 0.982692 0.721474 0.987821 0.704808 0.967949 0.683013 0.944231 0.688141 0.937179 0.644551 0.928205 0.647115
0 0.947436 0.788141 0.946154 0.816346 0.937179 0.839423 0.929487 0.877885 0.951282 0.890705 0.964103 0.916346 0.973077 0.90609 0.976282 0.877885 0.977564 0.81891 0.966667 0.799679
0 0.980128 0.063782 0.967308 0.1125 0.974359 0.161218 0.978846 0.179167 0.980128 0.222756 0.966667 0.238141 0.972436 0.266346 0.978205 0.320192 0.985256 0.353526 0.995513 0.386859 0.997436 0.070192
