0 0.674359 0.085577 0.666667 0.147115 0.646154 0.220192 0.639744 0.261218 0.676923 0.291987 0.689103 0.315064 0.705128 0.321474 0.746795 0.288141 0.796154 0.263782 0.8 0.308654 0.782692 0.349679 0.811538 0.345833 0.873718 0.343269 0.858974 0.241987 0.86859 0.189423 0.902564 0.144551 0.932051 0.116346 0.946795 0.058654 0.940385 0.027885 0.858333 0.016346 0.770513 0.020192 0.762821 0.104808 0.757051 0.152244 0.746795 0.139423 0.712179 0.063782 0.690385 0.074038
0 0.512821 0.204808 0.489744 0.245833 0.5 0.3125 0.484615 0.403526 0.489744 0.499679 0.536538 0.565064 0.552564 0.552244 0.561538 0.46891 0.580769 0.374038 0.594872 0.276603 0.600641 0.229167 0.570513 0.204808 0.550641 0.225321 0.530769 0.20609
0 0.165385 0.334295 0.169231 0.416346 0.150641 0.484295 0.130769 0.450962 0.108974 0.483013 0.091026 0.597115 0.109615 0.615064 0.148718 0.584295 0.160256 0.672756 0.155769 0.689423 0.192949 0.726603 0.217949 0.744551 0.219872 0.633013 0.235256 0.609936 0.265385 0.575321 0.294231 0.493269 0.280128 0.386859 0.25 0.366346 0.215385 0.372756 0.230128 0.31891 0.220513 0.302244 0.185897 0.325321 0.159615 0.341987
0 0.304487 0.634295 0.277564 0.71891 0.264103 0.766346 0.276282 0.817628 0.288462 0.836859 0.312179 0.80609 0.321795 0.794551 0.316667 0.90609 0.317949 0.945833 0.316026 0.985577 0.3625 0.995833 0.36859 0.925321 0.375 0.889423 0.413462 0.915064 0.451282 0.929167 0.464744 0.930449 0.424359 0.81891 0.405128 0.758654 0.378846 0.702244 0.348077 0.629167 0.337179 0.621474 0.325 0.635577
0 0.496154 0.663782 0.487821 0.720192 0.487179 0.75609 0.487179 0.777885 0.524359 0.775321 0.540385 0.727885 0.555128 0.679167 0.533333 0.671474 0.50641 0.6625
0 0.776282 0.871474 0.748718 0.920192 0.721795 0.922756 0.727564 0.870192 0.692949 0.877885 0.685256 0.90609 0.682051 0.916346 0.712821 0.954808 0.705769 0.971474 0.705128 0.994551 0.805128 0.994551 0.799359 0.940705 0.798718 0.888141 0.797436 0.867628 0.789103 0.853526
0 0.890385 0.849679 0.879487 0.903526 0.859615 0.879167 0.841667 0.854808 0.844872 0.920192 0.863462 0.950962 0.877564 0.991987 0.934615 0.988141 0.928205 0.915064 0.928205 0.876603 0.910256 0.8625
0 0.913462 0.497115 0.925 0.577885 0.93141 0.603526 0.955128 0.654808 0.980769 0.717628 0.998718 0.727885 0.991667 0.640705 0.984615 0.602244 0.990385 0.570192 0.995513 0.565064 0.985897 0.490705 0.963462 0.515064 0.946154 0.548397 0.930769 0.511218
0 0.080128 0.875321 0.112179 0.847115 0.128205 0.848397 0.136538 0.838141 0.14359 0.791987 0.160897 0.745833 0.164103 0.75609 0.174359 0.780449 0.215385 0.804808 0.230128 0.798397 0.246795 0.80609 0.257051 0.81891 0.251282 0.876603 0.271795 0.90609 0.289744 0.990705 0.091026 0.990705 0.073077 0.950962 0.064744 0.897115
0 0.444231 0.225321 0.414744 0.270192 0.414103 0.325321 0.403846 0.383013 0.403205 0.4125 0.40641 0.436859 0.414744 0.445833 0.433333 0.426603 0.451923 0.336859 0.466667 0.283013 0.485256 0.243269 0.464103 0.2125
0 0.005128 0.238141 0.025641 0.277885 0.06859 0.291987 0.085897 0.240705 0.083333 0.181731 0.044872 0.107372 0.001923 0.113782
0 0.005128 0.847115 0.04359 0.821474 0.066667 0.8125 0.069231 0.767628 0.063462 0.715064 0.03141 0.716346 0.021154 0.694551 0.002564 0.657372 0.003846 0.834295
0 0.007692 0.930449 0.024359 0.907372 0.038462 0.920192 0.062179 0.975321 0.065385 0.989423 0.004487 0.991987 0.003205 0.950962
0 0.571154 0.852244 0.571154 0.889423 0.554487 0.921474 0.571154 0.950962 0.583974 0.924038 0.604487 0.940705 0.63141 0.909936 0.632692 0.863782 0.623077 0.813782 0.608333 0.876603 0.582692 0.867628
