0 0.205128 0.004808 0.219231 0.083013 0.230769 0.122756 0.25641 0.136859 0.278846 0.116346 0.294231 0.233013 0.301923 0.309936 0.367949 0.330449 0.410897 0.293269 0.43141 0.288141 0.453205 0.317628 0.491026 0.309936 0.495513 0.289423 0.499359 0.250962 0.48141 0.148397 0.43141 0.124038 0.417308 0.141987 0.410256 0.170192 0.395513 0.117628 0.396795 0.045833 0.412821 0.00609
0 0.012821 0.097115 0.067308 0.076603 0.092949 0.111218 0.109615 0.139423 0.165385 0.197115 0.187179 0.198397 0.167949 0.245833 0.152564 0.257372 0.119872 0.280449 0.089103 0.280449 0.064103 0.281731 0.014103 0.307372 0.002564 0.311218 0.001923 0.120192
0 0.001282 0.502244 0.016667 0.493269 0.057051 0.491987 0.046154 0.554808 0.048718 0.607372 0.055769 0.647115 0.058974 0.70609 0.026923 0.70609 0.001282 0.704808
0 0.082692 0.589423 0.087821 0.667628 0.094231 0.730449 0.091667 0.811218 0.115385 0.849679 0.158974 0.834295 0.182692 0.830449 0.185256 0.786859 0.167308 0.672756 0.162821 0.638141 0.15 0.622756 0.091667 0.584295
0 0.069231 0.331731 0.089103 0.427885 0.092949 0.453526 0.114744 0.449679 0.125 0.402244 0.112821 0.366346 0.092949 0.353526 0.083333 0.329167
0 0.287179 0.427885 0.275 0.477885 0.278846 0.541987 0.28141 0.566346 0.291026 0.544551 0.317949 0.488141 0.341667 0.554808 0.348077 0.586859 0.367949 0.593269 0.392949 0.575321 0.416667 0.539423 0.394872 0.46891 0.38141 0.434295 0.344231 0.408654 0.294231 0.421474
0 0.616667 0.011218 0.633974 0.077885 0.626923 0.113782 0.625 0.161218 0.632692 0.199679 0.649359 0.153526 0.671154 0.076603 0.682692 0.00609
0 0.689744 0.05609 0.68141 0.135577 0.696154 0.154808 0.675641 0.185577 0.674359 0.220192 0.721154 0.193269 0.749359 0.141987 0.729487 0.090705 0.717949 0.065064
0 0.8 0.183013 0.803846 0.25609 0.803205 0.3125 0.798077 0.338141 0.821154 0.384295 0.827564 0.397115 0.857051 0.398397 0.884615 0.384295 0.889103 0.302244 0.869231 0.277885 0.849359 0.220192 0.835897 0.163782 0.810256 0.165064 0.797436 0.161218
0 0.657051 0.274038 0.635256 0.295833 0.61859 0.36891 0.652564 0.40609 0.674359 0.403526 0.680769 0.377885 0.683333 0.30609 0.702564 0.277885 0.671795 0.265064
0 0.585897 0.536859 0.549359 0.594551 0.537821 0.65609 0.54359 0.733013 0.547436 0.783013 0.551923 0.870192 0.566667 0.895833 0.598077 0.897115 0.615385 0.861218 0.612179 0.820192 0.632051 0.763782 0.662821 0.672756 0.646795 0.616346 0.623718 0.558654 0.605128 0.539423 0.594872 0.535577
0 0.469872 0.4625 0.49359 0.489423 0.483974 0.517628 0.473077 0.517628 0.473718 0.559936 0.50641 0.595833 0.532051 0.613782 0.541667 0.576603 0.526282 0.547115 0.525 0.504808 0.516667 0.4625 0.496154 0.441987 0.473718 0.445833
0 0.333974 0.743269 0.351282 0.753526 0.384615 0.747115 0.414103 0.750962 0.423718 0.767628 0.432051 0.758654 0.450641 0.786859 0.457692 0.809936 0.48141 0.841987 0.492949 0.880449 0.503846 0.930449 0.502564 0.972756 0.454487 0.943269 0.40641 0.885577 0.376282 0.858654 0.351923 0.86891 0.352564 0.904808 0.355128 0.948397 0.35641 0.991987 0.290385 0.994551 0.291026 0.948397 0.310256 0.893269 0.31859 0.853526 0.321795 0.813782 0.326923 0.772756
0 0.025 0.891987 0.044231 0.838141 0.073077 0.866346 0.091026 0.888141 0.092308 0.927885 0.083974 0.948397 0.064103 0.953526 0.045513 0.933013
0 0.724359 0.526603 0.777564 0.507372 0.797436 0.503526 0.81859 0.481731 0.84359 0.471474 0.841026 0.548397 0.837821 0.566346 0.816667 0.641987 0.811538 0.689423 0.808974 0.743269 0.783333 0.7625 0.746154 0.785577 0.692949 0.767628 0.689744 0.759936 0.692949 0.702244 0.70641 0.639423 0.711538 0.561218 0.712821 0.545833
0 0.965385 0.358654 0.951282 0.391987 0.935256 0.447115 0.95641 0.497115 0.996795 0.513782 0.998077 0.353526
0 0.866667 0.689423 0.828205 0.749679 0.833333 0.838141 0.842308 0.874038 0.882051 0.815064 0.925 0.777885 0.930128 0.749679 0.904487 0.711218 0.888462 0.693269
0 0.74359 0.888141 0.741026 0.948397 0.742308 0.993269 0.857051 0.991987 0.830128 0.938141 0.790385 0.883013 0.769872 0.881731
0 0.646795 0.822756 0.623077 0.8625 0.630769 0.990705 0.728205 0.986859 0.682051 0.935577 0.685256 0.867628 0.68141 0.841987
