0 0.218131 0.142525 0.208981 0.17103 0.201943 0.203758 0.187866 0.212204 0.173789 0.204814 0.166751 0.207981 0.156898 0.237542 0.182939 0.259713 0.172382 0.283995 0.182939 0.30511 0.184347 0.330448 0.17942 0.34734 0.16464 0.353674 0.159009 0.372677 0.175197 0.393792 0.182939 0.40435 0.197016 0.412796 0.247691 0.390625 0.270918 0.384291 0.304702 0.345228 0.303294 0.323057 0.309628 0.298775 0.321593 0.302998 0.323001 0.281883 0.31174 0.242821 0.282179 0.209037 0.273029 0.176309 0.262472 0.144637 0.239949 0.127745 0.228688 0.128801
0 0.915625 0.209037 0.905771 0.218539 0.898029 0.240709 0.905771 0.267103 0.924071 0.266047 0.935332 0.272382 0.933925 0.288218 0.952224 0.289274 0.973339 0.272382 0.989527 0.275549 0.997269 0.27766 0.996565 0.219595 0.976154 0.21326 0.952224 0.215372 0.933925 0.202703
0 0.459544 0.276605 0.456025 0.285051 0.446171 0.292441 0.453913 0.3125 0.459544 0.31989 0.460952 0.335726 0.466582 0.349451 0.479955 0.366343 0.495439 0.373733 0.503181 0.36212 0.499662 0.339949 0.49192 0.32728 0.498255 0.326225 0.503885 0.310389 0.502477 0.289274 0.494735 0.287162 0.482066 0.282939 0.472917 0.280828
0 0.388457 0.296664 0.384938 0.300887 0.366639 0.300887 0.351858 0.299831 0.337078 0.302998 0.32652 0.310389 0.328632 0.329392 0.339189 0.341005 0.346227 0.346284 0.3779 0.353674 0.395495 0.348395 0.406053 0.333615 0.406053 0.313556
0 0.334262 0.352618 0.325113 0.355785 0.320186 0.368454 0.329336 0.385346 0.346227 0.394848 0.363119 0.405405 0.381419 0.447635 0.409572 0.459248 0.422945 0.464527 0.42013 0.437078 0.396903 0.41913 0.41098 0.408573 0.419426 0.395904 0.394088 0.387458 0.373677 0.385346 0.35045 0.371622
0 0.617202 0.318834 0.605236 0.343117 0.612979 0.370566 0.625648 0.395904 0.653801 0.394848 0.671396 0.386402 0.665062 0.350507 0.638316 0.329392
0 0.004167 0.239654 0.012613 0.247044 0.018243 0.244932 0.030912 0.234375 0.04147 0.239654 0.04147 0.256546 0.039358 0.27027 0.053435 0.27766 0.05625 0.282939 0.056954 0.30511 0.052027 0.32728 0.045693 0.337838 0.027393 0.34734 0.014724 0.350507 0.002055 0.348395
0 0.838204 0.358953 0.835389 0.366343 0.832573 0.384291 0.829054 0.393792 0.821312 0.401182 0.827646 0.414907 0.825535 0.42652 0.818497 0.441301 0.807939 0.436022 0.774859 0.428632 0.761486 0.437078 0.750929 0.451858 0.752337 0.486698 0.772748 0.494088 0.805828 0.490921 0.826239 0.47614 0.838204 0.449747 0.848761 0.432855 0.86143 0.427576 0.864245 0.425465 0.873395 0.379012 0.866357 0.370566
0 0.906475 0.379012 0.883953 0.398015 0.883953 0.422297 0.893102 0.441301 0.943074 0.440245 0.964189 0.427576 0.965597 0.400127 0.931813 0.3769
0 0.765006 0.258657 0.744595 0.271326 0.735445 0.286106 0.726999 0.294552 0.725591 0.307221 0.737556 0.318834 0.751633 0.320946 0.791047 0.330448 0.81357 0.322002 0.812162 0.307221 0.795974 0.302998 0.791751 0.290329 0.791047 0.269215 0.78964 0.259713 0.774859 0.251267
0 0.086515 0.333615 0.073142 0.348395 0.088626 0.35473 0.084403 0.363176 0.083699 0.377956 0.095664 0.390625 0.110445 0.388514 0.109037 0.36951 0.118187 0.345228 0.10763 0.332559 0.101295 0.334671
0 0.147044 0.316723 0.144229 0.334671 0.144932 0.345228 0.138598 0.353674 0.125929 0.357897 0.124521 0.381123 0.140709 0.398015 0.140006 0.414907 0.158305 0.420186 0.161824 0.41174 0.160417 0.383235 0.154786 0.366343 0.159009 0.351562 0.156898 0.336782 0.151267 0.326225
0 0.639724 0.21326 0.628463 0.218539 0.613682 0.254434 0.610867 0.280828 0.624944 0.286106 0.641132 0.283995 0.65732 0.291385 0.664358 0.300887 0.682658 0.307221 0.703069 0.294552 0.703069 0.258657 0.695327 0.215372 0.684769 0.214316 0.646059 0.221706
0 0.560895 0.31989 0.550338 0.317779 0.53415 0.317779 0.530631 0.326225 0.530631 0.341005 0.538373 0.366343 0.561599 0.373733 0.574972 0.364231 0.594679 0.356841 0.604533 0.345228 0.599606 0.330448 0.597494 0.317779 0.589752 0.311444 0.578491 0.311444 0.570749 0.320946
