0 0.150641 0.130449 0.150641 0.153526 0.146154 0.175321 0.135256 0.144551 0.124359 0.172756 0.133333 0.20609 0.14359 0.243269 0.158333 0.259936 0.176923 0.243269 0.194872 0.226603 0.213462 0.179167 0.201282 0.154808 0.171154 0.159936 0.161538 0.148397
0 0.180769 0.370192 0.178205 0.381731 0.172436 0.394551 0.158974 0.402244 0.144872 0.397115 0.133974 0.416346 0.150641 0.424038 0.133974 0.445833 0.128846 0.466346 0.125641 0.513782 0.125641 0.549679 0.128846 0.570192 0.145513 0.583013 0.169872 0.549679 0.201282 0.55609 0.219231 0.576603 0.242308 0.627885 0.257051 0.640705 0.29359 0.624038 0.307692 0.598397 0.350641 0.588141 0.367308 0.591987 0.382692 0.557372 0.379487 0.516346 0.367308 0.50609 0.335897 0.502244 0.317308 0.507372 0.308333 0.538141 0.297436 0.529167 0.291026 0.508654 0.278205 0.494551 0.264744 0.480449 0.264744 0.431731 0.274359 0.413782 0.261538 0.386859 0.247436 0.403526 0.228846 0.393269 0.230128 0.376603 0.217308 0.3625 0.204487 0.372756 0.189744 0.372756
0 0.45641 0.333013 0.454487 0.377885 0.470513 0.386859 0.478846 0.403526 0.482692 0.430449 0.462179 0.480449 0.428846 0.480449 0.424359 0.50609 0.439103 0.548397 0.457692 0.572756 0.487179 0.594551 0.523077 0.594551 0.528205 0.527885 0.555128 0.474038 0.562821 0.427885 0.56859 0.377885 0.566026 0.291987 0.541667 0.302244 0.525 0.311218 0.510897 0.303526 0.492308 0.329167 0.476282 0.322756
0 0.604487 0.30609 0.597436 0.335577 0.6 0.365064 0.587821 0.384295 0.589744 0.391987 0.601282 0.407372 0.623077 0.416346 0.641026 0.422756 0.658974 0.417628 0.675641 0.403526 0.692308 0.376603 0.685897 0.330449 0.666026 0.321474 0.642949 0.302244 0.623718 0.313782 0.616026 0.289423
0 0.604487 0.093269 0.592949 0.116346 0.562179 0.133013 0.560256 0.1625 0.557051 0.203526 0.55641 0.234295 0.558333 0.252244 0.565385 0.271474 0.576282 0.283013 0.582051 0.244551 0.6 0.195833 0.604487 0.194551 0.617308 0.172756 0.627564 0.15609 0.636538 0.153526 0.652564 0.116346 0.648718 0.094551 0.614744 0.097115
0 0.70641 0.088141 0.697436 0.116346 0.678846 0.143269 0.680769 0.1625 0.682051 0.203526 0.684615 0.231731 0.697436 0.249679 0.704487 0.281731 0.707692 0.294551 0.71859 0.279167 0.725641 0.247115 0.729487 0.207372 0.733333 0.177885 0.733333 0.149679 0.730128 0.115064 0.719872 0.086859
0 0.841667 0.049679 0.821795 0.088141 0.812821 0.135577 0.832692 0.170192 0.853205 0.177885 0.878205 0.163782 0.888462 0.127885 0.896795 0.086859 0.879487 0.063782 0.858974 0.070192
0 0.960256 0.053526 0.954487 0.100962 0.934615 0.161218 0.919872 0.159936 0.915385 0.167628 0.914103 0.207372 0.910897 0.245833 0.919231 0.277885 0.93141 0.325321 0.950641 0.322756 0.959615 0.334295 0.973077 0.339423 0.997436 0.320192 0.996795 0.043269 0.984615 0.041987 0.969872 0.054808
0 0.374359 0.013782 0.373077 0.045833 0.389744 0.075321 0.396154 0.10609 0.4 0.126603 0.401282 0.159936 0.417308 0.176603 0.428205 0.167628 0.44359 0.141987 0.451282 0.081731 0.473077 0.044551 0.489744 0.007372 0.385897 0.009936
0 0.353846 0.202244 0.337821 0.229167 0.34359 0.254808 0.35 0.259936 0.367308 0.2625 0.384615 0.266346 0.403846 0.274038 0.419872 0.281731 0.439744 0.281731 0.442949 0.258654 0.441026 0.245833 0.434615 0.233013 0.423718 0.235577 0.411538 0.230449 0.40641 0.200962 0.4 0.198397 0.380769 0.199679 0.365385 0.200962
0 0.198077 0.021474 0.200641 0.044551 0.198077 0.080449 0.192949 0.091987 0.201282 0.111218 0.223718 0.11891 0.232692 0.130449 0.235897 0.134295 0.251282 0.11891 0.257051 0.093269 0.273718 0.074038 0.276923 0.065064 0.273718 0.025321 0.257051 0.031731 0.242308 0.030449 0.236538 0.024038 0.225641 0.00609 0.203205 0.008654
0 0.642308 0.553526 0.633974 0.581731 0.630128 0.598397 0.638462 0.6125 0.637821 0.643269 0.632051 0.680449 0.628846 0.695833 0.634615 0.733013 0.648718 0.761218 0.671154 0.783013 0.677564 0.793269 0.694231 0.800962 0.717949 0.765064 0.738462 0.736859 0.719872 0.702244 0.70641 0.665064 0.703846 0.615064 0.707692 0.566346 0.696154 0.558654 0.664103 0.558654 0.65 0.550962
0 0.932692 0.516346 0.927564 0.55609 0.917949 0.574038 0.902564 0.593269 0.883333 0.604808 0.882051 0.634295 0.885256 0.657372 0.894231 0.666346 0.921154 0.66891 0.946795 0.677885 0.969872 0.661218 0.985256 0.625321 0.989744 0.589423 0.983333 0.554808 0.952564 0.527885
0 0.754487 0.584295 0.724359 0.594551 0.717308 0.60609 0.728205 0.689423 0.744872 0.71891 0.765385 0.70609 0.801282 0.648397 0.794231 0.613782 0.776923 0.595833
0 0.472436 0.666346 0.464744 0.689423 0.476923 0.725321 0.478846 0.771474 0.492949 0.790705 0.507051 0.775321 0.525641 0.748397 0.522436 0.709936 0.5 0.683013 0.486538 0.675321
0 0.839744 0.808654 0.835897 0.877885 0.814103 0.922756 0.814744 0.943269 0.841667 0.95609 0.855128 0.904808 0.861538 0.879167 0.883333 0.852244 0.865385 0.81891
0 0.049359 0.803526 0.042308 0.835577 0.03141 0.835577 0.026923 0.859936 0.035256 0.879167 0.053205 0.895833 0.063462 0.911218 0.092308 0.930449 0.110256 0.886859 0.122436 0.875321 0.107051 0.836859 0.096795 0.820192 0.071154 0.820192 0.061538 0.785577
0 0.213462 0.830449 0.191667 0.839423 0.187821 0.86891 0.197436 0.902244 0.217308 0.917628 0.233974 0.916346 0.245513 0.893269 0.244231 0.849679 0.232051 0.838141
0 0.392308 0.830449 0.364103 0.844551 0.363462 0.86891 0.378846 0.881731 0.379487 0.921474 0.355769 0.930449 0.355769 0.961218 0.359615 0.976603 0.364103 0.994551 0.450641 0.991987 0.447436 0.948397 0.422436 0.916346 0.421795 0.872756 0.421795 0.848397 0.410256 0.835577
0 0.030128 0.380449 0.016667 0.420192 0.019231 0.466346 0.007051 0.493269 0.007051 0.503526 0.008974 0.533013 0.003205 0.565064 0.0 0.621474 0.017949 0.61891 0.023077 0.580449 0.039103 0.552244 0.042308 0.527885 0.052564 0.470192 0.048077 0.417628 0.051282 0.404808 0.087179 0.415064 0.101923 0.4125 0.119872 0.357372 0.108974 0.316346 0.095513 0.304808 0.075 0.357372 0.060256 0.375321
0 0.342949 0.353526 0.328205 0.374038 0.334615 0.409936 0.353846 0.429167 0.361538 0.447115 0.366026 0.457372 0.38141 0.466346 0.385897 0.458654 0.396795 0.433013 0.380128 0.4125 0.358974 0.374038 0.353205 0.358654
