0 0.9 0.149679 0.901923 0.213782 0.925 0.284295 0.938462 0.298397 0.94359 0.311218 0.946795 0.357372 0.972436 0.367628 0.995513 0.380449 0.987821 0.284295 0.983974 0.294551 0.973077 0.259936 0.977564 0.233013 0.996154 0.197115 0.995513 0.140705 0.973077 0.158654 0.953205 0.166346 0.939744 0.183013 0.928846 0.175321 0.921154 0.159936 0.907051 0.147115
0 0.476282 0.015064 0.467308 0.052244 0.466667 0.154808 0.489103 0.1625 0.515385 0.198397 0.535256 0.224038 0.541026 0.224038 0.562179 0.148397 0.567949 0.093269 0.576923 0.040705 0.579487 0.008654 0.487821 0.003526
0 0.152564 0.008654 0.148718 0.061218 0.152564 0.11891 0.137179 0.124038 0.105128 0.109936 0.119231 0.150962 0.132692 0.229167 0.144872 0.286859 0.142308 0.30609 0.137821 0.359936 0.139744 0.394551 0.142949 0.426603 0.125641 0.483013 0.104487 0.507372 0.082692 0.51891 0.044872 0.580449 0.094231 0.674038 0.130769 0.676603 0.153846 0.636859 0.180128 0.617628 0.2 0.636859 0.237179 0.65609 0.254487 0.634295 0.246154 0.574038 0.264103 0.503526 0.296795 0.559936 0.296154 0.616346 0.295513 0.638141 0.326923 0.700962 0.346154 0.726603 0.366026 0.799679 0.412821 0.81891 0.438462 0.763782 0.432051 0.722756 0.385256 0.640705 0.34359 0.567628 0.362821 0.540705 0.389744 0.565064 0.437179 0.586859 0.45641 0.585577 0.446795 0.491987 0.383974 0.450962 0.353205 0.321474 0.328846 0.267628 0.291667 0.324038 0.247436 0.390705 0.221795 0.377885 0.217949 0.376603 0.217949 0.308654 0.225641 0.2625 0.275641 0.163782 0.276923 0.093269 0.262821 0.022756 0.230128 0.038141 0.210256 0.043269 0.224359 0.004808
0 0.467308 0.31891 0.474359 0.302244 0.503846 0.30609 0.514744 0.327885 0.530128 0.329167 0.525641 0.371474 0.499359 0.425321 0.476282 0.430449 0.475 0.408654 0.46859 0.345833
0 0.767949 0.50609 0.758974 0.55609 0.716667 0.577885 0.714103 0.531731 0.662821 0.541987 0.70641 0.624038 0.700641 0.648397 0.659615 0.695833 0.639744 0.700962 0.669872 0.761218 0.682692 0.786859 0.710897 0.772756 0.758333 0.741987 0.812179 0.748397 0.808974 0.697115 0.784615 0.627885 0.782692 0.554808 0.786538 0.522756 0.775641 0.495833
0 0.880128 0.494551 0.873718 0.529167 0.857692 0.549679 0.844231 0.517628 0.826923 0.517628 0.835897 0.566346 0.830769 0.593269 0.860897 0.621474 0.871154 0.667628 0.861538 0.689423 0.902564 0.688141 0.912179 0.654808 0.915385 0.598397 0.917308 0.498397 0.897436 0.511218
0 0.983333 0.429167 0.958974 0.453526 0.975641 0.507372 0.973077 0.530449 0.972436 0.550962 0.995513 0.576603 0.996154 0.440705
0 0.878846 0.925321 0.808974 0.947115 0.796154 0.991987 0.948718 0.993269 0.936538 0.9625 0.910897 0.949679 0.892949 0.934295
0 0.007051 0.490705 0.032692 0.454808 0.053205 0.438141 0.049359 0.374038 0.041026 0.371474 0.023718 0.36891 0.001923 0.350962 0.004487 0.46891
0 0.003205 0.589423 0.032051 0.580449 0.052564 0.635577 0.053846 0.644551 0.042308 0.676603 0.046154 0.704808 0.069872 0.748397 0.09359 0.772756 0.111538 0.858654 0.11859 0.865064 0.114103 0.915064 0.099359 0.920192 0.070513 0.850962 0.03141 0.758654 0.001923 0.731731
0 0.173077 0.681731 0.157051 0.71891 0.145513 0.745833 0.155128 0.76891 0.167949 0.790705 0.180128 0.784295 0.2 0.75609 0.226282 0.761218 0.235897 0.774038 0.242308 0.748397 0.238462 0.724038 0.214744 0.708654 0.203205 0.713782 0.200641 0.690705 0.19359 0.650962 0.188462 0.648397 0.178205 0.672756
0 0.157051 0.986859 0.172436 0.924038 0.199359 0.915064 0.244872 0.941987 0.30641 0.994551 0.169231 0.990705
