0 0.525 0.116346 0.503205 0.213782 0.517949 0.309936 0.507051 0.379167 0.471154 0.384295 0.450641 0.420192 0.445513 0.444551 0.455128 0.503526 0.43141 0.524038 0.430128 0.541987 0.44359 0.584295 0.446795 0.598397 0.521795 0.620192 0.552564 0.607372 0.578205 0.589423 0.603846 0.452244 0.604487 0.434295 0.615385 0.393269 0.610256 0.343269 0.617308 0.289423 0.642308 0.265064 0.657051 0.230449 0.678846 0.204808 0.674359 0.150962 0.632051 0.1125 0.574359 0.117628 0.541026 0.124038
0 0.817308 0.071474 0.807692 0.11891 0.78141 0.183013 0.763462 0.321474 0.742308 0.376603 0.775 0.394551 0.820513 0.372756 0.846154 0.266346 0.876282 0.234295 0.895513 0.226603 0.882051 0.161218 0.871154 0.120192 0.862821 0.094551 0.832051 0.047115
0 0.633974 0.00609 0.65 0.047115 0.685897 0.059936 0.707692 0.084295 0.723718 0.111218 0.748718 0.115064 0.769872 0.085577 0.762821 0.047115 0.739103 0.015064 0.735256 0.007372
0 0.700641 0.540705 0.688462 0.607372 0.664103 0.666346 0.646154 0.815064 0.627564 0.916346 0.625 0.938141 0.685897 0.948397 0.741026 0.933013 0.74359 0.991987 0.870513 0.989423 0.848077 0.948397 0.842308 0.913782 0.833974 0.845833 0.808333 0.853526 0.796154 0.870192 0.767949 0.800962 0.758974 0.749679 0.764744 0.698397 0.764744 0.66891 0.728205 0.520192 0.732692 0.479167 0.691667 0.50609
0 0.540385 0.657372 0.514103 0.711218 0.487821 0.693269 0.476923 0.776603 0.478205 0.898397 0.470513 0.931731 0.457692 0.988141 0.496154 0.991987 0.507692 0.941987 0.540385 0.911218 0.553205 0.894551 0.558333 0.857372 0.558974 0.808654 0.569872 0.772756 0.58141 0.736859 0.603205 0.690705 0.603846 0.659936 0.572436 0.658654
0 0.017308 0.167628 0.047436 0.098397 0.089744 0.053526 0.116667 0.054808 0.161538 0.145833 0.191667 0.170192 0.234615 0.157372 0.310897 0.186859 0.314744 0.241987 0.305769 0.336859 0.26859 0.349679 0.230128 0.320192 0.204487 0.336859 0.169231 0.358654 0.153846 0.363782 0.180769 0.458654 0.219231 0.507372 0.205769 0.586859 0.188462 0.593269 0.182051 0.615064 0.161538 0.652244 0.144231 0.6625 0.137179 0.676603 0.122436 0.720192 0.06859 0.765064 0.002564 0.815064 0.003846 0.543269 0.03141 0.566346 0.088462 0.585577 0.108974 0.577885 0.108974 0.535577 0.117949 0.485577 0.128846 0.413782 0.125 0.395833 0.094872 0.384295 0.078846 0.381731 0.030128 0.407372 0.005769 0.429167 0.000641 0.303526 0.039744 0.302244 0.048077 0.26891 0.03141 0.224038
0 0.345513 0.008654 0.323718 0.095833 0.348077 0.126603 0.370513 0.135577 0.407692 0.129167 0.411538 0.054808 0.415385 0.007372
0 0.221795 0.791987 0.198718 0.793269 0.162179 0.790705 0.144872 0.826603 0.148718 0.890705 0.142308 0.970192 0.148718 0.993269 0.175 0.981731 0.189744 0.961218 0.217949 0.927885 0.233333 0.911218 0.249359 0.891987 0.252564 0.879167 0.271154 0.8625 0.285256 0.863782 0.303846 0.866346 0.312821 0.903526 0.313462 0.909936 0.328205 0.939423 0.341026 0.886859 0.360897 0.821474 0.353846 0.777885 0.321795 0.740705 0.273718 0.722756 0.244231 0.734295 0.233333 0.777885
0 0.861538 0.422756 0.837821 0.458654 0.817949 0.4625 0.804487 0.483013 0.823718 0.491987 0.852564 0.502244 0.86859 0.502244 0.885256 0.481731 0.877564 0.448397
0 0.959615 0.759936 0.923718 0.772756 0.890385 0.829167 0.887821 0.853526 0.912179 0.874038 0.933974 0.888141 0.961538 0.877885 0.973077 0.8625 0.976923 0.830449 0.969231 0.777885
