0 0.09359 0.026603 0.123718 0.074038 0.115385 0.130449 0.089103 0.125321 0.091667 0.213782 0.097436 0.249679 0.137821 0.221474 0.187821 0.193269 0.219872 0.149679 0.234615 0.080449 0.205769 0.031731 0.182692 0.004808 0.090385 0.00609
0 0.271795 0.0125 0.286538 0.070192 0.273077 0.098397 0.238462 0.154808 0.239744 0.198397 0.264103 0.235577 0.339744 0.303526 0.380769 0.31891 0.426282 0.327885 0.461538 0.293269 0.478846 0.238141 0.475 0.213782 0.430128 0.143269 0.40641 0.065064 0.420513 0.00609 0.276923 0.004808
0 0.534615 0.091987 0.549359 0.149679 0.541667 0.225321 0.534615 0.266346 0.532692 0.363782 0.534615 0.436859 0.563462 0.452244 0.633974 0.375321 0.673718 0.31891 0.7 0.197115 0.746795 0.074038 0.773077 0.081731 0.804487 0.074038 0.836538 0.038141 0.845513 0.00609 0.627564 0.00609 0.608974 0.066346 0.592949 0.076603 0.539103 0.070192
0 0.873718 0.063782 0.854487 0.100962 0.844872 0.131731 0.844231 0.157372 0.858333 0.185577 0.878846 0.184295 0.887821 0.191987 0.898718 0.175321 0.896795 0.125321 0.891026 0.077885 0.890385 0.048397
0 0.971154 0.093269 0.948718 0.113782 0.937179 0.165064 0.942949 0.197115 0.950641 0.241987 0.955769 0.252244 0.998077 0.322756 0.996795 0.061218 0.994872 0.083013
0 0.857051 0.427885 0.84359 0.467628 0.835256 0.516346 0.834615 0.530449 0.852564 0.541987 0.877564 0.5625 0.887821 0.602244 0.909615 0.609936 0.919231 0.559936 0.898718 0.500962 0.886538 0.463782
0 0.646154 0.472756 0.639744 0.545833 0.64359 0.598397 0.639744 0.620192 0.607692 0.645833 0.589103 0.635577 0.510897 0.647115 0.501282 0.720192 0.510897 0.791987 0.527564 0.831731 0.54359 0.859936 0.578205 0.858654 0.59359 0.825321 0.60641 0.745833 0.625641 0.7125 0.683333 0.685577 0.715385 0.647115 0.736538 0.589423 0.707692 0.508654 0.676923 0.4625 0.664103 0.457372
0 0.303846 0.358654 0.296154 0.466346 0.332692 0.521474 0.341667 0.591987 0.342949 0.621474 0.333974 0.680449 0.307692 0.691987 0.247436 0.7125 0.242308 0.740705 0.249359 0.803526 0.260256 0.815064 0.351282 0.788141 0.366026 0.784295 0.386538 0.781731 0.408974 0.76891 0.420513 0.799679 0.435256 0.839423 0.441667 0.884295 0.461538 0.886859 0.473718 0.885577 0.475 0.857372 0.464744 0.788141 0.472436 0.744551 0.46859 0.629167 0.458333 0.571474 0.437821 0.491987 0.403846 0.371474
0 0.096795 0.297115 0.076923 0.357372 0.048077 0.372756 0.021154 0.394551 0.003846 0.440705 0.003205 0.484295 0.028846 0.517628 0.045513 0.529167 0.067949 0.475321 0.085897 0.459936 0.137821 0.489423 0.157051 0.420192 0.154487 0.357372 0.120513 0.289423
0 0.919872 0.652244 0.913462 0.679167 0.873077 0.65609 0.872436 0.6625 0.857692 0.763782 0.861538 0.783013 0.866667 0.8125 0.892308 0.848397 0.919872 0.877885 0.951282 0.861218 0.965385 0.839423 0.965385 0.802244 0.954487 0.735577 0.94359 0.641987
0 0.805769 0.915064 0.810256 0.971474 0.802564 0.994551 0.916667 0.990705 0.909615 0.970192 0.863462 0.935577 0.838462 0.958654 0.825641 0.959936 0.819231 0.90609
0 0.008974 0.966346 0.021154 0.967628 0.033333 0.938141 0.039103 0.907372 0.06859 0.880449 0.103846 0.863782 0.120513 0.872756 0.114744 0.915064 0.099359 0.939423 0.094231 0.959936 0.082692 0.993269 0.003846 0.993269 0.002564 0.972756
0 0.164744 0.980449 0.165385 0.9625 0.188462 0.961218 0.200641 0.95609 0.216026 0.949679 0.235256 0.961218 0.232051 0.993269 0.165385 0.994551
