0 0.701923 0.122756 0.669872 0.145833 0.660256 0.177885 0.670513 0.224038 0.702564 0.280449 0.732051 0.329167 0.746154 0.367628 0.765385 0.394551 0.785897 0.377885 0.819231 0.300962 0.833974 0.241987 0.812179 0.176603 0.766667 0.136859 0.728846 0.177885 0.732692 0.104808
0 0.878846 0.050962 0.855769 0.130449 0.873077 0.171474 0.894872 0.188141 0.912821 0.303526 0.930128 0.40609 0.936538 0.470192 0.960256 0.489423 0.998077 0.513782 0.996795 0.124038 0.986538 0.140705 0.96859 0.107372 0.954487 0.033013 0.942949 0.067628 0.921154 0.111218 0.912821 0.126603 0.896795 0.083013 0.901282 0.061218 0.895513 0.058654
0 0.515385 0.054808 0.548718 0.145833 0.541667 0.179167 0.567949 0.191987 0.570513 0.170192 0.571795 0.081731 0.584615 0.075321 0.570513 0.059936 0.546795 0.058654
0 0.409615 0.011218 0.428205 0.076603 0.423718 0.102244 0.407051 0.115064 0.420513 0.145833 0.440385 0.145833 0.445513 0.111218 0.461538 0.0625 0.469872 0.00609 0.421154 0.004808
0 0.249359 0.004808 0.266026 0.067628 0.285897 0.072756 0.296154 0.072756 0.325 0.017628 0.332692 0.004808
0 0.108333 0.291987 0.088462 0.331731 0.085897 0.443269 0.092308 0.475321 0.096154 0.550962 0.11859 0.517628 0.129487 0.500962 0.187179 0.495833 0.174359 0.458654 0.153846 0.403526 0.163462 0.345833 0.176282 0.353526 0.153846 0.315064 0.133333 0.304808
0 0.221795 0.316346 0.207051 0.324038 0.207051 0.388141 0.224359 0.408654 0.244872 0.40609 0.251923 0.354808 0.251923 0.313782
0 0.359615 0.272756 0.337179 0.345833 0.358333 0.393269 0.376923 0.407372 0.408974 0.431731 0.426923 0.471474 0.428846 0.515064 0.419872 0.56891 0.416667 0.631731 0.422436 0.663782 0.450641 0.626603 0.497436 0.535577 0.502564 0.474038 0.489744 0.421474 0.457051 0.409936 0.44359 0.354808 0.432692 0.294551 0.407051 0.285577 0.391026 0.280449
0 0.014103 0.675321 0.05 0.643269 0.08141 0.627885 0.114744 0.663782 0.104487 0.729167 0.066667 0.789423 0.048718 0.777885 0.03141 0.741987 0.007692 0.690705
0 0.216026 0.558654 0.180769 0.589423 0.189744 0.627885 0.203846 0.663782 0.208974 0.65609 0.227564 0.572756
0 0.302564 0.576603 0.287179 0.611218 0.264103 0.66891 0.261538 0.675321 0.3 0.699679 0.326923 0.684295 0.326282 0.766346 0.337179 0.797115 0.38141 0.750962 0.364744 0.667628 0.355128 0.590705 0.322436 0.572756
0 0.519872 0.248397 0.527564 0.366346 0.552564 0.370192 0.580769 0.331731 0.56859 0.272756
0 0.658974 0.436859 0.654487 0.458654 0.666667 0.521474 0.699359 0.553526 0.70641 0.604808 0.705128 0.639423 0.694872 0.707372 0.677564 0.800962 0.701282 0.845833 0.729487 0.839423 0.741026 0.834295 0.733974 0.784295 0.728846 0.743269 0.751923 0.684295 0.770513 0.633013 0.789744 0.583013 0.791667 0.571474 0.833974 0.604808 0.884615 0.595833 0.9 0.563782 0.841026 0.494551 0.795513 0.507372 0.78141 0.472756 0.750641 0.444551 0.695513 0.416346 0.685256 0.385577
0 0.469231 0.779167 0.445513 0.793269 0.433974 0.859936 0.401282 0.835577 0.395513 0.895833 0.4 0.989423 0.516026 0.995833 0.502564 0.931731 0.541026 0.904808 0.549359 0.854808 0.555128 0.788141 0.515385 0.822756 0.490385 0.786859
0 0.525641 0.6625 0.544231 0.725321 0.551282 0.752244 0.577564 0.736859 0.577564 0.634295 0.553846 0.624038
0 0.933333 0.533013 0.930128 0.559936 0.93141 0.588141 0.94359 0.665064 0.967949 0.634295 0.994872 0.643269 0.996795 0.586859 0.959615 0.570192
