0 0.196795 0.01891 0.19359 0.104808 0.203205 0.166346 0.220513 0.209936 0.224359 0.220192 0.274359 0.184295 0.298718 0.140705 0.342308 0.065064 0.342308 0.007372 0.203205 0.003526
0 0.494231 0.021474 0.499359 0.063782 0.498077 0.102244 0.525641 0.121474 0.537179 0.138141 0.541667 0.145833 0.576923 0.102244 0.580769 0.06891 0.601282 0.007372 0.503846 0.00609
0 0.332692 0.166346 0.302564 0.230449 0.313462 0.295833 0.327564 0.333013 0.335256 0.347115 0.336538 0.385577 0.31859 0.488141 0.322436 0.517628 0.333333 0.541987 0.35 0.558654 0.364744 0.554808 0.385897 0.550962 0.39359 0.502244 0.392949 0.46891 0.386538 0.444551 0.403205 0.399679 0.417949 0.363782 0.385897 0.350962 0.366026 0.354808 0.365385 0.307372 0.373077 0.276603 0.353205 0.238141 0.339744 0.190705
0 0.512821 0.253526 0.491667 0.304808 0.488462 0.381731 0.480769 0.448397 0.504487 0.50609 0.508974 0.474038 0.551923 0.430449 0.580769 0.417628 0.58141 0.338141 0.56859 0.295833 0.550641 0.233013 0.525641 0.249679
0 0.635897 0.01891 0.659615 0.061218 0.635897 0.157372 0.642949 0.185577 0.667308 0.198397 0.697436 0.135577 0.712179 0.138141 0.746795 0.211218 0.782051 0.154808 0.790385 0.124038 0.819231 0.161218 0.823718 0.204808 0.860256 0.245833 0.889103 0.315064 0.864744 0.399679 0.874359 0.46891 0.88141 0.584295 0.925 0.638141 0.997436 0.704808 0.991667 0.359936 0.971795 0.327885 0.973077 0.234295 0.948718 0.234295 0.927564 0.276603 0.919231 0.209936 0.93141 0.125321 0.973718 0.143269 0.997436 0.121474 0.997436 0.004808 0.640385 0.00609
0 0.714744 0.411218 0.673718 0.472756 0.651282 0.558654 0.651923 0.589423 0.710256 0.638141 0.742308 0.6125 0.757692 0.533013 0.763462 0.488141 0.760897 0.440705 0.751282 0.430449 0.732051 0.424038
0 0.607051 0.5625 0.574359 0.608654 0.575 0.641987 0.542308 0.688141 0.542308 0.741987 0.548718 0.75609 0.547436 0.844551 0.570513 0.829167 0.60641 0.791987 0.612821 0.785577 0.619872 0.71891 0.617308 0.616346 0.623077 0.558654
0 0.009615 0.441987 0.067308 0.399679 0.107051 0.375321 0.126923 0.338141 0.153205 0.313782 0.175 0.309936 0.185897 0.327885 0.253205 0.324038 0.262179 0.343269 0.273077 0.380449 0.240385 0.408654 0.21859 0.434295 0.192308 0.434295 0.137179 0.498397 0.080769 0.547115 0.055769 0.567628 0.004487 0.544551 0.003846 0.461218
0 0.00641 0.675321 0.016667 0.686859 0.035897 0.635577 0.04359 0.626603 0.107051 0.626603 0.136538 0.674038 0.150641 0.709936 0.185256 0.747115 0.244872 0.790705 0.292308 0.785577 0.339103 0.803526 0.361538 0.839423 0.390385 0.938141 0.380128 0.994551 0.203846 0.994551 0.208333 0.886859 0.170513 0.808654 0.146795 0.781731 0.123077 0.76891 0.10641 0.844551 0.091026 0.889423 0.076282 0.91891 0.039744 0.913782 0.002564 0.877885 0.001923 0.691987
0 0.442949 0.591987 0.429487 0.591987 0.411538 0.566346 0.408333 0.563782 0.397436 0.659936 0.421795 0.652244 0.432692 0.672756 0.451923 0.658654 0.465385 0.61891 0.464744 0.604808
0 0.783333 0.721474 0.689744 0.731731 0.707692 0.786859 0.727564 0.836859 0.730769 0.920192 0.707051 0.974038 0.741026 0.954808 0.783333 0.884295 0.819231 0.894551 0.864103 0.849679 0.876923 0.865064 0.879487 0.959936 0.878205 0.991987 0.958333 0.985577 0.966667 0.924038 0.917949 0.852244 0.889744 0.798397 0.860897 0.744551 0.826923 0.733013 0.805128 0.735577
