0 0.530128 0.375321 0.508333 0.390705 0.492949 0.50609 0.494231 0.529167 0.486538 0.572756 0.466026 0.570192 0.403846 0.574038 0.404487 0.636859 0.419872 0.713782 0.448077 0.795833 0.455769 0.833013 0.467949 0.8625 0.466667 0.917628 0.490385 0.943269 0.516667 0.943269 0.523718 0.986859 0.557051 0.980449 0.576282 0.949679 0.591667 0.915064 0.573077 0.881731 0.548077 0.857372 0.542308 0.763782 0.578205 0.752244 0.6 0.704808 0.610256 0.658654 0.617308 0.609936 0.612179 0.507372 0.576923 0.408654 0.573077 0.348397 0.554487 0.333013
0 0.280769 0.230449 0.242308 0.267628 0.242949 0.309936 0.280769 0.348397 0.275 0.388141 0.284615 0.415064 0.303846 0.426603 0.341667 0.422756 0.371795 0.366346 0.382692 0.3125 0.341667 0.244551 0.307051 0.231731
0 0.158333 0.20609 0.139103 0.267628 0.134615 0.334295 0.138462 0.372756 0.139744 0.435577 0.15641 0.51891 0.166667 0.530449 0.187179 0.548397 0.210256 0.56891 0.239744 0.5125 0.240385 0.483013 0.235897 0.415064 0.211538 0.317628 0.204487 0.225321 0.190385 0.198397
0 0.298077 0.007372 0.279487 0.047115 0.321795 0.094551 0.330128 0.148397 0.364103 0.158654 0.376282 0.133013 0.359615 0.077885 0.369872 0.041987 0.383333 0.007372
0 0.635256 0.121474 0.619231 0.213782 0.608333 0.297115 0.612821 0.331731 0.619231 0.359936 0.63141 0.363782 0.635897 0.297115 0.663462 0.315064 0.686538 0.317628 0.704487 0.263782 0.682051 0.184295 0.676923 0.153526 0.653205 0.122756
0 0.785256 0.0125 0.792949 0.072756 0.824359 0.11891 0.848077 0.091987 0.870513 0.00609 0.792308 0.002244
0 0.964744 0.225321 0.955769 0.279167 0.941667 0.244551 0.937821 0.235577 0.93141 0.2625 0.928846 0.275321 0.921154 0.281731 0.898077 0.20609 0.886538 0.216346 0.883333 0.290705 0.887179 0.335577 0.889744 0.399679 0.913462 0.436859 0.934615 0.454808 0.966026 0.394551 0.991667 0.326603 0.99359 0.208654
0 0.791026 0.517628 0.730769 0.525321 0.695513 0.591987 0.660897 0.649679 0.650641 0.676603 0.653205 0.726603 0.664744 0.759936 0.667949 0.80609 0.65641 0.8625 0.675 0.915064 0.689744 0.929167 0.705769 0.90609 0.724359 0.845833 0.753846 0.793269 0.791667 0.741987 0.807051 0.65609 0.814103 0.549679 0.801282 0.524038
0 0.858974 0.629167 0.810897 0.703526 0.795513 0.748397 0.777564 0.820192 0.754487 0.871474 0.723718 0.920192 0.717949 0.939423 0.73141 0.953526 0.760256 0.958654 0.771154 0.903526 0.805128 0.865064 0.829487 0.829167 0.861538 0.754808 0.882692 0.631731 0.874359 0.626603
0 0.932692 0.550962 0.911538 0.565064 0.905128 0.609936 0.916667 0.633013 0.912821 0.654808 0.933333 0.679167 0.955769 0.66891 0.974359 0.603526 0.971795 0.570192
0 0.320513 0.857372 0.290385 0.907372 0.28141 0.944551 0.271154 0.979167 0.311538 0.995833 0.344872 0.991987 0.35641 0.963782 0.383974 0.958654 0.38141 0.903526 0.353846 0.867628
0 0.126923 0.645833 0.101282 0.670192 0.079487 0.689423 0.071154 0.711218 0.114744 0.759936 0.119872 0.772756 0.140385 0.794551 0.152564 0.799679 0.167949 0.781731 0.189103 0.770192 0.204487 0.770192 0.221154 0.799679 0.233974 0.813782 0.25641 0.813782 0.264744 0.759936 0.262179 0.744551 0.222436 0.675321 0.183333 0.702244 0.167949 0.699679 0.148718 0.663782 0.135897 0.641987
0 0.942949 0.845833 0.932051 0.876603 0.90641 0.883013 0.889103 0.854808 0.883333 0.821474 0.864103 0.903526 0.871795 0.933013 0.891026 0.961218 0.894872 0.989423 0.900641 0.988141 0.962821 0.994551 0.983333 0.950962 0.984615 0.870192 0.986538 0.833013 0.972436 0.834295 0.957051 0.841987
