0 0.110256 0.239423 0.099359 0.248397 0.089744 0.248397 0.078846 0.26891 0.089744 0.294551 0.089744 0.325321 0.080769 0.347115 0.078846 0.365064 0.089744 0.398397 0.112179 0.421474 0.120513 0.431731 0.122436 0.444551 0.125 0.452244 0.142308 0.439423 0.165385 0.41891 0.188462 0.393269 0.224359 0.354808 0.233974 0.341987 0.237821 0.276603 0.208974 0.2625 0.177564 0.247115 0.151282 0.234295 0.128846 0.222756
0 0.3 0.144551 0.30641 0.224038 0.30641 0.265064 0.326923 0.281731 0.362179 0.321474 0.389744 0.304808 0.392308 0.283013 0.392949 0.231731 0.396795 0.199679 0.391026 0.172756 0.376923 0.145833 0.373718 0.107372 0.351923 0.107372 0.333974 0.122756 0.317308 0.116346
0 0.041026 0.01891 0.037179 0.053526 0.044231 0.085577 0.044231 0.108654 0.042949 0.120192 0.039103 0.130449 0.029487 0.136859 0.028846 0.158654 0.044231 0.176603 0.05641 0.174038 0.069231 0.159936 0.073077 0.124038 0.098718 0.099679 0.111538 0.122756 0.114103 0.130449 0.125641 0.11891 0.134615 0.071474 0.134615 0.004808 0.05 0.007372
0 0.591026 0.01891 0.583333 0.049679 0.551282 0.034295 0.551923 0.054808 0.55641 0.081731 0.553205 0.094551 0.541667 0.102244 0.552564 0.148397 0.584615 0.1125 0.603205 0.100962 0.617308 0.134295 0.653205 0.158654 0.667949 0.176603 0.671795 0.197115 0.694231 0.195833 0.725641 0.183013 0.733974 0.181731 0.741667 0.154808 0.732051 0.089423 0.698718 0.048397 0.691667 0.013782 0.691667 0.008654 0.6 0.009936
0 0.45 0.021474 0.439744 0.070192 0.437821 0.089423 0.438462 0.127885 0.435256 0.153526 0.425 0.149679 0.398077 0.113782 0.402564 0.1625 0.417308 0.176603 0.424359 0.183013 0.43141 0.217628 0.43141 0.226603 0.422436 0.272756 0.425 0.300962 0.441667 0.289423 0.444231 0.250962 0.446795 0.197115 0.448718 0.166346 0.463462 0.133013 0.465385 0.102244 0.476923 0.077885 0.480128 0.047115 0.472436 0.011218
0 0.904487 0.01891 0.882692 0.052244 0.871154 0.052244 0.845513 0.050962 0.859615 0.080449 0.860897 0.125321 0.860256 0.133013 0.871795 0.139423 0.894231 0.143269 0.917949 0.149679 0.94359 0.139423 0.957051 0.136859 0.967308 0.121474 0.971154 0.072756 0.988462 0.008654 0.911538 0.00609
0 0.908333 0.21891 0.889744 0.239423 0.882692 0.284295 0.896154 0.308654 0.896154 0.329167 0.897436 0.339423 0.905769 0.357372 0.923077 0.365064 0.937821 0.338141 0.942308 0.315064 0.957692 0.276603 0.954487 0.250962 0.930128 0.263782 0.916667 0.230449
0 0.817949 0.385577 0.802564 0.409936 0.814103 0.458654 0.814103 0.470192 0.808333 0.488141 0.792308 0.497115 0.789103 0.583013 0.796795 0.621474 0.804487 0.643269 0.828205 0.657372 0.837821 0.653526 0.848077 0.636859 0.859615 0.585577 0.877564 0.524038 0.879487 0.491987 0.862179 0.490705 0.851282 0.449679 0.855769 0.386859
0 0.621154 0.377885 0.612821 0.420192 0.622436 0.475321 0.635897 0.485577 0.651282 0.494551 0.660256 0.495833 0.672436 0.476603 0.672436 0.443269 0.667308 0.429167 0.652564 0.409936 0.64359 0.397115
0 0.683974 0.517628 0.661538 0.544551 0.650641 0.558654 0.635897 0.552244 0.632692 0.575321 0.628846 0.600962 0.625 0.621474 0.625641 0.671474 0.626923 0.691987 0.64359 0.730449 0.652564 0.815064 0.696154 0.733013 0.717308 0.6125 0.71859 0.572756 0.719872 0.539423 0.723077 0.513782 0.695513 0.5125
0 0.478205 0.359936 0.464744 0.400962 0.457051 0.420192 0.480769 0.465064 0.485256 0.517628 0.499359 0.511218 0.516667 0.511218 0.536538 0.498397 0.544231 0.470192 0.546795 0.440705 0.535256 0.391987 0.521795 0.374038 0.51859 0.347115 0.510897 0.375321 0.500641 0.388141 0.487179 0.365064
0 0.355128 0.449679 0.348718 0.479167 0.346154 0.509936 0.353205 0.524038 0.366026 0.536859 0.375641 0.550962 0.391026 0.539423 0.397436 0.495833 0.392949 0.475321 0.361538 0.461218
0 0.165385 0.486859 0.164744 0.521474 0.153846 0.543269 0.144872 0.539423 0.126923 0.511218 0.111538 0.533013 0.128846 0.563782 0.123718 0.589423 0.120513 0.598397 0.112179 0.631731 0.112179 0.647115 0.130128 0.6625 0.198077 0.636859 0.210897 0.613782 0.208333 0.5625 0.219231 0.534295 0.239744 0.576603 0.254487 0.599679 0.278846 0.6125 0.3 0.579167 0.310897 0.553526 0.287179 0.524038 0.264103 0.524038 0.254487 0.504808 0.246154 0.474038 0.224359 0.479167 0.202564 0.497115 0.179487 0.499679 0.175 0.476603
0 0.017308 0.720192 0.038462 0.731731 0.048718 0.736859 0.055128 0.733013 0.069872 0.725321 0.078846 0.767628 0.067949 0.81891 0.06859 0.844551 0.067949 0.871474 0.079487 0.916346 0.069872 0.967628 0.007051 0.9625 0.017949 0.907372 0.013462 0.879167 0.011538 0.804808 0.008974 0.740705
0 0.396154 0.641987 0.408974 0.680449 0.405128 0.702244 0.402564 0.733013 0.390385 0.774038 0.380128 0.793269 0.378846 0.813782 0.401923 0.809936 0.414744 0.800962 0.421795 0.822756 0.416667 0.867628 0.413462 0.9125 0.408333 0.944551 0.410256 0.980449 0.496154 0.991987 0.490385 0.902244 0.497436 0.840705 0.505128 0.793269 0.466667 0.767628 0.451923 0.744551 0.438462 0.715064 0.445513 0.66891 0.461538 0.6625 0.477564 0.681731 0.498718 0.688141 0.482051 0.653526 0.477564 0.625321 0.472436 0.611218 0.446154 0.597115 0.417949 0.616346 0.402564 0.621474
0 0.976923 0.672756 0.950641 0.729167 0.908974 0.788141 0.907051 0.816346 0.924359 0.884295 0.944872 0.920192 0.96859 0.953526 0.978846 0.9625 0.994231 0.953526 0.996154 0.676603
