0 0.839744 0.003526 0.853846 0.079167 0.847436 0.175321 0.854487 0.193269 0.872436 0.263782 0.875 0.357372 0.879487 0.4125 0.89359 0.4625 0.908974 0.489423 0.929487 0.494551 0.960897 0.491987 0.982051 0.440705 0.955769 0.434295 0.944872 0.422756 0.948077 0.336859 0.950641 0.311218 0.941667 0.257372 0.957051 0.213782 0.969872 0.208654 0.997436 0.16891 0.994231 0.003526
0 0.415385 0.008654 0.446154 0.044551 0.45641 0.044551 0.459615 0.117628 0.469231 0.141987 0.512179 0.133013 0.526923 0.065064 0.555769 0.122756 0.566667 0.133013 0.574359 0.154808 0.592949 0.176603 0.599359 0.184295 0.613462 0.149679 0.630128 0.1125 0.654487 0.003526
0 0.690385 0.236859 0.678846 0.295833 0.658333 0.327885 0.659615 0.361218 0.670513 0.385577 0.655128 0.447115 0.636538 0.454808 0.619872 0.438141 0.591026 0.404808 0.580769 0.436859 0.572436 0.521474 0.587179 0.55609 0.599359 0.594551 0.604487 0.621474 0.641026 0.658654 0.682051 0.677885 0.728205 0.625321 0.746154 0.604808 0.738462 0.527885 0.730769 0.481731 0.737821 0.448397 0.775 0.379167 0.769231 0.343269 0.726282 0.321474 0.715385 0.281731 0.707692 0.243269 0.705128 0.195833
0 0.321154 0.136859 0.307051 0.176603 0.287179 0.240705 0.287179 0.266346 0.30641 0.286859 0.351282 0.294551 0.397436 0.3125 0.389744 0.371474 0.371795 0.438141 0.362821 0.484295 0.325641 0.538141 0.320513 0.565064 0.341026 0.6625 0.385897 0.627885 0.437179 0.51891 0.471154 0.45609 0.467308 0.393269 0.455769 0.327885 0.46859 0.265064 0.449359 0.198397 0.391667 0.125321 0.365385 0.115064 0.335897 0.116346
0 0.151923 0.021474 0.174359 0.070192 0.173077 0.109936 0.242308 0.111218 0.233333 0.061218 0.25 0.080449 0.262821 0.104808 0.314103 0.100962 0.317949 0.047115 0.308333 0.008654 0.187821 0.007372
0 0.048077 0.030449 0.06859 0.038141 0.107051 0.075321 0.111538 0.136859 0.108974 0.202244 0.148718 0.188141 0.188462 0.177885 0.189744 0.217628 0.2 0.266346 0.212821 0.300962 0.223718 0.3125 0.230769 0.354808 0.230769 0.431731 0.190385 0.443269 0.166026 0.450962 0.151923 0.457372 0.145513 0.4625 0.14359 0.475321 0.146154 0.503526 0.149359 0.517628 0.178205 0.548397 0.185897 0.566346 0.196154 0.653526 0.184615 0.685577 0.173077 0.686859 0.144231 0.675321 0.112179 0.666346 0.085897 0.666346 0.080769 0.670192 0.085256 0.708654 0.085256 0.716346 0.069872 0.730449 0.039744 0.720192 0.015385 0.711218 0.005128 0.679167 0.010897 0.630449 0.024359 0.600962 0.030128 0.559936 0.035897 0.50609 0.001923 0.522756 0.000641 0.145833 0.029487 0.167628 0.039744 0.243269 0.035897 0.302244 0.042308 0.320192 0.053846 0.341987 0.071154 0.367628 0.080128 0.388141 0.092308 0.452244 0.099359 0.46891 0.110256 0.472756 0.121154 0.434295 0.123718 0.386859 0.124359 0.353526 0.130128 0.309936 0.108333 0.291987 0.073718 0.275321 0.064103 0.235577 0.040385 0.095833 0.042949 0.040705
0 0.274359 0.921474 0.312821 0.894551 0.348077 0.875321 0.385897 0.911218 0.405769 0.930449 0.433974 0.993269 0.284615 0.994551 0.282051 0.9625 0.266667 0.948397
0 0.573077 0.779167 0.548718 0.799679 0.530128 0.803526 0.533333 0.858654 0.558333 0.941987 0.577564 0.958654 0.608333 0.941987 0.616667 0.943269 0.628846 0.9125 0.61859 0.854808 0.612821 0.816346 0.599359 0.789423
0 0.969231 0.547115 0.962821 0.575321 0.953846 0.594551 0.960897 0.611218 0.966026 0.641987 0.966667 0.658654 0.973718 0.685577 0.984615 0.707372 0.996154 0.716346 0.996795 0.552244
0 0.798718 0.522756 0.800641 0.5625 0.805769 0.579167 0.81859 0.600962 0.821795 0.60609 0.85 0.574038 0.85 0.563782 0.809615 0.552244
0 0.819231 0.640705 0.811538 0.717628 0.81859 0.741987 0.825 0.763782 0.859615 0.754808 0.872436 0.699679 0.846795 0.640705
0 0.967949 0.820192 0.930128 0.804808 0.878205 0.800962 0.885256 0.85609 0.900641 0.890705 0.903846 0.893269 0.958974 0.922756 0.996154 0.949679 0.998077 0.807372
