0 0.776282 0.017628 0.769231 0.065064 0.754487 0.074038 0.734615 0.06891 0.726923 0.090705 0.728846 0.136859 0.730128 0.153526 0.728846 0.16891 0.732692 0.172756 0.769872 0.170192 0.803205 0.170192 0.833333 0.1625 0.845513 0.122756 0.844231 0.083013 0.85641 0.035577 0.860417 0.0 0.779487 0.002244
0 0.56859 0.003526 0.559615 0.030449 0.560256 0.065064 0.56859 0.080449 0.597436 0.099679 0.6 0.127885 0.620513 0.107372 0.635256 0.091987 0.673077 0.098397 0.678846 0.127885 0.683333 0.172756 0.684615 0.216346 0.651923 0.221474 0.630769 0.220192 0.616667 0.221474 0.602564 0.221474 0.585256 0.220192 0.561538 0.2125 0.546795 0.220192 0.536538 0.220192 0.526282 0.204808 0.51859 0.177885 0.510897 0.167628 0.477564 0.143269 0.470513 0.140705 0.453846 0.153526 0.428846 0.188141 0.408333 0.181731 0.403205 0.166346 0.4 0.143269 0.401923 0.125321 0.412179 0.121474 0.417308 0.095833 0.414744 0.057372 0.415385 0.0125 0.432051 0.0125 0.455128 0.003526
0 0.926282 0.183013 0.935256 0.176603 0.942308 0.136859 0.949359 0.135577 0.957692 0.147115 0.978205 0.148397 0.997917 0.158333 0.997917 0.195833 0.992949 0.233013 0.996795 0.41891 0.971154 0.420192 0.957692 0.388141 0.955128 0.36891 0.937821 0.348397 0.925 0.317628 0.923718 0.272756 0.936538 0.243269 0.933974 0.208654
0 0.764103 0.245833 0.751923 0.267628 0.753205 0.297115 0.760256 0.334295 0.76859 0.366346 0.780128 0.395833 0.791026 0.40609 0.810256 0.4625 0.833974 0.490705 0.850641 0.488141 0.865385 0.459936 0.899359 0.430449 0.907051 0.386859 0.891026 0.375321 0.878205 0.390705 0.844231 0.41891 0.814103 0.417628 0.8 0.3625 0.816026 0.331731 0.819872 0.3125 0.785897 0.265064 0.778205 0.238141
0 0.687179 0.409936 0.660256 0.426603 0.65641 0.471474 0.687179 0.483013 0.680769 0.508654 0.65641 0.51891 0.658333 0.591987 0.674359 0.649679 0.677564 0.665064 0.689744 0.685577 0.709615 0.658654 0.71859 0.630449 0.732692 0.585577 0.749359 0.55609 0.737821 0.515064 0.721795 0.491987 0.716026 0.474038 0.722436 0.408654 0.720513 0.394551 0.707051 0.403526
0 0.477564 0.415064 0.477564 0.463782 0.487821 0.499679 0.519872 0.534295 0.527564 0.533013 0.541026 0.511218 0.546795 0.488141 0.514744 0.436859 0.511538 0.436859 0.492308 0.426603
0 0.528846 0.566346 0.508333 0.571474 0.494231 0.574038 0.491026 0.617628 0.491667 0.645833 0.491667 0.690705 0.5 0.744551 0.521154 0.789423 0.528205 0.798397 0.546795 0.80609 0.565385 0.76891 0.571154 0.720192 0.585897 0.670192 0.586538 0.60609 0.592949 0.583013 0.592949 0.561218 0.584615 0.552244 0.560256 0.548397 0.541026 0.550962
0 0.341667 0.404808 0.335256 0.430449 0.321795 0.433013 0.31859 0.480449 0.327564 0.521474 0.333333 0.558654 0.346795 0.565064 0.369872 0.561218 0.388462 0.565064 0.397436 0.553526 0.411538 0.51891 0.424359 0.517628 0.433974 0.504808 0.419231 0.458654 0.397436 0.431731 0.387179 0.413782 0.358333 0.400962
0 0.219872 0.480449 0.212179 0.534295 0.23141 0.577885 0.252564 0.597115 0.257692 0.565064 0.260256 0.529167 0.255128 0.509936 0.229487 0.489423
0 0.278846 0.639423 0.264744 0.66891 0.262821 0.695833 0.266667 0.730449 0.260897 0.766346 0.260256 0.776603 0.247436 0.791987 0.23141 0.809936 0.229487 0.835577 0.273718 0.850962 0.280128 0.841987 0.296795 0.859936 0.283333 0.931731 0.280128 0.944551 0.275 0.990705 0.378205 0.998397 0.355128 0.900962 0.367949 0.85609 0.367949 0.804808 0.337179 0.804808 0.332051 0.781731 0.304487 0.747115 0.310256 0.690705 0.328846 0.689423 0.341667 0.726603 0.357051 0.707372 0.349359 0.652244 0.323718 0.627885 0.292949 0.639423 0.287179 0.640705
0 0.846154 0.722756 0.796154 0.781731 0.792308 0.834295 0.791026 0.865064 0.796795 0.893269 0.835256 0.95609 0.888462 0.903526 0.903205 0.877885 0.929487 0.865064 0.917949 0.774038 0.910256 0.741987 0.892949 0.735577 0.855769 0.725321
0 0.205128 0.131731 0.180769 0.130449 0.162821 0.16891 0.166667 0.217628 0.177564 0.2625 0.194872 0.293269 0.203205 0.322756 0.213462 0.330449 0.241667 0.336859 0.25641 0.344551 0.26859 0.331731 0.260897 0.291987 0.265385 0.259936 0.267949 0.235577 0.248077 0.183013 0.238462 0.140705 0.225 0.125321
0 0.002564 0.234295 0.015385 0.25609 0.024359 0.26891 0.039103 0.272756 0.055128 0.280449 0.076923 0.299679 0.089744 0.316346 0.101282 0.336859 0.091026 0.371474 0.078205 0.386859 0.053205 0.4125 0.037179 0.433013 0.022436 0.450962 0.005128 0.485577
0 0.007051 0.575321 0.019872 0.580449 0.028205 0.563782 0.032692 0.535577 0.037179 0.516346 0.057692 0.526603 0.073718 0.515064 0.080769 0.508654 0.103846 0.503526 0.136538 0.553526 0.148718 0.558654 0.167949 0.583013 0.164744 0.6125 0.133974 0.622756 0.116026 0.620192 0.092308 0.5625 0.076282 0.575321 0.069872 0.615064 0.060256 0.644551 0.001923 0.693269
0 0.323077 0.021474 0.311538 0.074038 0.305128 0.088141 0.305128 0.117628 0.302564 0.133013 0.297436 0.167628 0.289103 0.163782 0.266667 0.147115 0.265385 0.186859 0.280769 0.199679 0.296154 0.195833 0.29359 0.225321 0.291667 0.299679 0.289744 0.31891 0.292949 0.327885 0.309615 0.327885 0.313462 0.300962 0.319231 0.208654 0.324359 0.166346 0.338462 0.117628 0.344231 0.094551 0.345513 0.041987 0.337821 0.021474
0 0.412821 0.626603 0.416667 0.702244 0.414103 0.71891 0.423718 0.759936 0.430128 0.788141 0.452564 0.786859 0.457692 0.759936 0.448718 0.697115 0.448077 0.654808 0.437821 0.631731 0.428205 0.60609
0 0.084615 0.036859 0.073077 0.081731 0.072436 0.108654 0.078846 0.131731 0.108333 0.103526 0.114744 0.093269 0.109615 0.057372 0.105128 0.034295
