0 0.050641 0.017628 0.057051 0.090705 0.066026 0.227885 0.097436 0.263782 0.111538 0.277885 0.169872 0.235577 0.192949 0.222756 0.20641 0.159936 0.21859 0.091987 0.202564 0.007372 0.055769 0.004808
0 0.246795 0.15609 0.241667 0.213782 0.239103 0.281731 0.240385 0.315064 0.264744 0.365064 0.284615 0.380449 0.314103 0.370192 0.328846 0.321474 0.358333 0.285577 0.365385 0.197115 0.349359 0.152244 0.288462 0.174038
0 0.380769 0.235577 0.370513 0.2625 0.391026 0.354808 0.417308 0.377885 0.422436 0.420192 0.423718 0.461218 0.399359 0.46891 0.376282 0.476603 0.402564 0.544551 0.419231 0.50609 0.439744 0.531731 0.470513 0.516346 0.501923 0.461218 0.517949 0.399679 0.480769 0.376603 0.473718 0.324038 0.464744 0.297115 0.441026 0.2625 0.416667 0.298397 0.383333 0.265064
0 0.603846 0.413782 0.566026 0.440705 0.535256 0.477885 0.545513 0.515064 0.537821 0.571474 0.538462 0.585577 0.561538 0.602244 0.567308 0.585577 0.591026 0.536859 0.603205 0.527885 0.620513 0.488141 0.619231 0.465064 0.601923 0.400962
0 0.623718 0.165064 0.576923 0.189423 0.599359 0.261218 0.614744 0.275321 0.636538 0.290705 0.651923 0.330449 0.674359 0.361218 0.703205 0.389423 0.732692 0.381731 0.730769 0.361218 0.687821 0.307372 0.653205 0.266346 0.638462 0.231731 0.642949 0.198397 0.641667 0.161218
0 0.642308 0.021474 0.641026 0.075321 0.678205 0.083013 0.691026 0.022756 0.719231 0.040705 0.739744 0.049679 0.732051 0.094551 0.729487 0.150962 0.746795 0.1625 0.789103 0.089423 0.776282 0.003526 0.644231 0.004808
0 0.757692 0.522756 0.723077 0.56891 0.694231 0.595833 0.669231 0.653526 0.649359 0.663782 0.626282 0.676603 0.601282 0.799679 0.605128 0.852244 0.612179 0.993269 0.666667 0.974038 0.695513 0.943269 0.703846 0.865064 0.698718 0.748397 0.707692 0.675321 0.757051 0.675321 0.823077 0.681731 0.848077 0.675321 0.846795 0.60609 0.866026 0.545833 0.816667 0.527885 0.766667 0.50609
0 0.892949 0.525321 0.95641 0.583013 0.94359 0.650962 0.901282 0.650962 0.875641 0.738141 0.896154 0.777885 0.888462 0.840705 0.91859 0.874038 0.937821 0.691987 0.958333 0.671474 0.99359 0.609936 0.996795 0.531731 0.975 0.531731 0.929487 0.504808 0.902564 0.502244
0 0.432051 0.765064 0.401923 0.8125 0.402564 0.86891 0.408974 0.893269 0.445513 0.945833 0.442308 0.993269 0.487821 0.986859 0.485256 0.935577 0.496154 0.829167 0.462179 0.763782
0 0.135256 0.933013 0.14359 0.889423 0.162179 0.838141 0.217308 0.866346 0.254487 0.874038 0.271795 0.866346 0.296795 0.883013 0.308974 0.90609 0.275641 0.954808 0.269231 0.975321 0.237821 0.966346 0.209615 0.933013 0.178846 0.990705 0.142308 0.981731 0.133974 0.947115
0 0.239103 0.56891 0.229487 0.657372 0.225 0.71891 0.261538 0.676603 0.274359 0.638141 0.275 0.559936 0.244872 0.558654
