0 0.558974 0.013782 0.566667 0.065064 0.6 0.116346 0.646154 0.127885 0.661538 0.0125 0.576923 0.004808
0 0.729487 0.016346 0.748077 0.099679 0.771154 0.134295 0.827564 0.15609 0.857692 0.144551 0.875 0.113782 0.882692 0.030449 0.878846 0.00609 0.737179 0.007372
0 0.319231 0.111218 0.325 0.159936 0.34359 0.188141 0.358333 0.202244 0.421154 0.209936 0.451923 0.185577 0.442949 0.140705 0.405128 0.122756 0.369872 0.108654 0.355128 0.10609
0 0.512821 0.181731 0.485256 0.229167 0.458333 0.253526 0.446795 0.281731 0.470513 0.339423 0.474359 0.384295 0.501282 0.402244 0.538462 0.324038 0.573718 0.244551 0.595513 0.222756 0.610256 0.152244 0.564744 0.135577 0.55 0.171474 0.523718 0.185577
0 0.646154 0.254808 0.605128 0.275321 0.591667 0.308654 0.589744 0.361218 0.589744 0.422756 0.603846 0.474038 0.603846 0.516346 0.56859 0.577885 0.578846 0.694551 0.622436 0.674038 0.645513 0.659936 0.658333 0.700962 0.673077 0.729167 0.70641 0.772756 0.721154 0.758654 0.75 0.643269 0.749359 0.599679 0.71859 0.549679 0.736538 0.495833 0.760256 0.485577 0.776923 0.488141 0.803846 0.444551 0.809615 0.391987 0.801923 0.345833 0.745513 0.375321 0.716667 0.399679 0.66859 0.431731 0.654487 0.426603 0.642949 0.347115 0.669872 0.30609 0.662179 0.270192 0.652564 0.247115
0 0.859615 0.233013 0.844872 0.316346 0.832692 0.381731 0.862821 0.416346 0.874359 0.409936 0.869231 0.379167 0.86859 0.333013 0.905769 0.265064 0.899359 0.249679 0.879487 0.245833
0 0.007051 0.254808 0.032051 0.233013 0.133333 0.213782 0.129487 0.254808 0.141667 0.294551 0.165385 0.303526 0.18141 0.263782 0.187821 0.238141 0.249359 0.289423 0.257692 0.322756 0.291667 0.424038 0.302564 0.46891 0.316667 0.570192 0.283974 0.608654 0.269231 0.645833 0.271795 0.71891 0.274359 0.807372 0.234615 0.857372 0.216026 0.799679 0.188462 0.720192 0.178846 0.658654 0.189103 0.588141 0.219231 0.529167 0.225 0.489423 0.229487 0.420192 0.222436 0.400962 0.192949 0.388141 0.148077 0.380449 0.092949 0.357372 0.080769 0.402244 0.072436 0.491987 0.073077 0.56891 0.065385 0.639423 0.057692 0.679167 0.000641 0.659936 0.001923 0.285577
0 0.122436 0.749679 0.103205 0.808654 0.101282 0.899679 0.095513 0.994551 0.219231 0.995833 0.186538 0.952244 0.188462 0.895833 0.207692 0.870192 0.189103 0.834295 0.160256 0.859936 0.150641 0.861218 0.132051 0.791987 0.130128 0.7625
0 0.367308 0.589423 0.335897 0.647115 0.328846 0.674038 0.338462 0.699679 0.371795 0.690705 0.391667 0.675321 0.399359 0.649679 0.386538 0.615064 0.375641 0.598397
0 0.572436 0.800962 0.544231 0.845833 0.514103 0.866346 0.533974 0.917628 0.541667 0.971474 0.551923 0.995833 0.629487 0.995833 0.632692 0.931731 0.644231 0.880449 0.628205 0.834295 0.609615 0.802244 0.598718 0.795833 0.580769 0.800962
0 0.971795 0.5625 0.953846 0.593269 0.928846 0.613782 0.903846 0.697115 0.900641 0.724038 0.926923 0.765064 0.95641 0.808654 0.996154 0.757372 0.996795 0.5625
0 0.983974 0.859936 0.978205 0.903526 0.957051 0.950962 0.948718 0.988141 0.997436 0.993269 0.998077 0.866346
0 0.757051 0.921474 0.732692 0.9625 0.69359 0.938141 0.676923 0.990705 0.791026 0.993269 0.780769 0.959936 0.769872 0.935577
0 0.369231 0.815064 0.322436 0.802244 0.314744 0.86891 0.347436 0.898397 0.38141 0.899679 0.377564 0.836859
