0 0.450641 0.075321 0.415385 0.211218 0.392308 0.271474 0.391026 0.317628 0.44359 0.348397 0.455769 0.354808 0.475641 0.427885 0.497436 0.449679 0.517949 0.400962 0.522436 0.3125 0.524359 0.261218 0.496154 0.211218 0.498077 0.157372 0.487821 0.102244 0.480128 0.070192 0.469872 0.072756
0 0.582051 0.309936 0.561538 0.377885 0.565385 0.493269 0.550641 0.5625 0.577564 0.600962 0.605769 0.604808 0.621154 0.603526 0.6 0.534295 0.59359 0.488141 0.599359 0.431731 0.61859 0.391987 0.614103 0.361218
0 0.807051 0.066346 0.752564 0.136859 0.723077 0.176603 0.719872 0.225321 0.727564 0.289423 0.719231 0.335577 0.745513 0.363782 0.766026 0.399679 0.797436 0.386859 0.811538 0.371474 0.820513 0.285577 0.842308 0.191987 0.848077 0.143269 0.858974 0.044551 0.830769 0.052244
0 0.887179 0.349679 0.873077 0.370192 0.862821 0.438141 0.861538 0.494551 0.872436 0.530449 0.885256 0.589423 0.905769 0.613782 0.934615 0.624038 0.964744 0.616346 0.989103 0.566346 0.994231 0.466346 0.992308 0.371474 0.951923 0.377885 0.923718 0.377885
0 0.570513 0.676603 0.517949 0.7125 0.514744 0.741987 0.515385 0.780449 0.525 0.81891 0.551282 0.798397 0.578846 0.76891 0.610897 0.757372 0.632692 0.715064 0.632692 0.681731 0.628205 0.654808 0.610256 0.666346 0.582692 0.684295
0 0.092949 0.740705 0.062821 0.784295 0.057692 0.80609 0.066026 0.859936 0.09359 0.885577 0.109615 0.886859 0.142949 0.903526 0.155128 0.826603 0.15641 0.785577 0.157051 0.750962 0.127564 0.734295 0.115385 0.734295
0 0.001282 0.50609 0.04359 0.543269 0.064103 0.545833 0.103846 0.577885 0.091026 0.6125 0.054487 0.630449 0.016026 0.680449 0.001923 0.689423
0 0.853846 0.757372 0.813462 0.807372 0.802564 0.825321 0.796795 0.86891 0.796795 0.9125 0.800641 0.934295 0.817308 0.966346 0.826282 0.981731 0.846795 0.933013 0.871795 0.865064 0.882692 0.820192 0.905769 0.804808 0.912179 0.780449 0.90641 0.749679 0.892949 0.748397 0.862179 0.758654
0 0.685897 0.435577 0.659615 0.465064 0.664103 0.499679 0.669231 0.539423 0.688462 0.541987 0.711538 0.508654 0.737179 0.484295 0.703846 0.429167
0 0.790385 0.635577 0.777564 0.681731 0.769231 0.700962 0.776282 0.726603 0.791026 0.716346 0.814744 0.686859 0.812821 0.663782 0.800641 0.634295
