0 0.470513 0.044551 0.465385 0.091987 0.446154 0.15609 0.442949 0.184295 0.454487 0.204808 0.551923 0.213782 0.520513 0.048397 0.507051 0.036859 0.467308 0.031731
0 0.669231 0.017628 0.701282 0.038141 0.729487 0.107372 0.749359 0.152244 0.773718 0.154808 0.787821 0.139423 0.850641 0.181731 0.846154 0.153526 0.826282 0.102244 0.824359 0.057372 0.839103 0.011218 0.853846 0.008654 0.680769 0.004808
0 0.915385 0.215064 0.886538 0.252244 0.885897 0.313782 0.935897 0.321474 0.950641 0.398397 0.976923 0.417628 0.967308 0.491987 0.979487 0.517628 0.996154 0.517628 0.996795 0.338141 0.978846 0.325321 0.941026 0.280449 0.936538 0.239423 0.939744 0.204808 0.923718 0.200962
0 0.599359 0.345833 0.60641 0.295833 0.648077 0.245833 0.683333 0.291987 0.697436 0.331731 0.705128 0.40609 0.683333 0.422756 0.664744 0.429167 0.644872 0.421474 0.617949 0.384295 0.612179 0.361218
0 0.488462 0.477885 0.51859 0.416346 0.551282 0.403526 0.573077 0.377885 0.625 0.441987 0.617308 0.526603 0.617949 0.565064 0.563462 0.565064 0.545513 0.553526 0.515385 0.595833 0.496795 0.631731 0.475641 0.591987 0.496795 0.536859 0.503205 0.513782
0 0.269231 0.20609 0.250641 0.26891 0.24359 0.367628 0.283333 0.36891 0.301923 0.386859 0.33141 0.470192 0.39359 0.553526 0.425641 0.536859 0.432692 0.483013 0.398077 0.421474 0.392949 0.363782 0.390385 0.286859 0.383974 0.253526 0.364744 0.229167 0.345513 0.216346 0.334615 0.233013 0.320513 0.276603 0.316667 0.226603 0.308333 0.215064 0.278205 0.2125
0 0.083333 0.376603 0.101282 0.345833 0.116667 0.308654 0.135897 0.302244 0.160256 0.354808 0.207692 0.445833 0.227564 0.5125 0.228205 0.554808 0.200641 0.552244 0.178846 0.522756 0.142308 0.535577 0.114103 0.493269 0.10641 0.463782 0.092308 0.435577 0.078846 0.399679
0 0.262821 0.544551 0.255128 0.609936 0.251923 0.666346 0.278846 0.683013 0.285256 0.720192 0.298077 0.750962 0.307692 0.774038 0.317949 0.786859 0.334615 0.795833 0.346154 0.791987 0.355769 0.752244 0.344872 0.684295 0.333974 0.674038 0.308974 0.704808 0.300641 0.698397 0.297436 0.661218 0.303205 0.627885 0.283333 0.633013 0.280769 0.595833 0.28141 0.550962 0.271795 0.536859
0 0.61859 0.598397 0.577564 0.636859 0.560897 0.680449 0.537821 0.716346 0.511538 0.750962 0.507051 0.7625 0.513462 0.789423 0.514103 0.799679 0.537179 0.772756 0.545513 0.786859 0.544872 0.839423 0.528205 0.871474 0.497436 0.939423 0.492949 0.991987 0.577564 0.989423 0.565385 0.915064 0.561538 0.848397 0.578846 0.845833 0.584615 0.876603 0.59359 0.872756 0.600641 0.799679 0.60641 0.744551 0.610256 0.708654 0.634615 0.66891 0.646154 0.590705 0.625641 0.597115
0 0.451282 0.781731 0.432692 0.829167 0.427564 0.852244 0.426282 0.879167 0.442308 0.884295 0.460897 0.85609 0.472436 0.834295 0.471795 0.807372 0.467949 0.795833
0 0.713462 0.771474 0.70641 0.827885 0.74359 0.838141 0.800641 0.854808 0.820513 0.903526 0.852564 0.985577 0.919231 0.989423 0.920513 0.876603 0.851282 0.789423 0.823718 0.775321 0.794231 0.709936 0.740385 0.757372
0 0.048077 0.876603 0.078205 0.845833 0.122436 0.808654 0.133974 0.807372 0.144872 0.827885 0.13141 0.916346 0.120513 0.950962 0.085897 0.961218 0.069231 0.929167
0 0.009615 0.435577 0.042949 0.494551 0.049359 0.529167 0.042308 0.574038 0.035256 0.644551 0.030769 0.666346 0.010256 0.693269 0.00641 0.821474 0.039103 0.765064 0.071795 0.740705 0.099359 0.670192 0.094872 0.60609 0.082692 0.549679 0.085256 0.508654 0.087821 0.472756 0.077564 0.421474 0.049359 0.359936 0.036538 0.30609 0.023718 0.261218 0.003846 0.231731 0.002564 0.411218
0 0.182692 0.803526 0.190385 0.877885 0.192308 0.940705 0.192949 0.958654 0.201282 0.990705 0.229487 0.994551 0.228205 0.971474 0.210897 0.870192 0.198077 0.822756 0.192308 0.811218
