0 0.044231 0.040705 0.050641 0.108654 0.066667 0.1625 0.072436 0.239423 0.076923 0.277885 0.052564 0.308654 0.032051 0.321474 0.055128 0.398397 0.095513 0.4125 0.107051 0.371474 0.089744 0.2625 0.099359 0.244551 0.112179 0.222756 0.117308 0.188141 0.122436 0.150962 0.155128 0.1625 0.169872 0.103526 0.158333 0.061218 0.121154 0.05609 0.101282 0.053526 0.060897 0.030449
0 0.153846 0.276603 0.133974 0.322756 0.123077 0.397115 0.146795 0.434295 0.136538 0.507372 0.135897 0.545833 0.183974 0.540705 0.208974 0.5125 0.217308 0.422756 0.20641 0.448397 0.180128 0.431731 0.18141 0.359936 0.178205 0.325321 0.157692 0.265064
0 0.489103 0.145833 0.464744 0.170192 0.475 0.280449 0.457692 0.321474 0.401282 0.325321 0.346795 0.324038 0.323077 0.359936 0.246795 0.457372 0.251923 0.520192 0.287821 0.51891 0.302564 0.520192 0.300641 0.599679 0.344231 0.515064 0.347436 0.467628 0.362179 0.440705 0.389744 0.415064 0.414744 0.443269 0.438462 0.449679 0.499359 0.416346 0.558333 0.263782 0.537821 0.225321 0.54359 0.167628 0.580128 0.135577 0.567949 0.091987 0.538462 0.091987 0.514103 0.121474
0 0.242949 0.747115 0.210897 0.774038 0.196154 0.786859 0.20641 0.840705 0.217308 0.879167 0.228205 0.877885 0.260897 0.872756 0.30641 0.926603 0.301282 0.991987 0.376282 0.993269 0.380769 0.885577 0.357692 0.885577 0.333974 0.877885 0.330769 0.820192 0.31859 0.7625 0.296154 0.747115 0.250641 0.743269
0 0.014103 0.772756 0.030769 0.784295 0.042949 0.822756 0.035897 0.883013 0.04359 0.897115 0.061538 0.921474 0.063462 0.858654 0.069872 0.841987 0.097436 0.797115 0.142308 0.799679 0.116026 0.893269 0.107051 0.9125 0.076923 0.948397 0.036538 0.96891 0.003205 0.95609 0.002564 0.779167
0 0.397436 0.725321 0.390385 0.783013 0.405128 0.830449 0.435897 0.838141 0.440385 0.840705 0.445513 0.813782 0.451282 0.798397 0.449359 0.758654 0.452564 0.707372 0.439744 0.7125 0.420513 0.717628
0 0.391667 0.529167 0.408333 0.5625 0.413462 0.583013 0.416667 0.634295 0.421154 0.650962 0.433333 0.661218 0.442308 0.654808 0.451923 0.622756 0.457692 0.550962 0.463462 0.538141 0.430128 0.538141 0.396154 0.517628
0 0.589744 0.594551 0.549359 0.638141 0.548077 0.677885 0.59359 0.76891 0.607692 0.804808 0.623718 0.824038 0.658974 0.854808 0.708974 0.734295 0.710897 0.699679 0.682051 0.654808 0.642308 0.611218 0.624359 0.653526 0.612821 0.613782
0 0.758974 0.526603 0.729487 0.576603 0.751282 0.621474 0.769231 0.643269 0.791667 0.70609 0.797436 0.725321 0.812179 0.898397 0.844231 0.944551 0.853846 0.961218 0.889744 0.900962 0.873718 0.808654 0.887179 0.700962 0.880128 0.649679 0.867949 0.60609 0.846795 0.538141 0.823718 0.494551 0.796154 0.603526 0.792949 0.617628 0.771795 0.570192 0.803846 0.524038 0.783974 0.520192
0 0.524359 0.902244 0.551923 0.885577 0.553846 0.848397 0.578846 0.884295 0.594231 0.935577 0.613462 0.915064 0.653846 0.922756 0.675641 0.991987 0.546795 0.991987 0.523718 0.927885
0 0.983333 0.308654 0.966026 0.357372 0.970513 0.45609 0.969872 0.476603 0.996795 0.511218 0.997436 0.3125
