0 0.830128 0.115064 0.796795 0.186859 0.774359 0.288141 0.753846 0.404808 0.744872 0.434295 0.792949 0.398397 0.850641 0.329167 0.905128 0.213782 0.86859 0.103526 0.830128 0.094551
0 0.644872 0.002244 0.639744 0.058654 0.663462 0.083013 0.687179 0.089423 0.716026 0.131731 0.739103 0.145833 0.769231 0.140705 0.766667 0.099679 0.728846 0.047115 0.728205 0.000962
0 0.563462 0.135577 0.523077 0.176603 0.503205 0.240705 0.505128 0.304808 0.51859 0.371474 0.515385 0.416346 0.496154 0.417628 0.454487 0.416346 0.430769 0.454808 0.444872 0.529167 0.453846 0.575321 0.435897 0.625321 0.447436 0.650962 0.501282 0.638141 0.528846 0.625321 0.567949 0.60609 0.589103 0.584295 0.601282 0.534295 0.603205 0.448397 0.607692 0.334295 0.620513 0.294551 0.630128 0.241987 0.628205 0.180449 0.578205 0.133013
0 0.586538 0.677885 0.555769 0.683013 0.514744 0.763782 0.5 0.729167 0.478205 0.749679 0.477564 0.809936 0.475641 0.854808 0.475641 0.925321 0.458974 0.986859 0.508333 0.990705 0.535256 0.947115 0.566026 0.915064 0.570513 0.885577 0.566026 0.821474 0.566026 0.783013 0.592308 0.734295 0.607051 0.694551 0.603205 0.66891
0 0.705128 0.538141 0.698077 0.641987 0.658974 0.702244 0.637179 0.777885 0.626282 0.826603 0.627564 0.877885 0.628846 0.904808 0.646154 0.929167 0.705769 0.939423 0.74359 0.990705 0.891667 0.994551 0.85 0.958654 0.84359 0.915064 0.826923 0.879167 0.80641 0.894551 0.787821 0.876603 0.763462 0.81891 0.75641 0.777885 0.769231 0.716346 0.780769 0.590705 0.734615 0.613782 0.73141 0.583013 0.737179 0.525321 0.696154 0.536859
0 0.315385 0.779167 0.301282 0.829167 0.30641 0.897115 0.311538 0.924038 0.325 0.948397 0.344872 0.921474 0.364103 0.848397 0.355769 0.795833 0.335256 0.781731
0 0.248077 0.770192 0.221795 0.822756 0.171154 0.804808 0.14359 0.825321 0.144872 0.854808 0.155769 0.939423 0.148077 0.976603 0.183333 0.979167 0.217308 0.941987 0.237179 0.907372 0.258974 0.858654 0.276282 0.825321 0.292949 0.774038 0.286538 0.754808 0.266026 0.775321
0 0.130769 0.444551 0.11859 0.515064 0.117308 0.559936 0.111538 0.588141 0.099359 0.609936 0.082692 0.603526 0.042949 0.597115 0.001923 0.577885 0.000641 0.847115 0.022436 0.815064 0.041667 0.76891 0.046154 0.772756 0.054487 0.783013 0.078205 0.783013 0.119872 0.743269 0.135897 0.702244 0.144231 0.671474 0.165385 0.647115 0.191667 0.61891 0.222436 0.571474 0.222436 0.488141 0.185256 0.516346 0.171795 0.472756 0.178205 0.431731 0.14359 0.429167
0 0.050641 0.25609 0.023718 0.20609 0.079487 0.121474 0.091667 0.086859 0.130128 0.072756 0.145513 0.039423 0.158333 0.091987 0.175 0.184295 0.183974 0.200962 0.221795 0.183013 0.297436 0.195833 0.30641 0.229167 0.307051 0.290705 0.3 0.340705 0.295513 0.366346 0.26859 0.357372 0.241667 0.327885 0.222436 0.307372 0.198718 0.363782 0.167949 0.367628 0.132692 0.395833 0.107692 0.41891 0.089103 0.395833 0.066667 0.394551 0.030128 0.4125 0.001923 0.450962 0.001923 0.330449 0.026923 0.325321 0.04359 0.30609
0 0.341026 0.015064 0.339103 0.103526 0.335897 0.11891 0.357692 0.149679 0.369231 0.165064 0.390385 0.163782 0.425 0.089423 0.441667 0.067628 0.451923 0.011218 0.355128 0.004808
0 0.851282 0.447115 0.827564 0.485577 0.815385 0.50609 0.816026 0.515064 0.841667 0.517628 0.853205 0.539423 0.873077 0.547115 0.883974 0.50609 0.871795 0.459936
0 0.805128 0.570192 0.81859 0.643269 0.816667 0.6625 0.835897 0.620192 0.835256 0.598397 0.822436 0.56891
0 0.940385 0.802244 0.907692 0.815064 0.905769 0.880449 0.908974 0.900962 0.955769 0.909936 0.969872 0.903526 0.977564 0.874038 0.974359 0.813782 0.952564 0.802244
