0 0.005769 0.121474 0.042308 0.154808 0.087821 0.195833 0.144872 0.245833 0.216026 0.303526 0.255128 0.326603 0.269872 0.353526 0.25641 0.444551 0.230128 0.489423 0.219872 0.533013 0.158333 0.543269 0.135897 0.521474 0.08141 0.450962 0.045513 0.480449 0.001923 0.475321
0 0.490385 0.170192 0.462821 0.35609 0.467949 0.363782 0.487179 0.430449 0.496154 0.474038 0.501923 0.486859 0.514103 0.50609 0.584615 0.491987 0.589744 0.500962 0.63141 0.466346 0.667308 0.407372 0.692308 0.347115 0.666026 0.30609 0.63141 0.257372 0.573077 0.172756 0.500641 0.179167
0 0.448077 0.022756 0.464103 0.066346 0.479487 0.091987 0.533974 0.086859 0.564744 0.091987 0.585897 0.071474 0.591667 0.008654 0.455769 0.007372
0 0.259615 0.008654 0.273077 0.070192 0.275641 0.109936 0.283974 0.126603 0.290385 0.125321 0.295513 0.100962 0.3 0.054808 0.296154 0.004808
0 0.26859 0.639423 0.233333 0.693269 0.237179 0.744551 0.214103 0.815064 0.213462 0.85609 0.262179 0.86891 0.285897 0.857372 0.308974 0.790705 0.35 0.704808 0.339103 0.630449 0.294872 0.638141
0 0.001923 0.711218 0.046154 0.676603 0.073077 0.674038 0.073718 0.741987 0.072436 0.780449 0.083974 0.829167 0.105769 0.880449 0.157692 0.991987 0.085897 0.986859 0.083333 0.9625 0.057051 0.95609 0.021154 0.975321 0.0 0.974038
0 0.423077 0.717628 0.408333 0.747115 0.391667 0.80609 0.373077 0.857372 0.373718 0.943269 0.371795 0.989423 0.441026 0.994551 0.421795 0.966346 0.421154 0.90609 0.455769 0.86891 0.454487 0.820192 0.444872 0.76891 0.425 0.704808
0 0.483974 0.575321 0.45 0.615064 0.437179 0.641987 0.459615 0.650962 0.485897 0.647115 0.502564 0.613782 0.498718 0.581731
0 0.537179 0.694551 0.489744 0.780449 0.478846 0.884295 0.469231 0.990705 0.608974 0.993269 0.594231 0.899679 0.623077 0.858654 0.664103 0.821474 0.66859 0.744551 0.644872 0.736859 0.585256 0.743269 0.569872 0.747115 0.557051 0.70609
0 0.738462 0.684295 0.704487 0.695833 0.690385 0.754808 0.730128 0.790705 0.765385 0.779167 0.776282 0.754808 0.771154 0.694551 0.765385 0.675321
0 0.847436 0.436859 0.804487 0.4625 0.782051 0.5125 0.786538 0.579167 0.826923 0.615064 0.878205 0.689423 0.935256 0.690705 0.924359 0.743269 0.921154 0.783013 0.921154 0.798397 0.910897 0.8625 0.908333 0.91891 0.907051 0.95609 0.945513 0.977885 0.997436 0.980449 0.996154 0.653526 0.979487 0.621474 0.963462 0.571474 0.957051 0.538141 0.921795 0.472756 0.875641 0.454808
0 0.990385 0.113782 0.954487 0.172756 0.879487 0.26891 0.920513 0.329167 0.935256 0.336859 0.953846 0.374038 0.948718 0.424038 0.972436 0.436859 0.998718 0.483013 0.996795 0.131731
0 0.816026 0.007372 0.809615 0.06891 0.84359 0.077885 0.851923 0.054808 0.860897 0.007372
0 0.830769 0.9125 0.819231 0.947115 0.830128 0.972756 0.826923 0.995833 0.899359 0.994551 0.878846 0.961218 0.863462 0.917628 0.845513 0.907372
