0 0.017308 0.103526 0.030128 0.145833 0.035256 0.108654 0.044231 0.075321 0.066667 0.043269 0.108333 0.00609 0.257051 0.008654 0.294872 0.070192 0.313462 0.108654 0.311538 0.147115 0.328846 0.183013 0.355128 0.166346 0.363462 0.186859 0.427564 0.316346 0.451282 0.329167 0.469872 0.321474 0.480769 0.408654 0.484615 0.46891 0.466026 0.558654 0.460897 0.585577 0.455769 0.636859 0.464103 0.65609 0.473718 0.657372 0.482051 0.647115 0.485897 0.608654 0.497436 0.6125 0.5 0.658654 0.514103 0.675321 0.525641 0.731731 0.529487 0.761218 0.505128 0.811218 0.451282 0.791987 0.421795 0.731731 0.416667 0.729167 0.362179 0.7625 0.354487 0.797115 0.317308 0.783013 0.25 0.748397 0.230128 0.66891 0.212179 0.557372 0.238462 0.504808 0.226282 0.4125 0.235897 0.349679 0.267308 0.270192 0.266026 0.243269 0.244231 0.204808 0.200641 0.211218 0.173077 0.259936 0.174359 0.293269 0.176282 0.31891 0.132692 0.40609 0.119231 0.427885 0.071795 0.420192 0.054487 0.352244 0.013462 0.235577 0.003205 0.179167 0.007051 0.084295
0 0.073077 0.675321 0.080769 0.736859 0.078846 0.799679 0.069231 0.916346 0.049359 0.936859 0.003205 0.980449 0.004487 0.993269 0.095513 0.994551 0.116026 0.91891 0.129487 0.844551 0.128205 0.774038 0.126282 0.721474 0.117308 0.676603 0.090385 0.629167 0.065385 0.640705 0.066667 0.676603
0 0.170513 0.617628 0.153846 0.650962 0.157692 0.707372 0.159615 0.736859 0.178846 0.753526 0.19359 0.766346 0.20641 0.734295 0.203205 0.695833 0.18141 0.702244 0.194872 0.631731 0.199359 0.611218
0 0.475641 0.9125 0.449359 0.935577 0.459615 0.970192 0.452564 0.994551 0.535897 0.995833 0.515385 0.935577 0.480769 0.925321
0 0.280128 0.90609 0.275641 0.959936 0.282692 0.984295 0.311538 0.980449 0.323718 0.943269 0.322436 0.91891 0.296154 0.90609
0 0.672436 0.836859 0.662179 0.897115 0.640385 0.943269 0.626923 0.959936 0.608333 0.993269 0.675641 0.993269 0.670513 0.947115 0.689744 0.911218 0.696795 0.872756 0.692949 0.843269
0 0.900641 0.749679 0.86859 0.780449 0.883974 0.835577 0.891026 0.836859 0.912821 0.839423 0.926923 0.830449 0.921154 0.777885 0.921154 0.753526
0 0.505769 0.027885 0.527564 0.080449 0.496795 0.084295 0.558974 0.147115 0.617308 0.107372 0.655128 0.077885 0.657051 0.126603 0.616026 0.145833 0.601923 0.203526 0.579487 0.245833 0.551923 0.236859 0.533333 0.266346 0.55 0.391987 0.577564 0.552244 0.585897 0.625321 0.630128 0.674038 0.687821 0.694551 0.705128 0.650962 0.716026 0.595833 0.730769 0.475321 0.730128 0.448397 0.778846 0.491987 0.830769 0.511218 0.862821 0.507372 0.93141 0.504808 0.941667 0.434295 0.90641 0.404808 0.883974 0.341987 0.844231 0.374038 0.828846 0.371474 0.819872 0.309936 0.809615 0.122756 0.805769 0.094551 0.738462 0.052244 0.694231 0.00609 0.512179 0.004808
0 0.96859 0.91891 0.96859 0.959936 0.942949 0.972756 0.904487 0.949679 0.903846 0.993269 0.995513 0.993269 0.996795 0.889423 0.979487 0.875321
0 0.991667 0.322756 0.965385 0.377885 0.970513 0.416346 0.994872 0.526603 0.996795 0.344551
