0 0.875 0.293269 0.867308 0.338141 0.866667 0.353526 0.857692 0.395833 0.857692 0.416346 0.869231 0.461218 0.876282 0.488141 0.884615 0.520192 0.892949 0.538141 0.902564 0.5625 0.916026 0.572756 0.934615 0.575321 0.952564 0.576603 0.971154 0.565064 0.985256 0.55609 0.998077 0.529167 0.998718 0.299679 0.974359 0.317628 0.955128 0.313782 0.930769 0.317628 0.913462 0.317628 0.908974 0.302244 0.887179 0.280449
0 0.801923 0.008654 0.783974 0.043269 0.773718 0.057372 0.761538 0.030449 0.741026 0.030449 0.730769 0.076603 0.721154 0.102244 0.71859 0.141987 0.71859 0.157372 0.71859 0.198397 0.725 0.254808 0.729487 0.283013 0.733333 0.291987 0.757692 0.311218 0.769231 0.343269 0.769231 0.353526 0.769872 0.371474 0.782051 0.375321 0.790385 0.357372 0.807051 0.349679 0.81859 0.344551 0.833974 0.324038 0.829487 0.289423 0.829487 0.2625 0.83141 0.225321 0.841026 0.174038 0.857692 0.130449 0.86859 0.109936 0.869872 0.085577 0.869872 0.063782 0.869872 0.038141 0.876282 0.027885 0.882692 0.021474 0.888462 0.00609 0.808974 0.007372
0 0.567949 0.277885 0.56859 0.295833 0.569872 0.339423 0.573718 0.398397 0.572436 0.421474 0.570513 0.453526 0.567949 0.4625 0.55641 0.486859 0.548077 0.491987 0.557051 0.503526 0.567949 0.529167 0.571795 0.540705 0.582051 0.543269 0.598718 0.536859 0.627564 0.540705 0.626923 0.520192 0.603846 0.465064 0.59359 0.426603 0.601282 0.397115 0.617949 0.376603 0.637821 0.340705 0.632051 0.309936 0.607051 0.288141 0.586538 0.2625 0.583333 0.254808
0 0.6 0.074038 0.585897 0.109936 0.575 0.098397 0.573077 0.140705 0.558974 0.170192 0.558333 0.199679 0.571795 0.215064 0.591667 0.229167 0.632051 0.1625 0.639744 0.139423 0.642949 0.107372 0.637179 0.085577 0.630769 0.071474 0.612179 0.0625 0.607051 0.072756
0 0.698718 0.348397 0.692949 0.358654 0.660256 0.391987 0.658974 0.411218 0.657692 0.439423 0.655128 0.483013 0.661538 0.525321 0.66859 0.531731 0.701282 0.520192 0.715385 0.493269 0.730769 0.475321 0.745513 0.457372 0.741667 0.426603 0.723077 0.371474
0 0.607051 0.590705 0.607051 0.617628 0.585256 0.617628 0.553205 0.61891 0.513462 0.659936 0.505128 0.691987 0.503846 0.739423 0.501923 0.763782 0.501282 0.808654 0.512821 0.835577 0.541026 0.798397 0.56859 0.75609 0.596795 0.740705 0.626282 0.726603 0.635897 0.715064 0.648718 0.693269 0.647436 0.640705 0.641667 0.621474 0.628205 0.602244 0.616026 0.586859
0 0.45 0.033013 0.439744 0.066346 0.437821 0.104808 0.429487 0.133013 0.416667 0.153526 0.403205 0.157372 0.39359 0.177885 0.383974 0.217628 0.383974 0.252244 0.405769 0.293269 0.414103 0.311218 0.44359 0.289423 0.447436 0.281731 0.466026 0.3125 0.46859 0.363782 0.480769 0.393269 0.499359 0.400962 0.517949 0.407372 0.524359 0.36891 0.529487 0.267628 0.51859 0.21891 0.505769 0.1625 0.496795 0.117628 0.496795 0.066346 0.496795 0.041987 0.496154 0.0125 0.463462 0.009936
0 0.255128 0.009936 0.266667 0.025321 0.266667 0.05609 0.288462 0.090705 0.295513 0.102244 0.302564 0.104808 0.31859 0.089423 0.323077 0.077885 0.323718 0.054808 0.337179 0.038141 0.353205 0.008654 0.263462 0.00609
0 0.111538 0.645833 0.111538 0.667628 0.079487 0.690705 0.075641 0.725321 0.064103 0.75609 0.063462 0.781731 0.060897 0.797115 0.08141 0.822756 0.094872 0.831731 0.116026 0.845833 0.123718 0.871474 0.146795 0.863782 0.161538 0.833013 0.169872 0.785577 0.176923 0.683013 0.154487 0.667628 0.132692 0.666346 0.124359 0.672756 0.119231 0.667628
0 0.432051 0.415064 0.426282 0.448397 0.410256 0.461218 0.4 0.474038 0.408974 0.521474 0.415385 0.541987 0.433333 0.565064 0.44359 0.534295 0.446154 0.491987 0.446154 0.461218 0.442308 0.433013
0 0.860256 0.694551 0.859615 0.707372 0.826282 0.738141 0.817949 0.747115 0.805128 0.772756 0.804487 0.813782 0.778205 0.798397 0.798718 0.853526 0.795513 0.881731 0.811538 0.915064 0.823718 0.924038 0.832692 0.930449 0.845513 0.915064 0.850641 0.867628 0.872436 0.820192 0.873077 0.799679 0.894872 0.76891 0.916026 0.758654 0.91859 0.734295 0.916026 0.715064 0.870513 0.707372
0 0.796154 0.55609 0.78141 0.603526 0.777564 0.620192 0.774359 0.657372 0.775641 0.679167 0.795513 0.683013 0.816667 0.643269 0.823077 0.622756 0.823077 0.575321 0.810897 0.559936
0 0.003846 0.400962 0.003205 0.420192 0.017949 0.470192 0.032051 0.476603 0.05 0.477885 0.078846 0.479167 0.1 0.491987 0.112821 0.508654 0.115385 0.548397 0.111538 0.5625 0.102564 0.565064 0.080769 0.558654 0.062179 0.535577 0.045513 0.549679 0.045513 0.576603 0.045513 0.597115 0.025 0.626603 0.014103 0.641987 0.010897 0.663782 0.012179 0.690705 0.030769 0.704808 0.058974 0.7125 0.057051 0.745833 0.04359 0.772756 0.028846 0.802244 0.021795 0.813782 0.009615 0.820192 0.001923 0.821474 0.000641 0.424038
0 0.517949 0.941987 0.503846 0.961218 0.5 0.972756 0.491026 0.994551 0.544231 0.993269 0.535256 0.970192 0.526282 0.944551
