0 0.007051 0.113782 0.025 0.165064 0.028846 0.202244 0.048718 0.235577 0.078846 0.239423 0.100641 0.2125 0.117949 0.079167 0.108333 0.049679 0.035897 0.034295 0.026923 0.00609 0.001282 0.004808 0.001923 0.100962
0 0.133333 0.022756 0.148077 0.120192 0.157051 0.229167 0.182051 0.336859 0.187179 0.424038 0.209615 0.441987 0.262179 0.435577 0.309615 0.385577 0.353205 0.31891 0.357051 0.26891 0.314103 0.203526 0.292308 0.083013 0.285256 0.054808 0.233974 0.013782 0.137179 0.009936
0 0.442308 0.104808 0.414103 0.1625 0.401282 0.191987 0.429487 0.324038 0.535256 0.300962 0.561538 0.347115 0.56859 0.431731 0.542308 0.408654 0.478205 0.371474 0.442949 0.407372 0.387821 0.4125 0.378205 0.479167 0.398077 0.536859 0.415385 0.60609 0.452564 0.634295 0.548077 0.549679 0.614103 0.503526 0.639103 0.448397 0.651282 0.36891 0.662821 0.248397 0.701923 0.170192 0.722436 0.057372 0.674359 0.075321 0.621154 0.126603 0.541667 0.095833 0.525641 0.049679 0.526282 0.008654 0.487179 0.011218 0.473718 0.058654 0.447436 0.113782
0 0.867308 0.21891 0.828205 0.263782 0.825 0.335577 0.858333 0.349679 0.887821 0.413782 0.883974 0.447115 0.845513 0.509936 0.830128 0.559936 0.895513 0.667628 0.942308 0.648397 0.971795 0.598397 0.970513 0.508654 0.966026 0.450962 0.966667 0.400962 0.989103 0.377885 0.990385 0.339423 0.954487 0.345833 0.909615 0.31891 0.923718 0.271474 0.923718 0.240705 0.917308 0.208654 0.887179 0.239423
0 0.903205 0.013782 0.910897 0.079167 0.901923 0.125321 0.978205 0.25609 0.996795 0.258654 0.996154 0.004808
0 0.703205 0.483013 0.686538 0.500962 0.673077 0.611218 0.680128 0.735577 0.682051 0.788141 0.669872 0.829167 0.630128 0.839423 0.494231 0.753526 0.432692 0.763782 0.5 0.8125 0.530128 0.843269 0.564744 0.871474 0.596154 0.904808 0.594872 0.959936 0.65641 0.909936 0.741667 0.894551 0.767308 0.815064 0.74359 0.775321 0.696154 0.736859 0.705128 0.666346 0.728846 0.661218 0.737821 0.61891 0.723077 0.529167 0.722436 0.481731
0 0.995513 0.689423 0.974359 0.697115 0.95 0.671474 0.946154 0.713782 0.925 0.763782 0.925 0.835577 0.929487 0.913782 0.951282 0.949679 0.996154 0.991987
0 0.905128 0.850962 0.846154 0.826603 0.810256 0.822756 0.809615 0.848397 0.812821 0.902244 0.808974 0.934295 0.795513 0.990705 0.89359 0.995833 0.910897 0.948397 0.916667 0.90609
0 0.002564 0.331731 0.016026 0.343269 0.030128 0.338141 0.044231 0.298397 0.055128 0.341987 0.057051 0.383013 0.044872 0.422756 0.022436 0.467628 0.002564 0.486859
0 0.108974 0.474038 0.136538 0.434295 0.148718 0.430449 0.169872 0.46891 0.18141 0.467628 0.146154 0.536859 0.140385 0.517628 0.128205 0.498397
0 0.126923 0.694551 0.077564 0.733013 0.065385 0.75609 0.08141 0.815064 0.108974 0.777885 0.139103 0.748397 0.155128 0.716346 0.147436 0.700962
0 0.203205 0.96891 0.237821 0.922756 0.264744 0.954808 0.291026 0.943269 0.314744 0.922756 0.328205 0.871474 0.335897 0.945833 0.361538 0.991987 0.212179 0.995833
0 0.473718 0.991987 0.477564 0.943269 0.5 0.95609 0.513462 0.963782 0.563462 0.965064 0.571154 0.995833
0 0.328205 0.524038 0.316026 0.553526 0.322436 0.588141 0.324359 0.611218 0.338462 0.608654 0.342308 0.576603 0.345513 0.548397 0.346795 0.538141 0.335256 0.525321
