0 0.696795 0.05609 0.676282 0.100962 0.66859 0.229167 0.662179 0.330449 0.678205 0.384295 0.712179 0.475321 0.716667 0.486859 0.747436 0.466346 0.769872 0.385577 0.764103 0.324038 0.766026 0.254808 0.786538 0.259936 0.801282 0.280449 0.807051 0.329167 0.829487 0.384295 0.855128 0.381731 0.866667 0.274038 0.869231 0.211218 0.857051 0.166346 0.810256 0.117628 0.733974 0.072756 0.708333 0.05609
0 0.951923 0.035577 0.95641 0.06891 0.94359 0.113782 0.936538 0.1625 0.949359 0.20609 0.953846 0.217628 0.973077 0.209936 0.995513 0.176603 0.996795 0.026603 0.974359 0.026603
0 0.744231 0.009936 0.755128 0.045833 0.763462 0.071474 0.769872 0.074038 0.778205 0.065064 0.792949 0.026603 0.80641 0.00609
0 0.367308 0.024038 0.351923 0.074038 0.333333 0.079167 0.349359 0.125321 0.349359 0.133013 0.345513 0.161218 0.347436 0.185577 0.371795 0.217628 0.387179 0.231731 0.435897 0.185577 0.440385 0.147115 0.439103 0.130449 0.512179 0.102244 0.487179 0.020192 0.470513 0.020192 0.378846 0.013782
0 0.014103 0.184295 0.048718 0.167628 0.071795 0.138141 0.096154 0.109936 0.105769 0.143269 0.121154 0.190705 0.133333 0.225321 0.148718 0.225321 0.174359 0.225321 0.189744 0.21891 0.178205 0.153526 0.167949 0.10609 0.167949 0.065064 0.159615 0.009936 0.088462 0.009936 0.094231 0.043269 0.067308 0.034295 0.04359 0.040705 0.032051 0.059936 0.023718 0.075321 0.021154 0.099679 0.014744 0.11891 0.009615 0.136859 0.008974 0.15609
0 0.000641 0.265064 0.016667 0.243269 0.026282 0.241987 0.057051 0.325321 0.064744 0.344551 0.047436 0.365064 0.036538 0.379167 0.029487 0.408654 0.010256 0.402244 0.001923 0.383013
0 0.035897 0.448397 0.057692 0.425321 0.062821 0.4125 0.075 0.409936 0.091026 0.417628 0.104487 0.430449 0.10641 0.409936 0.110897 0.40609 0.148077 0.421474 0.163462 0.431731 0.173718 0.476603 0.186538 0.533013 0.192308 0.557372 0.175641 0.584295 0.167949 0.594551 0.153846 0.638141 0.126923 0.648397 0.11859 0.600962 0.121795 0.567628 0.116667 0.561218 0.107692 0.588141 0.102564 0.621474 0.097436 0.645833 0.092949 0.683013 0.102564 0.709936 0.090385 0.735577 0.05641 0.763782 0.029487 0.774038 0.005769 0.76891 0.008333 0.725321 0.008333 0.640705 0.001923 0.616346 0.002564 0.474038
0 0.283974 0.194551 0.255128 0.226603 0.258974 0.272756 0.266667 0.338141 0.295513 0.297115 0.3 0.26891 0.316667 0.229167 0.313462 0.203526 0.300641 0.193269
0 0.523077 0.615064 0.517308 0.639423 0.512179 0.70609 0.50641 0.735577 0.522436 0.758654 0.532051 0.758654 0.559615 0.724038 0.562179 0.708654 0.563462 0.691987 0.539103 0.641987
0 0.798077 0.548397 0.789744 0.591987 0.775 0.670192 0.771154 0.716346 0.785897 0.735577 0.811538 0.690705 0.835256 0.654808 0.835256 0.609936 0.811538 0.554808
0 0.901282 0.504808 0.866026 0.544551 0.871795 0.598397 0.9 0.598397 0.912821 0.661218 0.915385 0.693269 0.942949 0.680449 0.946154 0.604808 0.947436 0.557372 0.921795 0.527885
0 0.428205 0.249679 0.421795 0.298397 0.423718 0.325321 0.422436 0.352244 0.437179 0.353526 0.458974 0.320192 0.457692 0.283013 0.453205 0.254808
0 0.835256 0.790705 0.83141 0.840705 0.826282 0.854808 0.827564 0.886859 0.828846 0.895833 0.832051 0.933013 0.841667 0.933013 0.862179 0.921474 0.882051 0.889423 0.883974 0.804808 0.886538 0.774038 0.85641 0.772756
