0 0.795513 0.054808 0.780769 0.107372 0.790385 0.2125 0.775 0.275321 0.789103 0.291987 0.817949 0.317628 0.842308 0.321474 0.816026 0.240705 0.817949 0.189423 0.830128 0.157372 0.839744 0.116346 0.841667 0.088141 0.830128 0.067628 0.817308 0.052244
0 0.608974 0.0125 0.620513 0.063782 0.628205 0.098397 0.650641 0.0625 0.664103 0.047115 0.688462 0.099679 0.698718 0.165064 0.723718 0.163782 0.738462 0.129167 0.742308 0.081731 0.753846 0.036859 0.764103 0.004808
0 0.939744 0.015064 0.947436 0.048397 0.955128 0.066346 0.982051 0.098397 0.989744 0.130449 0.995513 0.159936 0.998077 0.008654 0.951282 0.00609
0 0.922436 0.127885 0.890385 0.176603 0.878846 0.203526 0.874359 0.263782 0.883974 0.284295 0.911538 0.267628 0.939103 0.235577 0.971795 0.20609 0.951282 0.158654 0.932692 0.143269
0 0.823077 0.385577 0.825641 0.4125 0.808333 0.403526 0.787179 0.398397 0.737179 0.445833 0.728846 0.479167 0.714103 0.591987 0.71859 0.598397 0.730769 0.588141 0.795513 0.544551 0.819872 0.516346 0.838462 0.503526 0.861538 0.477885 0.864744 0.436859 0.854487 0.388141 0.829487 0.359936
0 0.65 0.202244 0.648077 0.226603 0.630769 0.241987 0.614744 0.250962 0.628205 0.30609 0.632051 0.311218 0.669231 0.330449 0.665385 0.302244 0.662179 0.243269 0.660256 0.2125
0 0.005128 0.124038 0.024359 0.147115 0.034615 0.197115 0.047436 0.221474 0.059615 0.227885 0.074359 0.229167 0.070513 0.172756 0.071795 0.131731 0.083333 0.116346 0.098718 0.100962 0.111538 0.009936 0.004487 0.003526
0 0.175 0.233013 0.138462 0.277885 0.160256 0.416346 0.184615 0.4125 0.191026 0.447115 0.176282 0.507372 0.187179 0.584295 0.195513 0.593269 0.226923 0.603526 0.260897 0.588141 0.276282 0.544551 0.255769 0.494551 0.239103 0.472756 0.217308 0.454808 0.234615 0.421474 0.248077 0.394551 0.277564 0.374038 0.31859 0.335577 0.303205 0.284295 0.271154 0.265064 0.251923 0.270192 0.230769 0.244551 0.182692 0.235577
0 0.333974 0.449679 0.303205 0.503526 0.290385 0.534295 0.276282 0.570192 0.288462 0.595833 0.302564 0.616346 0.328205 0.621474 0.348077 0.626603 0.367949 0.625321 0.382051 0.597115 0.379487 0.536859 0.378846 0.488141 0.358974 0.457372
0 0.001923 0.4625 0.025641 0.457372 0.042949 0.466346 0.044231 0.488141 0.072436 0.509936 0.096154 0.526603 0.114744 0.522756 0.129487 0.495833 0.111538 0.436859 0.111538 0.394551 0.1 0.371474 0.087179 0.358654 0.089103 0.327885 0.085897 0.303526 0.076282 0.308654 0.070513 0.341987 0.070513 0.384295 0.060256 0.443269 0.054487 0.452244 0.037179 0.422756 0.021795 0.390705 0.003846 0.399679
0 0.08141 0.611218 0.08141 0.633013 0.067949 0.630449 0.062179 0.625321 0.052564 0.663782 0.051923 0.670192 0.074359 0.707372 0.085256 0.744551 0.098077 0.754808 0.112179 0.76891 0.141026 0.799679 0.155769 0.80609 0.149359 0.76891 0.140385 0.758654 0.130128 0.715064 0.123077 0.693269 0.111538 0.679167 0.112821 0.659936 0.116667 0.635577 0.089744 0.621474 0.090385 0.602244 0.086538 0.595833
0 0.14359 0.847115 0.132692 0.872756 0.105128 0.879167 0.114103 0.911218 0.116667 0.933013 0.124359 0.971474 0.141026 0.961218 0.162821 0.950962 0.175641 0.945833 0.183974 0.975321 0.203205 0.958654 0.214103 0.95609 0.225 0.971474 0.234615 0.985577 0.252564 0.994551 0.34359 0.993269 0.340385 0.989423 0.312821 0.953526 0.305769 0.95609 0.296154 0.935577 0.275641 0.870192 0.267949 0.854808 0.248077 0.91891 0.235256 0.9125 0.216026 0.889423 0.212821 0.839423 0.199359 0.826603 0.191667 0.875321 0.172436 0.8625 0.153846 0.840705
0 0.367949 0.976603 0.387821 0.971474 0.400641 0.926603 0.411538 0.900962 0.440385 0.850962 0.463462 0.890705 0.485256 0.96891 0.488462 0.989423 0.362821 0.995833 0.361538 0.980449
0 0.524359 0.659936 0.574359 0.694551 0.58141 0.724038 0.59359 0.736859 0.594231 0.657372 0.579487 0.630449 0.560897 0.622756 0.537821 0.644551
0 0.555769 0.754808 0.545513 0.790705 0.550641 0.861218 0.567308 0.876603 0.582692 0.866346 0.591667 0.835577 0.587179 0.811218 0.578205 0.794551 0.566667 0.716346
0 0.732051 0.730449 0.715385 0.797115 0.70641 0.827885 0.694231 0.845833 0.687179 0.897115 0.691667 0.902244 0.710256 0.925321 0.740385 0.922756 0.761538 0.917628 0.776923 0.858654 0.763462 0.822756 0.760897 0.783013 0.755128 0.738141 0.747436 0.725321
0 0.942308 0.557372 0.928205 0.586859 0.907051 0.616346 0.90641 0.627885 0.926923 0.650962 0.935256 0.627885 0.964744 0.594551 0.973077 0.591987 0.988462 0.624038 0.994872 0.591987 0.982692 0.570192
