0 0.892308 0.320192 0.885897 0.35609 0.860256 0.35609 0.853846 0.375321 0.838462 0.403526 0.83141 0.493269 0.85641 0.498397 0.874359 0.5125 0.871154 0.553526 0.888462 0.541987 0.933333 0.547115 0.964103 0.545833 0.973718 0.549679 0.994872 0.489423 0.994231 0.443269 0.982692 0.4125 0.970513 0.383013 0.966667 0.402244 0.948077 0.404808 0.928846 0.402244 0.912179 0.409936 0.907692 0.404808 0.907051 0.381731 0.908974 0.339423 0.905128 0.331731
0 0.973077 0.630449 0.959615 0.650962 0.95 0.689423 0.935897 0.759936 0.929487 0.798397 0.935256 0.871474 0.954487 0.890705 0.995513 0.86891 0.998077 0.676603 0.984615 0.674038 0.98141 0.650962 0.984615 0.629167
0 0.659615 0.263782 0.686538 0.285577 0.708974 0.341987 0.709615 0.376603 0.687179 0.40609 0.676923 0.413782 0.642308 0.465064 0.628205 0.483013 0.624359 0.561218 0.617949 0.583013 0.649359 0.549679 0.675 0.515064 0.707051 0.461218 0.730128 0.399679 0.767949 0.377885 0.787821 0.336859 0.767949 0.271474 0.775 0.224038 0.762821 0.203526 0.73141 0.234295 0.705769 0.235577 0.694872 0.227885 0.667949 0.243269 0.662821 0.252244
0 0.576923 0.2625 0.548718 0.284295 0.532051 0.289423 0.523077 0.336859 0.516026 0.352244 0.565385 0.381731 0.595513 0.394551 0.607692 0.339423 0.607692 0.272756 0.594872 0.261218
0 0.413462 0.007372 0.412179 0.054808 0.446154 0.083013 0.453846 0.113782 0.459615 0.145833 0.473718 0.186859 0.503846 0.229167 0.516026 0.247115 0.519872 0.270192 0.539744 0.250962 0.540385 0.154808 0.528846 0.099679 0.515385 0.045833 0.508333 0.024038 0.503205 0.00609 0.421795 0.004808
0 0.257692 0.011218 0.249359 0.061218 0.244231 0.086859 0.252564 0.122756 0.272436 0.165064 0.294231 0.204808 0.328846 0.276603 0.335256 0.304808 0.353205 0.321474 0.366026 0.283013 0.371795 0.238141 0.367308 0.181731 0.360256 0.177885 0.346795 0.184295 0.337179 0.131731 0.339103 0.111218 0.344872 0.077885 0.345513 0.043269 0.348077 0.024038 0.373077 0.00609 0.266667 0.004808
0 0.175641 0.033013 0.166026 0.113782 0.163462 0.130449 0.140385 0.129167 0.132692 0.122756 0.13141 0.172756 0.139103 0.272756 0.146795 0.325321 0.152564 0.363782 0.164744 0.4125 0.183333 0.467628 0.201282 0.481731 0.210256 0.471474 0.214744 0.459936 0.214103 0.436859 0.2 0.376603 0.196154 0.352244 0.201282 0.326603 0.196154 0.290705 0.179487 0.270192 0.174359 0.258654 0.173077 0.21891 0.173718 0.179167 0.179487 0.154808 0.192308 0.120192 0.204487 0.081731 0.198718 0.05609 0.182692 0.044551
0 0.266026 0.436859 0.260256 0.459936 0.254487 0.481731 0.260256 0.51891 0.273718 0.545833 0.296154 0.524038 0.296154 0.493269 0.287179 0.463782 0.276282 0.443269
0 0.375 0.436859 0.342949 0.452244 0.340385 0.467628 0.350641 0.495833 0.357051 0.543269 0.361538 0.565064 0.367308 0.589423 0.370513 0.631731 0.355769 0.666346 0.339103 0.638141 0.339103 0.679167 0.349359 0.744551 0.360256 0.7625 0.374359 0.770192 0.378846 0.733013 0.398077 0.702244 0.417949 0.700962 0.433333 0.694551 0.444231 0.66891 0.461538 0.607372 0.457692 0.580449 0.455128 0.534295 0.451923 0.507372 0.44359 0.479167 0.436538 0.463782 0.40641 0.444551
0 0.497436 0.565064 0.498077 0.594551 0.491667 0.602244 0.491026 0.621474 0.5 0.648397 0.504487 0.653526 0.526923 0.643269 0.514744 0.599679 0.513462 0.588141 0.509615 0.577885
0 0.496154 0.688141 0.483333 0.711218 0.463462 0.724038 0.442949 0.708654 0.440385 0.771474 0.444872 0.815064 0.450641 0.836859 0.471795 0.830449 0.489103 0.807372 0.516026 0.745833 0.514744 0.725321
0 0.001923 0.257372 0.017949 0.266346 0.030769 0.275321 0.055128 0.284295 0.050641 0.298397 0.038462 0.321474 0.033974 0.372756 0.057692 0.443269 0.057051 0.459936 0.05 0.46891 0.048718 0.484295 0.048718 0.508654 0.073077 0.5125 0.09359 0.563782 0.077564 0.559936 0.066667 0.561218 0.045513 0.602244 0.038462 0.6125 0.037179 0.630449 0.03141 0.650962 0.001282 0.684295 0.001282 0.531731 0.012821 0.541987 0.019231 0.535577 0.026923 0.511218 0.023077 0.498397 0.015385 0.485577 0.011538 0.481731 0.000641 0.483013
0 0.165385 0.647115 0.162821 0.708654 0.157692 0.766346 0.147436 0.784295 0.134615 0.776603 0.108333 0.761218 0.102564 0.781731 0.083333 0.825321 0.054487 0.857372 0.048718 0.889423 0.053846 0.920192 0.078205 0.947115 0.109615 0.930449 0.137179 0.880449 0.140385 0.850962 0.167949 0.853526 0.16859 0.8125 0.178846 0.785577 0.179487 0.745833 0.20641 0.734295 0.237821 0.758654 0.251282 0.747115 0.25641 0.713782 0.219231 0.661218 0.223718 0.636859 0.192308 0.624038 0.177564 0.645833
0 0.254487 0.921474 0.24359 0.945833 0.232692 0.965064 0.230128 0.990705 0.271154 0.991987 0.271154 0.95609 0.264744 0.909936
0 0.317308 0.930449 0.303205 0.952244 0.288462 0.954808 0.289103 0.980449 0.301923 0.994551 0.355769 0.994551 0.369231 0.965064 0.353205 0.947115 0.329487 0.945833
0 0.644231 0.870192 0.632692 0.911218 0.603205 0.883013 0.610256 0.935577 0.603846 0.947115 0.573077 0.958654 0.571154 0.981731 0.573077 0.993269 0.633974 0.994551 0.646795 0.950962 0.660897 0.948397 0.670513 0.925321 0.652564 0.857372
