0 0.884615 0.013782 0.891667 0.099679 0.871795 0.153526 0.825 0.20609 0.796154 0.233013 0.791667 0.271474 0.828205 0.380449 0.857692 0.435577 0.869872 0.475321 0.913462 0.570192 0.914103 0.580449 0.996795 0.645833 0.998718 0.008654 0.896154 0.00609
0 0.733974 0.548397 0.703846 0.581731 0.651923 0.583013 0.595513 0.585577 0.582051 0.603526 0.59359 0.659936 0.601923 0.724038 0.607692 0.757372 0.614744 0.777885 0.672436 0.744551 0.699359 0.739423 0.724359 0.740705 0.735256 0.752244 0.75 0.776603 0.739103 0.824038 0.717308 0.839423 0.710897 0.884295 0.727564 0.96891 0.769872 0.940705 0.782051 0.903526 0.799359 0.861218 0.804487 0.733013 0.798718 0.715064 0.791667 0.644551 0.785256 0.585577 0.783333 0.5625 0.75641 0.554808 0.740385 0.553526
0 0.690385 0.315064 0.662179 0.348397 0.641026 0.393269 0.637821 0.404808 0.650641 0.470192 0.647436 0.51891 0.657692 0.526603 0.674359 0.511218 0.676923 0.475321 0.694872 0.438141 0.717308 0.409936 0.729487 0.347115 0.714103 0.309936
0 0.544872 0.445833 0.491667 0.472756 0.512179 0.559936 0.513462 0.589423 0.527564 0.597115 0.555128 0.583013 0.573077 0.581731 0.588462 0.576603 0.598718 0.539423 0.603846 0.511218 0.595513 0.491987 0.571154 0.45609 0.551282 0.447115
0 0.503205 0.648397 0.473077 0.671474 0.455769 0.708654 0.428205 0.752244 0.402564 0.800962 0.382051 0.831731 0.364744 0.891987 0.366667 0.911218 0.380128 0.990705 0.429487 0.991987 0.425 0.933013 0.464744 0.921474 0.489103 0.871474 0.509615 0.839423 0.525 0.804808 0.539103 0.697115 0.533974 0.677885 0.521154 0.650962
0 0.19359 0.461218 0.173718 0.479167 0.154487 0.471474 0.160256 0.571474 0.169872 0.581731 0.198718 0.538141 0.207051 0.50609 0.203205 0.470192
0 0.002564 0.665064 0.008974 0.670192 0.026923 0.666346 0.039744 0.638141 0.055128 0.641987 0.064103 0.690705 0.082051 0.699679 0.099359 0.704808 0.129487 0.667628 0.137821 0.790705 0.136538 0.797115 0.137821 0.838141 0.135256 0.858654 0.112179 0.839423 0.10641 0.831731 0.103205 0.850962 0.105128 0.888141 0.115385 0.921474 0.103205 0.945833 0.082051 0.929167 0.054487 0.893269 0.021154 0.838141 0.001923 0.839423
0 0.002564 0.015064 0.064744 0.020192 0.089744 0.024038 0.139103 0.030449 0.155769 0.06891 0.137821 0.129167 0.169872 0.204808 0.149359 0.261218 0.127564 0.281731 0.100641 0.270192 0.087821 0.303526 0.066026 0.289423 0.053846 0.248397 0.057692 0.195833 0.058333 0.172756 0.003205 0.141987
0 0.844872 0.807372 0.84359 0.834295 0.844231 0.872756 0.830128 0.9125 0.819872 0.920192 0.787179 0.991987 0.882051 0.990705 0.882051 0.950962 0.872436 0.913782 0.866667 0.898397 0.866667 0.879167 0.876923 0.850962 0.88141 0.802244 0.871154 0.789423 0.846795 0.789423
0 0.437821 0.015064 0.4 0.059936 0.432692 0.11891 0.470513 0.15609 0.485256 0.121474 0.473718 0.06891 0.464744 0.034295 0.480128 0.00609 0.444231 0.003526
0 0.276282 0.641987 0.264103 0.652244 0.283333 0.693269 0.3 0.685577 0.300641 0.641987 0.287179 0.630449
