0 0.901282 0.395833 0.844231 0.486859 0.823718 0.531731 0.810897 0.558654 0.787179 0.522756 0.747436 0.495833 0.753205 0.436859 0.761538 0.41891 0.792949 0.366346 0.776923 0.338141 0.760256 0.339423 0.715385 0.316346 0.661538 0.41891 0.671154 0.474038 0.697436 0.495833 0.709615 0.500962 0.666026 0.566346 0.646795 0.575321 0.585256 0.565064 0.514744 0.552244 0.5 0.571474 0.478846 0.494551 0.473077 0.480449 0.421795 0.520192 0.394872 0.567628 0.38141 0.622756 0.408974 0.690705 0.435897 0.739423 0.512821 0.889423 0.557692 0.836859 0.55641 0.725321 0.654487 0.717628 0.700641 0.649679 0.767949 0.629167 0.783333 0.599679 0.819872 0.659936 0.919231 0.659936 0.936538 0.620192 0.960256 0.554808 0.980769 0.450962 0.942949 0.397115 0.908333 0.393269
0 0.680769 0.004808 0.689103 0.054808 0.717308 0.085577 0.742949 0.095833 0.746795 0.095833 0.766667 0.004808
0 0.241026 0.033013 0.24359 0.086859 0.312821 0.21891 0.330128 0.308654 0.341667 0.383013 0.366026 0.416346 0.386538 0.393269 0.451282 0.330449 0.525641 0.286859 0.526923 0.121474 0.487179 0.057372 0.436538 0.057372 0.420513 0.00609 0.237179 0.009936
0 0.202564 0.370192 0.176282 0.390705 0.146795 0.404808 0.142949 0.485577 0.137179 0.545833 0.169872 0.558654 0.201923 0.585577 0.220513 0.594551 0.241026 0.581731 0.225641 0.531731 0.241026 0.429167 0.253846 0.347115 0.233974 0.326603 0.207051 0.331731
0 0.264744 0.808654 0.247436 0.850962 0.232051 0.876603 0.222436 0.913782 0.215385 0.936859 0.180128 0.990705 0.338462 0.994551 0.341667 0.959936 0.338462 0.925321 0.325 0.902244 0.323718 0.872756 0.326282 0.849679 0.325641 0.827885 0.299359 0.80609
0 0.060256 0.849679 0.061538 0.891987 0.064744 0.939423 0.066667 0.993269 0.116667 0.994551 0.125 0.945833 0.126282 0.90609 0.107051 0.857372 0.085897 0.843269
0 0.571795 0.879167 0.574359 0.903526 0.571154 0.924038 0.534615 0.940705 0.501923 0.972756 0.501282 0.993269 0.596154 0.990705 0.596795 0.930449 0.599359 0.90609 0.587179 0.885577
0 0.747436 0.758654 0.708974 0.827885 0.716026 0.895833 0.732692 0.958654 0.752564 0.939423 0.754487 0.922756 0.789103 0.936859 0.787179 0.8625 0.777564 0.81891 0.757692 0.744551
0 0.923077 0.90609 0.923718 0.940705 0.907051 0.976603 0.907692 0.988141 0.962179 0.989423 0.952564 0.95609 0.93141 0.940705 0.926923 0.888141
0 0.844872 0.948397 0.839103 0.966346 0.820513 0.943269 0.816667 0.961218 0.798718 0.993269 0.859615 0.990705 0.857692 0.963782
