0 0.254487 0.008654 0.275641 0.036859 0.271154 0.061218 0.33141 0.086859 0.351282 0.122756 0.357051 0.249679 0.366667 0.271474 0.382051 0.276603 0.414744 0.274038 0.416667 0.238141 0.408333 0.157372 0.415385 0.125321 0.426923 0.084295 0.444231 0.003526 0.274359 0.004808
0 0.110256 0.1125 0.148718 0.100962 0.171795 0.109936 0.178205 0.11891 0.16859 0.159936 0.174359 0.221474 0.146795 0.202244 0.123718 0.163782
0 0.529487 0.011218 0.532692 0.044551 0.564744 0.111218 0.596795 0.129167 0.635256 0.048397 0.653205 0.076603 0.65 0.120192 0.651282 0.138141 0.691667 0.147115 0.739103 0.127885 0.780128 0.148397 0.791667 0.211218 0.812821 0.226603 0.828205 0.233013 0.877564 0.120192 0.867308 0.072756 0.801282 0.033013 0.748077 0.063782 0.709615 0.022756 0.698077 0.043269 0.678846 0.024038 0.676923 0.00609 0.535256 0.004808
0 0.422436 0.334295 0.412179 0.376603 0.417308 0.402244 0.437821 0.400962 0.467949 0.331731 0.462821 0.304808 0.432692 0.293269 0.430128 0.324038
0 0.010256 0.326603 0.019231 0.320192 0.053846 0.293269 0.055128 0.324038 0.058974 0.381731 0.086538 0.409936 0.112179 0.440705 0.121154 0.448397 0.141667 0.447115 0.155128 0.415064 0.162821 0.407372 0.180128 0.443269 0.176282 0.495833 0.169231 0.563782 0.145513 0.6125 0.099359 0.599679 0.011538 0.509936 0.003846 0.488141
0 0.325 0.538141 0.310256 0.585577 0.29359 0.611218 0.289744 0.657372 0.296795 0.690705 0.301923 0.748397 0.313462 0.758654 0.328205 0.749679 0.342308 0.684295 0.357692 0.633013 0.355769 0.616346 0.339103 0.525321 0.330128 0.502244
0 0.65 0.439423 0.587179 0.526603 0.583974 0.55609 0.610897 0.581731 0.617949 0.638141 0.617949 0.680449 0.652564 0.727885 0.68141 0.807372 0.68141 0.824038 0.720513 0.757372 0.733333 0.740705 0.764744 0.727885 0.783974 0.688141 0.765385 0.627885 0.746154 0.599679 0.694872 0.593269 0.7 0.543269 0.687821 0.484295 0.670513 0.439423
0 0.96859 0.474038 0.898077 0.525321 0.84359 0.565064 0.807692 0.588141 0.805769 0.643269 0.802564 0.680449 0.827564 0.744551 0.858333 0.8125 0.871795 0.80609 0.902564 0.772756 0.919872 0.738141 0.933974 0.66891 0.953846 0.631731 0.979487 0.740705 0.994231 0.803526 0.996795 0.463782 0.984615 0.486859 0.975641 0.485577
0 0.015385 0.834295 0.045513 0.793269 0.10641 0.766346 0.122436 0.788141 0.112179 0.849679 0.107692 0.898397 0.112821 0.941987 0.078846 0.925321 0.062821 0.895833 0.042949 0.947115 0.017308 0.966346 0.010897 0.899679
0 0.111538 0.698397 0.13141 0.765064 0.138462 0.797115 0.164744 0.730449 0.160256 0.709936 0.13141 0.689423
0 0.216026 0.789423 0.189744 0.802244 0.198077 0.839423 0.210256 0.847115 0.241026 0.820192
0 0.398718 0.807372 0.364744 0.803526 0.371154 0.863782 0.377564 0.875321 0.40641 0.866346 0.448718 0.843269 0.419231 0.802244
0 0.426282 0.547115 0.435256 0.622756 0.482051 0.624038 0.520513 0.589423 0.536538 0.583013 0.544231 0.630449 0.541667 0.685577 0.497436 0.775321 0.562179 0.795833 0.583333 0.754808 0.584615 0.688141 0.56859 0.611218 0.557692 0.525321 0.501923 0.497115 0.488462 0.520192 0.474359 0.536859 0.45641 0.533013 0.435897 0.533013
0 0.842308 0.866346 0.801282 0.939423 0.796154 0.975321 0.810897 0.985577 0.864744 0.988141 0.871795 0.959936 0.871154 0.900962 0.871795 0.867628 0.848718 0.863782
