0 0.045513 0.011218 0.05641 0.086859 0.075 0.116346 0.129487 0.127885 0.157692 0.111218 0.188462 0.041987 0.191026 0.009936
0 0.211538 0.016346 0.227564 0.05609 0.242949 0.1125 0.273077 0.190705 0.291026 0.185577 0.295513 0.109936 0.283333 0.007372 0.217949 0.008654
0 0.000641 0.371474 0.030769 0.340705 0.062821 0.31891 0.08141 0.343269 0.105128 0.365064 0.103846 0.384295 0.062179 0.440705 0.001282 0.489423
0 0.157051 0.404808 0.175 0.488141 0.182692 0.536859 0.15641 0.686859 0.164103 0.765064 0.139103 0.789423 0.114744 0.817628 0.102564 0.857372 0.101282 0.893269 0.099359 0.9125 0.113462 0.952244 0.124359 0.945833 0.148718 0.908654 0.175641 0.893269 0.182692 0.876603 0.192949 0.847115 0.224359 0.822756 0.241667 0.802244 0.258333 0.738141 0.239103 0.677885 0.220513 0.6125 0.214744 0.586859 0.235897 0.566346 0.264103 0.559936 0.273077 0.554808 0.288462 0.550962 0.289103 0.591987 0.294231 0.634295 0.333333 0.627885 0.350641 0.5625 0.386538 0.549679 0.39359 0.491987 0.402564 0.475321 0.411538 0.474038 0.423718 0.447115 0.419872 0.413782 0.392308 0.425321 0.387179 0.417628 0.392308 0.394551 0.405769 0.358654 0.407051 0.333013 0.382051 0.31891 0.335256 0.341987 0.309615 0.366346 0.264744 0.333013 0.244872 0.361218 0.228205 0.385577 0.213462 0.415064 0.179487 0.400962
0 0.002564 0.621474 0.021154 0.634295 0.034615 0.633013 0.042308 0.60609 0.052564 0.6125 0.066026 0.634295 0.083974 0.652244 0.091026 0.707372 0.102564 0.733013 0.103846 0.786859 0.076923 0.847115 0.037179 0.850962 0.002564 0.825321
0 0.375641 0.743269 0.337821 0.8125 0.312821 0.867628 0.280128 0.903526 0.260897 0.931731 0.284615 0.991987 0.598077 0.991987 0.617949 0.949679 0.633974 0.913782 0.64359 0.848397 0.608333 0.830449 0.588462 0.827885 0.564103 0.845833 0.55641 0.81891 0.517949 0.794551 0.516667 0.786859 0.521154 0.75609 0.520513 0.693269 0.486538 0.684295 0.457692 0.683013 0.433333 0.720192 0.421154 0.741987 0.394872 0.750962
0 0.559615 0.375321 0.522436 0.398397 0.553205 0.449679 0.591667 0.438141 0.598718 0.40609 0.598077 0.388141 0.571154 0.381731
0 0.642308 0.227885 0.657051 0.295833 0.683974 0.35609 0.694872 0.371474 0.750641 0.361218 0.773077 0.340705 0.777564 0.389423 0.791667 0.507372 0.801923 0.608654 0.819231 0.574038 0.826923 0.552244 0.830128 0.494551 0.832692 0.435577 0.828205 0.3125 0.828205 0.289423 0.807051 0.2625 0.771154 0.230449 0.75641 0.236859 0.736538 0.271474 0.705769 0.265064 0.692308 0.245833 0.650641 0.239423
0 0.826923 0.654808 0.814744 0.686859 0.814103 0.745833 0.767949 0.690705 0.70641 0.66891 0.764103 0.800962 0.824359 0.835577 0.824359 0.891987 0.807051 0.903526 0.777564 0.890705 0.735256 0.872756 0.702564 0.917628 0.708333 0.990705 0.823077 0.991987 0.827564 0.943269 0.844231 0.922756 0.849359 0.967628 0.850641 0.993269 0.892308 0.991987 0.887179 0.941987 0.892308 0.895833 0.933974 0.824038 0.951923 0.750962 0.962179 0.674038 0.925 0.690705 0.897436 0.698397 0.896154 0.765064 0.890385 0.785577 0.879487 0.790705 0.866026 0.765064 0.857051 0.740705 0.853205 0.720192 0.852564 0.694551 0.852564 0.676603 0.845513 0.657372
0 0.878205 0.1125 0.860256 0.186859 0.898718 0.229167 0.94359 0.216346 0.953205 0.220192 0.955128 0.279167 0.955769 0.297115 0.975641 0.31891 0.996795 0.3125 0.996795 0.170192 0.978846 0.174038 0.960256 0.158654 0.951282 0.111218 0.916667 0.131731 0.902564 0.113782
0 0.446795 0.172756 0.428846 0.230449 0.426282 0.258654 0.439103 0.284295 0.466667 0.293269 0.476282 0.284295 0.485256 0.222756 0.487179 0.188141 0.473077 0.180449 0.45641 0.174038
