0 0.246154 0.05609 0.229487 0.074038 0.250641 0.161218 0.255128 0.185577 0.277564 0.186859 0.288462 0.198397 0.265385 0.248397 0.260897 0.283013 0.284615 0.372756 0.299359 0.422756 0.323077 0.431731 0.367949 0.393269 0.407051 0.357372 0.41859 0.293269 0.391026 0.234295 0.346795 0.188141 0.339744 0.125321 0.35 0.06891 0.342949 0.008654 0.319231 0.021474 0.282692 0.039423
0 0.171154 0.253526 0.157692 0.277885 0.133974 0.289423 0.048718 0.341987 0.048077 0.385577 0.067949 0.454808 0.083974 0.484295 0.104487 0.489423 0.187179 0.554808 0.275641 0.591987 0.287821 0.517628 0.286538 0.481731 0.201923 0.422756 0.189103 0.353526 0.191667 0.235577
0 0.395513 0.450962 0.372436 0.489423 0.347436 0.561218 0.388462 0.61891 0.422436 0.666346 0.432051 0.717628 0.432051 0.750962 0.427564 0.817628 0.451923 0.849679 0.485897 0.830449 0.54359 0.807372 0.564744 0.716346 0.571154 0.676603 0.578205 0.622756 0.599359 0.577885 0.610897 0.491987 0.580769 0.417628 0.511538 0.408654 0.466667 0.345833 0.426282 0.357372 0.436538 0.459936 0.50641 0.56891 0.51859 0.625321 0.485256 0.681731 0.460256 0.674038 0.452564 0.56891 0.447436 0.497115 0.423718 0.459936
0 0.630128 0.609936 0.586538 0.6625 0.559615 0.740705 0.555128 0.876603 0.574359 0.904808 0.598077 0.897115 0.634615 0.859936 0.659615 0.838141 0.691667 0.727885 0.647436 0.571474
0 0.757051 0.649679 0.717949 0.694551 0.725641 0.753526 0.689744 0.85609 0.677564 0.915064 0.689744 0.941987 0.751923 0.953526 0.799359 0.990705 0.908333 0.993269 0.910256 0.904808 0.919872 0.831731 0.89359 0.763782 0.841026 0.753526 0.819231 0.779167 0.815385 0.821474 0.785256 0.817628 0.803205 0.749679 0.782692 0.66891
0 0.748077 0.124038 0.725 0.179167 0.680128 0.234295 0.663462 0.263782 0.661538 0.270192 0.637821 0.284295 0.620513 0.30609 0.674359 0.3625 0.685897 0.380449 0.712179 0.444551 0.766026 0.400962 0.810256 0.3625 0.840385 0.338141 0.84359 0.225321 0.851923 0.181731 0.828205 0.189423 0.801923 0.211218 0.785897 0.134295 0.779487 0.100962 0.758974 0.131731
0 0.436538 0.013782 0.440385 0.054808 0.444872 0.0625 0.457692 0.052244 0.485256 0.013782 0.496154 0.047115 0.492308 0.102244 0.492308 0.150962 0.482692 0.189423 0.508333 0.230449 0.522436 0.211218 0.571154 0.133013 0.600641 0.085577 0.625 0.004808 0.446154 0.004808
0 0.003205 0.00609 0.014744 0.035577 0.051282 0.054808 0.074359 0.061218 0.108974 0.05609 0.145513 0.00609
0 0.669231 0.0125 0.685897 0.050962 0.708974 0.076603 0.739744 0.065064 0.757692 0.009936 0.677564 0.002244
0 0.842308 0.345833 0.841667 0.416346 0.834615 0.476603 0.84359 0.525321 0.869872 0.588141 0.872436 0.643269 0.892308 0.670192 0.940385 0.626603 0.95 0.590705 0.904487 0.531731 0.89359 0.481731 0.877564 0.415064 0.877564 0.295833 0.853205 0.30609
