0 0.150641 0.00609 0.121154 0.061218 0.111538 0.130449 0.101282 0.159936 0.082051 0.190705 0.067308 0.241987 0.060256 0.275321 0.05641 0.329167 0.045513 0.347115 0.014103 0.344551 0.001282 0.339423 0.004487 0.476603 0.01859 0.50609 0.025641 0.545833 0.037179 0.558654 0.067949 0.572756 0.098718 0.526603 0.116026 0.493269 0.128205 0.435577 0.129487 0.383013 0.14359 0.325321 0.147436 0.275321 0.136538 0.26891 0.141667 0.244551 0.155128 0.2125 0.164744 0.235577 0.185897 0.190705 0.201923 0.175321 0.216026 0.126603 0.222436 0.077885 0.216667 0.004808
0 0.283974 0.16891 0.287179 0.235577 0.296795 0.277885 0.300641 0.321474 0.298718 0.344551 0.292949 0.354808 0.273077 0.308654 0.267949 0.272756 0.255128 0.358654 0.272436 0.416346 0.289744 0.374038 0.305128 0.476603 0.279487 0.498397 0.274359 0.530449 0.308974 0.595833 0.339103 0.631731 0.367308 0.633013 0.392308 0.611218 0.403205 0.559936 0.403205 0.507372 0.404487 0.450962 0.405128 0.399679 0.402564 0.386859 0.353205 0.411218 0.330128 0.386859 0.328205 0.311218 0.328846 0.277885 0.355769 0.250962 0.387821 0.299679 0.396154 0.298397 0.410256 0.257372 0.413462 0.204808 0.394872 0.181731 0.373718 0.193269 0.362821 0.195833 0.353846 0.190705 0.342949 0.1625 0.359615 0.138141 0.330769 0.121474 0.30641 0.120192 0.283333 0.152244
0 0.383333 0.036859 0.387179 0.103526 0.385256 0.176603 0.407051 0.199679 0.435897 0.239423 0.453846 0.261218 0.512179 0.243269 0.510897 0.2125 0.497436 0.158654 0.501923 0.120192 0.49359 0.06891 0.460897 0.113782 0.45641 0.116346 0.455769 0.065064 0.453846 0.030449 0.445513 0.004808 0.398077 0.007372
0 0.504487 0.011218 0.495513 0.054808 0.514744 0.117628 0.523718 0.126603 0.559615 0.145833 0.597436 0.154808 0.642308 0.171474 0.65641 0.104808 0.655769 0.0625 0.630769 0.044551 0.604487 0.004808 0.513462 0.00609
0 0.639103 0.249679 0.628205 0.274038 0.613462 0.295833 0.617949 0.326603 0.626923 0.374038 0.626282 0.41891 0.651923 0.450962 0.664103 0.477885 0.674359 0.548397 0.672436 0.570192 0.694231 0.603526 0.699359 0.597115 0.689103 0.557372 0.677564 0.513782 0.674359 0.471474 0.689744 0.465064 0.705769 0.470192 0.725 0.436859 0.712179 0.375321 0.691667 0.350962 0.671154 0.338141 0.661538 0.270192 0.652564 0.249679
0 0.932051 0.177885 0.905769 0.208654 0.879487 0.200962 0.891667 0.258654 0.909615 0.284295 0.920513 0.302244 0.95641 0.225321 0.957051 0.21891 0.974359 0.248397 0.996795 0.26891 0.996795 0.102244 0.98141 0.139423 0.960897 0.135577 0.928846 0.089423 0.922436 0.133013 0.933333 0.161218
0 0.911538 0.553526 0.853205 0.600962 0.828846 0.650962 0.857051 0.707372 0.866026 0.733013 0.888462 0.753526 0.892308 0.722756 0.892308 0.707372 0.948077 0.70609 0.991026 0.713782 0.996795 0.703526 0.994872 0.5625 0.963462 0.559936 0.939744 0.571474 0.919872 0.548397
0 0.796154 0.371474 0.754487 0.425321 0.755769 0.438141 0.766667 0.471474 0.78141 0.46891 0.801923 0.439423 0.817308 0.417628 0.841026 0.415064 0.816667 0.377885
0 0.498718 0.577885 0.476282 0.620192 0.447436 0.654808 0.439744 0.695833 0.425 0.735577 0.412821 0.771474 0.419231 0.807372 0.462179 0.894551 0.471795 0.927885 0.482051 0.970192 0.494872 0.993269 0.583333 0.989423 0.575641 0.925321 0.546795 0.9125 0.525641 0.916346 0.508333 0.904808 0.498077 0.858654 0.505769 0.803526 0.53141 0.731731 0.551282 0.704808 0.576923 0.640705 0.567949 0.600962 0.553205 0.583013 0.523718 0.570192
0 0.182051 0.55609 0.166667 0.597115 0.154487 0.630449 0.137179 0.630449 0.147436 0.703526 0.166667 0.740705 0.182692 0.7625 0.215385 0.772756 0.23141 0.744551 0.239744 0.685577 0.221795 0.667628 0.186538 0.66891 0.185897 0.621474 0.198077 0.611218 0.222436 0.620192 0.233974 0.639423 0.255128 0.611218 0.264744 0.56891 0.258974 0.552244 0.222436 0.540705 0.192308 0.540705 0.175641 0.55609
0 0.012179 0.622756 0.025 0.629167 0.030769 0.635577 0.047436 0.629167 0.062821 0.633013 0.077564 0.650962 0.098718 0.649679 0.130769 0.676603 0.094872 0.683013 0.085897 0.720192 0.090385 0.731731 0.121795 0.774038 0.128205 0.799679 0.10641 0.840705 0.082692 0.833013 0.057692 0.793269 0.054487 0.767628 0.025641 0.766346 0.003846 0.740705 0.007051 0.636859
0 0.132692 0.876603 0.121795 0.924038 0.121795 0.95609 0.124359 0.977885 0.136538 0.991987 0.160897 0.988141 0.183333 0.979167 0.194231 0.984295 0.166026 0.91891 0.160256 0.875321 0.15641 0.8625
0 0.258974 0.774038 0.235256 0.885577 0.217308 0.883013 0.221154 0.952244 0.228846 0.975321 0.23141 0.989423 0.313462 0.991987 0.291026 0.95609 0.28141 0.909936 0.300641 0.884295 0.315385 0.939423 0.320513 0.981731 0.347436 0.941987 0.372436 0.925321 0.367949 0.850962 0.317949 0.809936 0.28141 0.771474
0 0.421795 0.953526 0.40641 0.975321 0.409615 0.991987 0.45641 0.991987 0.464744 0.96891 0.440385 0.953526
0 0.7 0.815064 0.658333 0.803526 0.646795 0.865064 0.680128 0.888141 0.69359 0.895833 0.719872 0.871474 0.722436 0.820192
0 0.866026 0.811218 0.885256 0.85609 0.864744 0.861218 0.837179 0.829167 0.828846 0.811218 0.817949 0.895833 0.827564 0.924038 0.835897 0.965064 0.860897 0.940705 0.873077 0.915064 0.891667 0.930449 0.916667 0.948397 0.94359 0.916346 0.957051 0.858654 0.94359 0.826603 0.916667 0.835577 0.898077 0.833013 0.880128 0.803526 0.857692 0.780449
