0 0.637821 0.398397 0.628846 0.409936 0.621154 0.415064 0.626923 0.439423 0.611538 0.457372 0.59359 0.479167 0.592949 0.497115 0.59359 0.509936 0.584615 0.531731 0.58141 0.567628 0.595513 0.593269 0.619872 0.574038 0.630769 0.553526 0.65 0.553526 0.676282 0.565064 0.682051 0.572756 0.707051 0.61891 0.712179 0.636859 0.722436 0.649679 0.736538 0.627885 0.753205 0.61891 0.76859 0.645833 0.783974 0.633013 0.785897 0.598397 0.815385 0.609936 0.830128 0.609936 0.85 0.609936 0.860897 0.576603 0.844231 0.545833 0.810256 0.527885 0.792949 0.524038 0.766667 0.533013 0.760897 0.50609 0.727564 0.480449 0.722436 0.443269 0.735256 0.41891 0.730128 0.400962 0.710897 0.415064 0.702564 0.411218 0.697436 0.375321 0.651923 0.381731 0.642308 0.383013 0.637821 0.383013
0 0.348718 0.571474 0.342949 0.600962 0.346795 0.653526 0.35641 0.684295 0.373077 0.735577 0.391667 0.754808 0.424359 0.763782 0.433974 0.729167 0.438462 0.677885 0.446154 0.627885 0.426282 0.571474 0.40641 0.540705 0.390385 0.547115 0.376923 0.559936 0.371795 0.559936 0.358974 0.554808
0 0.976282 0.308654 0.95 0.338141 0.920513 0.361218 0.94359 0.388141 0.955128 0.436859 0.946795 0.472756 0.926923 0.485577 0.901923 0.494551 0.907692 0.576603 0.930769 0.586859 0.962821 0.593269 0.994872 0.597115 0.996795 0.333013
0 0.085256 0.394551 0.076923 0.450962 0.078846 0.565064 0.088462 0.580449 0.074359 0.603526 0.099359 0.615064 0.126923 0.567628 0.155128 0.550962 0.166667 0.571474 0.183333 0.565064 0.185256 0.507372 0.178846 0.438141 0.16859 0.398397 0.133974 0.394551
0 0.162179 0.665064 0.136538 0.685577 0.130128 0.679167 0.125 0.716346 0.135256 0.731731 0.135897 0.754808 0.128205 0.781731 0.11859 0.797115 0.137821 0.831731 0.159615 0.863782 0.147436 0.883013 0.144872 0.903526 0.155769 0.911218 0.171795 0.90609 0.183333 0.897115 0.209615 0.865064 0.228846 0.863782 0.242949 0.849679 0.262821 0.811218 0.277564 0.716346 0.254487 0.689423 0.230128 0.672756 0.201923 0.677885 0.194231 0.677885 0.178846 0.659936
0 0.517949 0.808654 0.512179 0.835577 0.496795 0.833013 0.50641 0.867628 0.511538 0.888141 0.515385 0.904808 0.515385 0.917628 0.507692 0.934295 0.50641 0.958654 0.505769 0.979167 0.529487 0.957372 0.54359 0.957372 0.569872 0.961218 0.589744 0.943269 0.587821 0.927885 0.58141 0.872756 0.573077 0.836859 0.562179 0.8125 0.548077 0.811218 0.541026 0.820192 0.53141 0.8125
0 0.687821 0.839423 0.667949 0.833013 0.658333 0.853526 0.658333 0.881731 0.65641 0.904808 0.685897 0.922756 0.702564 0.939423 0.714103 0.941987 0.716667 0.90609 0.71859 0.884295 0.711538 0.849679 0.694872 0.831731
0 0.882692 0.816346 0.833974 0.844551 0.838462 0.881731 0.852564 0.908654 0.852564 0.91891 0.845513 0.930449 0.819872 0.934295 0.830128 0.993269 0.912821 0.989423 0.917949 0.949679 0.892949 0.909936 0.887821 0.876603 0.9 0.815064 0.901282 0.804808
0 0.927564 0.663782 0.926923 0.713782 0.937821 0.747115 0.951282 0.772756 0.954487 0.786859 0.960256 0.798397 0.966667 0.815064 0.96859 0.845833 0.992308 0.841987 0.978205 0.771474 0.997436 0.733013 0.990385 0.648397 0.985897 0.676603 0.967308 0.686859 0.958333 0.680449 0.944231 0.657372 0.939103 0.657372
0 0.185897 0.979167 0.190385 0.972756 0.196154 0.971474 0.207692 0.96891 0.211538 0.939423 0.212821 0.929167 0.219231 0.933013 0.235256 0.931731 0.244231 0.921474 0.265385 0.909936 0.270513 0.915064 0.287179 0.895833 0.289744 0.911218 0.289744 0.925321 0.299359 0.9625 0.307692 0.96891 0.316026 0.967628 0.330128 0.971474 0.344231 0.986859 0.280769 0.991987 0.25641 0.974038 0.251923 0.995833 0.188462 0.998397
0 0.502564 0.426603 0.496795 0.467628 0.491667 0.483013 0.477564 0.516346 0.476923 0.525321 0.476923 0.559936 0.466667 0.581731 0.463462 0.554808 0.436538 0.553526 0.448077 0.617628 0.471795 0.615064 0.478205 0.616346 0.474359 0.634295 0.473077 0.652244 0.466667 0.676603 0.466667 0.693269 0.467949 0.736859 0.475 0.747115 0.479487 0.747115 0.485256 0.684295 0.489103 0.635577 0.494872 0.602244 0.507051 0.538141 0.522436 0.521474 0.523077 0.489423 0.51859 0.438141 0.512821 0.415064
0 0.220513 0.025321 0.210897 0.049679 0.208974 0.059936 0.209615 0.107372 0.212821 0.148397 0.223077 0.16891 0.237179 0.184295 0.239744 0.211218 0.246154 0.272756 0.25 0.277885 0.263462 0.277885 0.277564 0.277885 0.291026 0.309936 0.292949 0.343269 0.300641 0.3625 0.319231 0.366346 0.332692 0.35609 0.33141 0.336859 0.312179 0.289423 0.319872 0.240705 0.33141 0.211218 0.325 0.161218 0.298077 0.121474 0.284615 0.086859 0.291026 0.061218 0.290385 0.029167 0.283974 0.004808 0.230128 0.009936
