0 0.734615 0.340705 0.719872 0.389423 0.704487 0.397115 0.66859 0.40609 0.640385 0.404808 0.61859 0.463782 0.666667 0.540705 0.683974 0.557372 0.684615 0.481731 0.698718 0.475321 0.708974 0.558654 0.729487 0.609936 0.721795 0.634295 0.717949 0.66891 0.714744 0.697115 0.716026 0.716346 0.732051 0.683013 0.775641 0.615064 0.798718 0.588141 0.817308 0.461218 0.825 0.454808 0.875641 0.524038 0.914744 0.558654 0.916026 0.634295 0.905128 0.802244 0.905769 0.885577 0.941026 0.963782 0.935897 0.991987 0.996154 0.990705 0.997436 0.489423 0.964103 0.499679 0.926923 0.475321 0.874359 0.445833 0.842949 0.390705 0.801282 0.324038 0.760256 0.326603
0 0.85641 0.030449 0.821795 0.048397 0.776282 0.107372 0.745513 0.111218 0.726282 0.129167 0.705769 0.161218 0.698718 0.209936 0.732692 0.258654 0.763462 0.271474 0.783333 0.25609 0.813462 0.2125 0.886538 0.1625 0.887821 0.140705 0.894872 0.120192 0.959615 0.097115 0.972436 0.0625 0.944231 0.01891 0.922436 0.0125 0.867949 0.025321
0 0.466667 0.079167 0.471154 0.109936 0.451923 0.108654 0.438462 0.075321 0.427564 0.165064 0.428205 0.200962 0.467308 0.240705 0.482051 0.25609 0.517308 0.240705 0.529487 0.183013 0.532692 0.126603 0.503205 0.076603 0.473077 0.080449
0 0.332051 0.203526 0.324359 0.267628 0.326282 0.286859 0.328205 0.322756 0.303205 0.370192 0.278846 0.384295 0.248077 0.40609 0.254487 0.448397 0.309615 0.45609 0.319872 0.415064 0.325641 0.376603 0.348077 0.315064 0.365385 0.259936 0.383974 0.185577 0.348718 0.211218
0 0.467949 0.536859 0.462179 0.590705 0.470513 0.633013 0.46859 0.708654 0.459615 0.741987 0.486538 0.749679 0.526282 0.665064 0.530128 0.61891 0.53141 0.561218 0.529487 0.544551 0.498077 0.5625 0.477564 0.543269
0 0.226923 0.552244 0.183333 0.550962 0.171154 0.540705 0.171795 0.611218 0.187179 0.657372 0.223077 0.683013 0.233333 0.648397 0.244231 0.584295
0 0.071154 0.235577 0.058974 0.284295 0.06859 0.417628 0.076282 0.436859 0.121795 0.450962 0.11859 0.397115 0.102564 0.354808 0.092949 0.288141 0.084615 0.230449
0 0.078205 0.548397 0.055769 0.559936 0.058974 0.620192 0.059615 0.699679 0.032692 0.694551 0.002564 0.684295 0.002564 0.840705 0.016026 0.824038 0.026923 0.754808 0.062179 0.802244 0.089103 0.767628 0.132692 0.711218 0.114744 0.695833 0.104487 0.663782 0.10641 0.635577 0.11859 0.650962 0.122436 0.600962 0.122436 0.589423 0.111538 0.574038 0.078846 0.527885
0 0.360897 0.839423 0.353846 0.880449 0.357051 0.990705 0.480769 0.995833 0.46859 0.929167 0.434615 0.891987 0.416667 0.86891 0.396795 0.830449 0.367308 0.835577
0 0.605769 0.747115 0.617308 0.803526 0.603205 0.826603 0.607051 0.895833 0.608333 0.904808 0.635897 0.908654 0.686538 0.857372 0.698077 0.811218 0.687179 0.786859 0.649359 0.753526 0.612179 0.727885
0 0.78141 0.666346 0.782692 0.740705 0.783333 0.763782 0.800641 0.795833 0.83141 0.794551 0.858333 0.753526 0.853205 0.743269 0.837179 0.713782 0.826282 0.684295 0.810897 0.659936 0.8 0.649679
0 0.771154 0.883013 0.730769 0.915064 0.702564 0.899679 0.679487 0.944551 0.645513 0.995833 0.833974 0.994551 0.815385 0.935577 0.799359 0.894551
