0 0.103846 0.004808 0.120513 0.067628 0.113462 0.120192 0.100641 0.147115 0.082692 0.170192 0.071154 0.213782 0.069231 0.266346 0.091667 0.265064 0.189103 0.254808 0.217308 0.254808 0.217308 0.241987 0.217949 0.179167 0.235897 0.007372
0 0.321795 0.038141 0.317308 0.124038 0.326923 0.161218 0.366667 0.185577 0.35641 0.241987 0.358333 0.271474 0.378846 0.291987 0.423077 0.276603 0.434615 0.25609 0.475 0.280449 0.475 0.290705 0.498718 0.289423 0.510256 0.281731 0.526282 0.250962 0.550641 0.194551 0.592308 0.00609 0.4 0.007372 0.360897 0.041987 0.33141 0.040705
0 0.226282 0.261218 0.207692 0.30609 0.20641 0.353526 0.194872 0.394551 0.198077 0.408654 0.223077 0.416346 0.271154 0.431731 0.308333 0.443269 0.301923 0.513782 0.284615 0.571474 0.230128 0.6625 0.226282 0.690705 0.230128 0.727885 0.239744 0.795833 0.247436 0.808654 0.274359 0.779167 0.335897 0.688141 0.369231 0.61891 0.378846 0.563782 0.366667 0.490705 0.363462 0.441987 0.366667 0.383013 0.357692 0.303526 0.348077 0.280449 0.328846 0.294551 0.294231 0.267628 0.279487 0.258654
0 0.774359 0.063782 0.736538 0.100962 0.755128 0.2125 0.769231 0.304808 0.780769 0.426603 0.792308 0.554808 0.796154 0.571474 0.8 0.608654 0.803846 0.626603 0.826282 0.633013 0.874359 0.626603 0.887821 0.580449 0.878846 0.5625 0.854487 0.565064 0.848718 0.544551 0.853205 0.497115 0.858333 0.454808 0.844231 0.4125 0.85641 0.365064 0.876282 0.331731 0.896154 0.304808 0.90641 0.257372 0.889744 0.167628 0.857692 0.06891 0.788462 0.05609
0 0.883333 0.0125 0.890385 0.052244 0.892308 0.075321 0.919872 0.166346 0.949359 0.199679 0.953846 0.20609 0.988462 0.188141 0.997436 0.140705 0.996795 0.007372
0 0.886538 0.386859 0.883974 0.445833 0.898077 0.50609 0.942308 0.495833 0.923718 0.570192 0.928846 0.643269 0.934615 0.671474 0.928846 0.699679 0.876923 0.689423 0.871154 0.708654 0.876923 0.774038 0.905769 0.836859 0.941026 0.894551 0.994231 0.853526 0.997436 0.629167 0.98141 0.641987 0.971795 0.621474 0.978846 0.590705 0.996154 0.570192 0.996154 0.336859 0.976282 0.329167 0.964103 0.371474 0.951282 0.376603 0.928846 0.421474 0.920513 0.431731 0.907051 0.404808
0 0.59359 0.340705 0.578846 0.409936 0.56859 0.463782 0.561538 0.503526 0.559615 0.602244 0.551923 0.6125 0.501923 0.561218 0.480128 0.598397 0.467949 0.643269 0.488462 0.708654 0.501923 0.748397 0.510256 0.780449 0.537179 0.798397 0.569231 0.811218 0.591026 0.809936 0.617949 0.777885 0.636538 0.766346 0.648077 0.748397 0.651282 0.709936 0.635256 0.650962 0.632051 0.630449 0.658333 0.586859 0.670513 0.559936 0.677564 0.497115 0.657051 0.465064 0.632692 0.449679 0.60641 0.394551 0.655769 0.320192 0.65641 0.298397 0.630128 0.297115 0.604487 0.309936
0 0.478846 0.916346 0.457692 0.938141 0.438462 0.938141 0.430128 0.966346 0.424359 0.993269 0.523077 0.994551 0.516026 0.959936 0.501282 0.908654
0 0.702564 0.65609 0.707051 0.702244 0.720513 0.730449 0.728205 0.747115 0.728205 0.75609 0.758974 0.708654 0.766026 0.689423 0.754487 0.680449 0.737179 0.690705 0.724359 0.683013 0.721795 0.650962 0.71859 0.641987 0.709615 0.640705
0 0.725 0.790705 0.716667 0.807372 0.709615 0.841987 0.727564 0.903526 0.76859 0.90609 0.776923 0.877885 0.755128 0.822756 0.742308 0.795833
0 0.007692 0.231731 0.01859 0.258654 0.009615 0.31891 0.026923 0.321474 0.062821 0.299679 0.079487 0.302244 0.088462 0.366346 0.1 0.385577 0.124359 0.417628 0.126282 0.531731 0.129487 0.541987 0.134615 0.558654 0.110256 0.581731 0.062821 0.604808 0.048718 0.591987 0.046795 0.638141 0.053205 0.659936 0.071154 0.663782 0.095513 0.66891 0.107692 0.704808 0.105128 0.752244 0.094231 0.771474 0.087179 0.794551 0.062179 0.809936 0.030769 0.800962 0.001282 0.788141 0.004487 0.600962 0.020513 0.629167 0.021154 0.567628 0.017949 0.543269 0.017949 0.50609 0.022436 0.471474 0.037179 0.459936 0.034615 0.434295 0.003846 0.415064 0.002564 0.245833
0 0.775641 0.947115 0.784615 0.983013 0.788462 0.995833 0.898077 0.993269 0.899359 0.949679 0.89359 0.915064 0.875641 0.947115 0.832692 0.924038 0.822436 0.911218 0.797436 0.9625 0.786538 0.954808
