0 0.848077 0.017628 0.821154 0.108654 0.870513 0.149679 0.927564 0.193269 0.926923 0.281731 0.957692 0.321474 0.995513 0.386859 0.996795 0.00609 0.855128 0.008654
0 0.74359 0.10609 0.691667 0.174038 0.705128 0.21891 0.704487 0.267628 0.700641 0.299679 0.734615 0.302244 0.740385 0.257372 0.74359 0.197115 0.773718 0.150962 0.785256 0.108654 0.777564 0.095833
0 0.607692 0.195833 0.571154 0.230449 0.55 0.239423 0.574359 0.322756 0.578205 0.394551 0.6 0.359936 0.622436 0.350962 0.651282 0.354808 0.653205 0.315064 0.657692 0.26891 0.637179 0.249679 0.622436 0.230449 0.615385 0.204808
0 0.574359 0.438141 0.525 0.471474 0.503846 0.488141 0.467308 0.549679 0.459615 0.580449 0.449359 0.654808 0.430769 0.697115 0.437821 0.727885 0.441667 0.866346 0.457051 0.913782 0.501282 0.859936 0.502564 0.786859 0.494231 0.716346 0.5 0.680449 0.523077 0.663782 0.561538 0.639423 0.582692 0.590705 0.598718 0.543269 0.605128 0.461218 0.584615 0.422756
0 0.638462 0.377885 0.654487 0.471474 0.669872 0.56891 0.708974 0.533013 0.751282 0.525321 0.783333 0.520192 0.8 0.539423 0.807051 0.55609 0.787179 0.631731 0.775641 0.717628 0.780769 0.739423 0.836538 0.736859 0.851282 0.677885 0.88141 0.604808 0.901923 0.577885 0.9 0.524038 0.857692 0.481731 0.848718 0.457372 0.844231 0.385577 0.83141 0.327885 0.78141 0.352244 0.722436 0.35609 0.680128 0.365064
0 0.599359 0.766346 0.558974 0.7625 0.528205 0.777885 0.539103 0.795833 0.548718 0.902244 0.548077 0.945833 0.587821 0.931731 0.61859 0.845833 0.639103 0.844551 0.644872 0.845833 0.635256 0.788141 0.610256 0.7625
0 0.910897 0.56891 0.885256 0.667628 0.876923 0.700962 0.859615 0.745833 0.830769 0.897115 0.853846 0.925321 0.863462 0.947115 0.891026 0.884295 0.908333 0.949679 0.935256 0.966346 0.976923 0.920192 0.988462 0.841987 0.987179 0.798397 0.954487 0.783013 0.932692 0.658654 0.953205 0.589423 0.923077 0.5625 0.902564 0.567628
0 0.105769 0.422756 0.073077 0.453526 0.060897 0.445833 0.063462 0.497115 0.058333 0.559936 0.064103 0.595833 0.067308 0.624038 0.102564 0.633013 0.142308 0.688141 0.148077 0.704808 0.16859 0.694551 0.158333 0.616346 0.170513 0.591987 0.195513 0.630449 0.202564 0.538141 0.185897 0.476603 0.138462 0.483013 0.133974 0.483013
0 0.009615 0.022756 0.041026 0.022756 0.064744 0.008654 0.155128 0.015064 0.153205 0.080449 0.128846 0.104808 0.100641 0.074038 0.076923 0.085577 0.034615 0.094551 0.029487 0.152244 0.003846 0.150962 0.001282 0.027885
0 0.234615 0.241987 0.210256 0.258654 0.213462 0.315064 0.217308 0.347115 0.25 0.335577 0.257051 0.3125
