0 0.396154 0.00609 0.391667 0.05609 0.404487 0.145833 0.400641 0.183013 0.414744 0.20609 0.414744 0.245833 0.396154 0.293269 0.385256 0.341987 0.354487 0.372756 0.336538 0.404808 0.329487 0.429167 0.314744 0.45609 0.29359 0.481731 0.274359 0.486859 0.26859 0.485577 0.265385 0.445833 0.271154 0.397115 0.26859 0.367628 0.291667 0.324038 0.299359 0.304808 0.311538 0.274038 0.330128 0.230449 0.341026 0.184295 0.334615 0.149679 0.312179 0.126603 0.299359 0.117628 0.240385 0.100962 0.229487 0.081731 0.236538 0.029167 0.235897 0.00609
0 0.008974 0.079167 0.035897 0.102244 0.066026 0.122756 0.074359 0.148397 0.047436 0.153526 0.047436 0.167628 0.054487 0.239423 0.057692 0.281731 0.042949 0.293269 0.027564 0.266346 0.024359 0.208654 0.020513 0.188141 0.003205 0.176603 0.00641 0.504808 0.028205 0.486859 0.048077 0.504808 0.06859 0.5125 0.110897 0.517628 0.133974 0.485577 0.147436 0.444551 0.126923 0.388141 0.109615 0.350962 0.089744 0.353526 0.080769 0.313782 0.078205 0.286859 0.089744 0.276603 0.128205 0.279167 0.157051 0.263782 0.162821 0.213782 0.162821 0.177885 0.155769 0.153526 0.139103 0.11891 0.136538 0.072756 0.123718 0.004808 0.002564 0.003526 0.003205 0.0625
0 0.637821 0.024038 0.619872 0.085577 0.608974 0.122756 0.596154 0.154808 0.60641 0.183013 0.608333 0.226603 0.592949 0.267628 0.588462 0.272756 0.560897 0.222756 0.539744 0.227885 0.534615 0.235577 0.526282 0.277885 0.519872 0.347115 0.530769 0.385577 0.534615 0.503526 0.566026 0.5125 0.574359 0.504808 0.61859 0.493269 0.666026 0.466346 0.685256 0.447115 0.683333 0.40609 0.66859 0.308654 0.675641 0.277885 0.7 0.236859 0.70641 0.189423 0.699359 0.172756 0.657692 0.116346 0.651282 0.098397 0.663462 0.053526 0.675 0.007372 0.644872 0.008654
0 0.785897 0.013782 0.808333 0.130449 0.819231 0.180449 0.842308 0.304808 0.846795 0.31891 0.897436 0.327885 0.926923 0.309936 0.921154 0.274038 0.896154 0.261218 0.889744 0.238141 0.888462 0.211218 0.891667 0.15609 0.889744 0.113782 0.879487 0.076603 0.899359 0.044551 0.935417 0.0 0.794231 0.004808
0 0.987179 0.047115 0.982051 0.11891 0.976282 0.186859 0.971795 0.222756 0.964103 0.249679 0.952564 0.304808 0.953846 0.333013 0.964103 0.344551 0.965385 0.371474 0.940385 0.376603 0.912179 0.376603 0.901282 0.402244 0.901923 0.45609 0.926282 0.51891 0.955769 0.527885 0.967308 0.522756 0.996154 0.444551 0.996154 0.049679
0 0.507051 0.607372 0.498077 0.630449 0.472436 0.645833 0.480769 0.695833 0.496154 0.775321 0.498718 0.784295 0.523077 0.804808 0.555128 0.785577 0.565385 0.716346 0.55641 0.658654 0.544231 0.625321 0.523077 0.604808
0 0.076923 0.850962 0.113462 0.821474 0.158333 0.800962 0.163462 0.811218 0.170513 0.830449 0.205128 0.835577 0.228205 0.813782 0.212179 0.774038 0.217949 0.752244 0.259615 0.727885 0.294231 0.726603 0.308974 0.735577 0.357692 0.763782 0.414744 0.799679 0.426923 0.811218 0.44359 0.838141 0.446795 0.881731 0.423077 0.91891 0.380128 0.899679 0.34359 0.929167 0.319231 0.891987 0.296154 0.879167 0.265385 0.890705 0.253846 0.933013 0.230769 0.96891 0.208333 0.96891 0.166667 0.975321 0.146154 0.980449 0.141667 0.989423 0.094872 0.997115 0.096154 0.930449 0.094872 0.898397 0.082051 0.871474
0 0.555128 0.90609 0.563462 0.858654 0.600641 0.852244 0.624359 0.90609 0.634615 0.911218 0.65 0.893269 0.671795 0.872756 0.696154 0.941987 0.673718 0.994551 0.56859 0.994551 0.564744 0.952244 0.55641 0.947115 0.55 0.920192
0 0.760897 0.975321 0.78141 0.944551 0.786538 0.927885 0.798718 0.916346 0.817308 0.940705 0.851923 0.949679 0.883974 0.966346 0.891667 0.994551 0.761538 0.994551
0 0.908333 0.950962 0.930769 0.902244 0.948718 0.898397 0.971154 0.938141 0.980769 0.9625 0.996154 0.993269 0.903205 0.994551
0 0.752564 0.479167 0.751923 0.530449 0.749359 0.538141 0.760256 0.5625 0.765385 0.574038 0.771795 0.581731 0.775641 0.593269 0.794872 0.590705 0.792308 0.561218 0.788462 0.498397 0.758974 0.466346
0 0.744231 0.339423 0.744231 0.385577 0.753846 0.404808 0.761538 0.426603 0.763462 0.433013 0.796795 0.40609 0.800641 0.383013 0.792949 0.361218 0.775 0.363782 0.758333 0.371474 0.753205 0.365064
