0 0.069231 0.098397 0.067308 0.171474 0.058974 0.180449 0.030128 0.216346 0.080769 0.254808 0.107051 0.275321 0.159615 0.231731 0.188462 0.215064 0.21859 0.165064 0.233333 0.131731 0.234615 0.121474 0.208333 0.097115 0.164103 0.071474 0.155769 0.071474 0.128846 0.11891 0.091026 0.103526 0.072436 0.076603
0 0.247436 0.245833 0.23141 0.300962 0.223718 0.340705 0.246154 0.352244 0.274359 0.376603 0.292949 0.393269 0.280769 0.433013 0.280128 0.491987 0.314744 0.603526 0.379487 0.604808 0.41859 0.545833 0.432692 0.51891 0.437179 0.472756 0.400641 0.41891 0.371795 0.338141 0.367949 0.299679 0.371154 0.224038 0.355128 0.188141 0.321154 0.221474 0.273718 0.225321 0.25641 0.225321
0 0.182051 0.46891 0.148077 0.500962 0.069231 0.540705 0.057051 0.5625 0.085256 0.630449 0.089744 0.672756 0.123718 0.702244 0.196795 0.731731 0.24359 0.779167 0.285256 0.799679 0.327564 0.734295 0.312179 0.6625 0.267308 0.633013 0.225641 0.621474 0.219872 0.584295 0.212179 0.494551 0.214744 0.441987 0.190385 0.459936
0 0.423077 0.647115 0.391667 0.685577 0.370513 0.711218 0.365385 0.749679 0.391667 0.790705 0.417949 0.807372 0.435897 0.858654 0.45 0.902244 0.439744 0.990705 0.576282 0.990705 0.583974 0.889423 0.589744 0.848397 0.608974 0.798397 0.626923 0.745833 0.596154 0.595833 0.530769 0.629167 0.502564 0.558654 0.433333 0.561218 0.486538 0.658654 0.519872 0.739423 0.544872 0.800962 0.521795 0.909936 0.49359 0.875321 0.483333 0.753526 0.444872 0.681731 0.430128 0.654808
0 0.759615 0.326603 0.705769 0.439423 0.69359 0.463782 0.663462 0.488141 0.658974 0.503526 0.711538 0.617628 0.766667 0.60609 0.799359 0.576603 0.846795 0.541987 0.873077 0.493269 0.857692 0.430449 0.862821 0.384295 0.834615 0.409936 0.809615 0.354808 0.785897 0.329167 0.769231 0.345833
0 0.717949 0.174038 0.687179 0.194551 0.689103 0.216346 0.732051 0.249679 0.787179 0.172756 0.766667 0.158654 0.724359 0.180449
0 0.630128 0.809936 0.617308 0.858654 0.605769 0.90609 0.587179 0.991987 0.723718 0.991987 0.697436 0.920192 0.679487 0.795833
0 0.426923 0.139423 0.467949 0.200962 0.49359 0.191987 0.512179 0.289423 0.510256 0.407372 0.538462 0.403526 0.56859 0.331731 0.601282 0.293269 0.626282 0.265064 0.63141 0.154808 0.542949 0.140705 0.476923 0.124038 0.462821 0.10609
0 0.640385 0.009936 0.666667 0.081731 0.678846 0.107372 0.712821 0.121474 0.721795 0.044551 0.712179 0.007372
0 0.869231 0.531731 0.85641 0.608654 0.85641 0.636859 0.870513 0.733013 0.884615 0.754808 0.889744 0.826603 0.932692 0.838141 0.960256 0.795833 0.939744 0.736859 0.926282 0.677885 0.892949 0.617628 0.903846 0.583013 0.898077 0.50609 0.883333 0.507372
0 0.782692 0.845833 0.757692 0.891987 0.749359 0.917628 0.749359 0.944551 0.754487 0.991987 0.812821 0.989423 0.815385 0.922756 0.803846 0.871474
0 0.878846 0.947115 0.853205 0.995833 0.93141 0.993269 0.905769 0.944551
0 0.910897 0.01891 0.89359 0.053526 0.899359 0.089423 0.921795 0.104808 0.932692 0.129167 0.944872 0.117628 0.937821 0.045833 0.93141 0.0125
