0 0.70641 0.071474 0.692308 0.099679 0.673077 0.104808 0.678205 0.145833 0.675 0.175321 0.651282 0.167628 0.640385 0.172756 0.648077 0.2125 0.645513 0.234295 0.637821 0.238141 0.644872 0.285577 0.662821 0.290705 0.689744 0.270192 0.703205 0.252244 0.717949 0.257372 0.734615 0.274038 0.761538 0.329167 0.782051 0.331731 0.810256 0.317628 0.822436 0.3125 0.827564 0.261218 0.811538 0.189423 0.794231 0.190705 0.783333 0.158654 0.789744 0.126603 0.790385 0.107372 0.776282 0.097115 0.76859 0.102244 0.760256 0.111218 0.741026 0.091987 0.742308 0.063782 0.722436 0.080449 0.713462 0.084295
0 0.396795 0.263782 0.392949 0.297115 0.392949 0.335577 0.401282 0.367628 0.40641 0.4125 0.414744 0.431731 0.432692 0.444551 0.449359 0.4625 0.469872 0.466346 0.48141 0.461218 0.487821 0.422756 0.48141 0.380449 0.487821 0.339423 0.478846 0.30609 0.459615 0.261218 0.459615 0.238141 0.433333 0.25609 0.407051 0.247115
0 0.201282 0.36891 0.194872 0.398397 0.178205 0.404808 0.171154 0.444551 0.183333 0.475321 0.182692 0.491987 0.179487 0.509936 0.190385 0.535577 0.203846 0.550962 0.208974 0.55609 0.213462 0.558654 0.213462 0.574038 0.230769 0.580449 0.239103 0.571474 0.255128 0.536859 0.273077 0.520192 0.285256 0.500962 0.310256 0.503526 0.325641 0.443269 0.328205 0.434295 0.316026 0.411218 0.249359 0.390705 0.226923 0.359936
0 0.56859 0.502244 0.561538 0.535577 0.561538 0.574038 0.560256 0.591987 0.565385 0.611218 0.578205 0.627885 0.589744 0.641987 0.615385 0.649679 0.635897 0.639423 0.635897 0.604808 0.635897 0.558654 0.617308 0.535577 0.605128 0.481731 0.597436 0.493269 0.585897 0.51891 0.580128 0.499679
0 0.532692 0.757372 0.497436 0.774038 0.489103 0.781731 0.489103 0.822756 0.490385 0.863782 0.487821 0.886859 0.482692 0.908654 0.475641 0.940705 0.482692 0.949679 0.507051 0.917628 0.520513 0.95609 0.517308 0.979167 0.520513 0.997115 0.583333 0.988141 0.576923 0.926603 0.544231 0.891987 0.529487 0.871474 0.533333 0.826603 0.54359 0.794551 0.55641 0.794551 0.572436 0.821474 0.58141 0.804808 0.579487 0.771474 0.573718 0.753526 0.566026 0.752244 0.553846 0.745833
0 0.219872 0.703526 0.208974 0.731731 0.203205 0.766346 0.211538 0.790705 0.228205 0.785577 0.258333 0.76891 0.288462 0.745833 0.3 0.735577 0.301923 0.700962 0.309615 0.657372 0.326282 0.693269 0.336538 0.733013 0.35641 0.759936 0.388462 0.736859 0.403846 0.697115 0.387821 0.665064 0.357692 0.665064 0.340385 0.639423 0.321154 0.621474 0.271795 0.630449 0.251282 0.6625 0.25 0.671474 0.235897 0.672756 0.217949 0.676603 0.212179 0.695833
0 0.441026 0.600962 0.446154 0.658654 0.451282 0.675321 0.471795 0.685577 0.491026 0.674038 0.492949 0.625321 0.475641 0.597115 0.451923 0.598397
0 0.889103 0.5625 0.904487 0.594551 0.90641 0.617628 0.884615 0.627885 0.883333 0.639423 0.878205 0.754808 0.887821 0.770192 0.903205 0.793269 0.912821 0.793269 0.937179 0.770192 0.951282 0.731731 0.955769 0.704808 0.96859 0.650962 0.960256 0.620192 0.942949 0.607372 0.937821 0.597115 0.940385 0.535577 0.939103 0.50609 0.921154 0.508654 0.909615 0.529167 0.890385 0.544551
0 0.135256 0.098397 0.129487 0.150962 0.120513 0.175321 0.136538 0.225321 0.140385 0.244551 0.136538 0.274038 0.123718 0.276603 0.123077 0.303526 0.135256 0.308654 0.153846 0.308654 0.167949 0.288141 0.183333 0.258654 0.187179 0.239423 0.196154 0.247115 0.203205 0.258654 0.210897 0.259936 0.225 0.2625 0.23141 0.245833 0.224359 0.16891 0.223077 0.11891 0.212179 0.089423 0.180769 0.102244 0.146795 0.095833
0 0.005128 0.6625 0.022436 0.658654 0.026923 0.6625 0.039103 0.694551 0.048718 0.700962 0.064744 0.71891 0.069231 0.744551 0.052564 0.779167 0.044231 0.807372 0.032051 0.816346 0.026282 0.81891 0.004487 0.836859 0.001282 0.729167 0.009615 0.700962 0.003846 0.695833 0.001923 0.676603
0 0.116026 0.866346 0.102564 0.917628 0.101282 0.943269 0.108974 0.977885 0.116667 0.988141 0.15641 0.993269 0.164744 0.949679 0.164744 0.883013 0.160256 0.858654 0.148077 0.858654 0.133333 0.863782
0 0.758333 0.667628 0.751923 0.690705 0.724359 0.724038 0.728846 0.736859 0.735897 0.776603 0.729487 0.825321 0.725 0.853526 0.726282 0.875321 0.744872 0.893269 0.755769 0.921474 0.776282 0.898397 0.792308 0.854808 0.792949 0.783013 0.800641 0.735577 0.812179 0.691987 0.816026 0.66891 0.802564 0.649679 0.782692 0.65609 0.774359 0.666346
