0 0.607692 0.026603 0.6 0.121474 0.586538 0.171474 0.596795 0.248397 0.640385 0.321474 0.647436 0.322756 0.669231 0.274038 0.686538 0.194551 0.708333 0.004808 0.601923 0.004808
0 0.517308 0.003526 0.516667 0.129167 0.519872 0.197115 0.526923 0.224038 0.535897 0.176603 0.546154 0.100962 0.553205 0.067628 0.583333 0.00609
0 0.324359 0.045833 0.288462 0.076603 0.271154 0.095833 0.271154 0.175321 0.261538 0.221474 0.230128 0.200962 0.221795 0.216346 0.259615 0.325321 0.264103 0.380449 0.255128 0.41891 0.271154 0.449679 0.283974 0.465064 0.296154 0.485577 0.310897 0.470192 0.332051 0.407372 0.345513 0.339423 0.385897 0.300962 0.398718 0.266346 0.400641 0.209936 0.376282 0.115064 0.35 0.145833 0.327564 0.138141 0.335256 0.094551 0.35 0.041987
0 0.254487 0.504808 0.251923 0.571474 0.226923 0.595833 0.185256 0.613782 0.178846 0.688141 0.215385 0.772756 0.251923 0.745833 0.3 0.708654 0.325 0.725321 0.350641 0.753526 0.363462 0.757372 0.367949 0.758654 0.401282 0.767628 0.459615 0.795833 0.49359 0.889423 0.509615 0.911218 0.533333 0.924038 0.548077 0.893269 0.550641 0.85609 0.537821 0.781731 0.501923 0.713782 0.469872 0.686859 0.478205 0.635577 0.527564 0.685577 0.570513 0.66891 0.567949 0.608654 0.537179 0.543269 0.482692 0.441987 0.448718 0.375321 0.435897 0.35609 0.389103 0.394551 0.367949 0.453526 0.342949 0.517628 0.308333 0.548397 0.285256 0.534295 0.263462 0.502244
0 0.066026 0.581731 0.082692 0.500962 0.100641 0.517628 0.109615 0.541987 0.099359 0.626603 0.099359 0.643269 0.116026 0.676603 0.144872 0.680449 0.164103 0.808654 0.173077 0.836859 0.201282 0.861218 0.237179 0.983013 0.2125 0.995833 0.180128 0.938141 0.151282 0.874038 0.135256 0.838141 0.123718 0.795833 0.109615 0.857372 0.094231 0.85609 0.076282 0.830449 0.032692 0.850962 0.002564 0.843269 0.002564 0.598397 0.008333 0.598397 0.017949 0.567628 0.026282 0.541987 0.051282 0.5625
0 0.009615 0.281731 0.04359 0.224038 0.079487 0.199679 0.080128 0.133013 0.073077 0.075321 0.067949 0.003526 0.004487 0.00609 0.003205 0.266346
0 0.394231 0.01891 0.391667 0.053526 0.426923 0.083013 0.420513 0.121474 0.428846 0.1625 0.466026 0.166346 0.489103 0.179167 0.509615 0.157372 0.483974 0.0625 0.451923 0.038141 0.438462 0.043269 0.428205 0.030449 0.428846 0.008654 0.398718 0.004808
0 0.750641 0.013782 0.786538 0.077885 0.811538 0.089423 0.845513 0.077885 0.848718 0.049679 0.885897 0.05609 0.902564 0.080449 0.914103 0.107372 0.947436 0.094551 0.964103 0.071474 0.992949 0.01891 0.944872 0.000962 0.891026 0.000962 0.858974 0.004808 0.780769 0.0125
0 0.598077 0.389423 0.592308 0.457372 0.589744 0.516346 0.595513 0.541987 0.612821 0.51891 0.648718 0.470192 0.646154 0.426603 0.622436 0.395833
0 0.885256 0.593269 0.877564 0.667628 0.837821 0.686859 0.841026 0.636859 0.813462 0.624038 0.788462 0.66891 0.815385 0.711218 0.797436 0.770192 0.785256 0.785577 0.757692 0.799679 0.764744 0.830449 0.785256 0.8625 0.833974 0.843269 0.857692 0.835577 0.884615 0.836859 0.935897 0.850962 0.95641 0.791987 0.924359 0.731731 0.901923 0.672756 0.9 0.60609
