0 0.461538 0.11891 0.455128 0.177885 0.499359 0.270192 0.530769 0.286859 0.576282 0.313782 0.633974 0.335577 0.653205 0.277885 0.623718 0.186859 0.567949 0.065064 0.499359 0.104808
0 0.732051 0.003526 0.721795 0.079167 0.786538 0.097115 0.80641 0.076603 0.825 0.00609
0 0.744231 0.217628 0.720513 0.284295 0.696154 0.363782 0.689103 0.384295 0.712821 0.415064 0.755128 0.427885 0.779487 0.434295 0.807692 0.466346 0.821795 0.444551 0.837179 0.386859 0.849359 0.372756 0.83141 0.291987 0.825641 0.241987 0.807051 0.229167 0.764744 0.220192
0 0.082051 0.049679 0.092308 0.11891 0.096154 0.133013 0.116667 0.174038 0.132051 0.2125 0.130769 0.250962 0.139103 0.266346 0.147436 0.253526 0.158333 0.208654 0.165385 0.194551 0.159615 0.159936 0.139744 0.129167 0.162179 0.077885 0.140385 0.035577 0.110256 0.021474 0.089744 0.045833
0 0.202564 0.034295 0.179487 0.072756 0.18141 0.134295 0.175 0.200962 0.182692 0.252244 0.204487 0.297115 0.215385 0.331731 0.251923 0.333013 0.278846 0.320192 0.309615 0.365064 0.335897 0.315064 0.342949 0.26891 0.349359 0.238141 0.315385 0.21891 0.257051 0.179167 0.230128 0.172756 0.214744 0.120192 0.230128 0.086859 0.233333 0.047115 0.228205 0.00609
0 0.004487 0.034295 0.010897 0.013782 0.021795 0.007372 0.042308 0.024038 0.046154 0.047115 0.028846 0.094551 0.003846 0.121474 0.001923 0.049679
0 0.007692 0.463782 0.019231 0.479167 0.036538 0.450962 0.064103 0.448397 0.103205 0.463782 0.062821 0.521474 0.062179 0.543269 0.071154 0.590705 0.085256 0.617628 0.107692 0.625321 0.132051 0.657372 0.124359 0.716346 0.099359 0.693269 0.085256 0.722756 0.085256 0.775321 0.084615 0.816346 0.072436 0.9125 0.065385 0.933013 0.039744 0.95609 0.0 0.976603 0.007692 0.824038 0.019872 0.821474 0.026923 0.872756 0.034615 0.85609 0.04359 0.815064 0.058974 0.743269 0.062179 0.672756 0.044231 0.658654 0.033333 0.677885 0.026282 0.597115 0.023077 0.585577 0.012821 0.561218 0.002564 0.544551 0.004487 0.475321
0 0.140385 0.325321 0.101923 0.344551 0.114744 0.41891 0.157051 0.491987 0.169231 0.408654 0.176282 0.358654 0.133974 0.313782
0 0.423077 0.621474 0.380128 0.680449 0.408333 0.722756 0.414103 0.743269 0.432692 0.745833 0.45641 0.717628 0.476923 0.697115 0.473718 0.583013 0.465385 0.665064 0.445513 0.641987
0 0.572436 0.754808 0.526923 0.779167 0.514744 0.804808 0.494231 0.875321 0.484615 0.884295 0.499359 0.952244 0.526923 0.990705 0.567949 0.921474 0.596154 0.904808 0.614744 0.858654 0.627564 0.821474 0.626282 0.754808 0.609615 0.759936
0 0.647436 0.424038 0.634615 0.486859 0.637179 0.570192 0.669231 0.535577 0.686538 0.547115 0.696795 0.575321 0.717949 0.567628 0.707051 0.516346 0.694872 0.472756 0.68141 0.441987 0.660256 0.452244 0.653205 0.416346
0 0.732051 0.580449 0.726282 0.625321 0.754487 0.626603 0.767308 0.620192 0.776923 0.644551 0.778205 0.675321 0.779487 0.702244 0.807692 0.727885 0.798077 0.785577 0.798077 0.81891 0.821795 0.876603 0.884615 0.830449 0.914103 0.791987 0.933333 0.788141 0.959615 0.733013 0.962821 0.693269 0.926282 0.666346 0.883974 0.667628 0.864103 0.667628 0.870513 0.735577 0.851923 0.7125 0.822436 0.704808 0.807692 0.666346 0.791026 0.639423 0.783333 0.588141 0.771154 0.565064 0.760897 0.549679
0 0.629487 0.980449 0.642949 0.945833 0.651282 0.897115 0.669872 0.924038 0.685256 0.917628 0.707692 0.915064 0.719872 0.991987 0.639103 0.993269
0 0.995513 0.883013 0.960897 0.930449 0.921795 0.988141 0.982692 0.990705 0.995513 0.954808
