0 0.438462 0.129167 0.417308 0.20609 0.414103 0.21891 0.395513 0.211218 0.396154 0.248397 0.382051 0.258654 0.378205 0.286859 0.4 0.327885 0.441026 0.290705 0.449359 0.284295 0.483974 0.308654 0.492949 0.340705 0.521795 0.376603 0.550641 0.376603 0.569231 0.374038 0.591026 0.365064 0.644231 0.344551 0.655769 0.316346 0.604487 0.261218 0.575641 0.274038 0.564103 0.25609 0.549359 0.213782 0.535256 0.20609 0.532051 0.177885 0.536538 0.153526 0.516026 0.140705 0.492308 0.140705 0.480128 0.120192 0.45641 0.116346
0 0.152564 0.294551 0.142949 0.352244 0.146154 0.391987 0.166026 0.447115 0.187821 0.486859 0.201923 0.503526 0.224359 0.500962 0.241667 0.476603 0.223718 0.449679 0.233333 0.404808 0.234615 0.383013 0.205769 0.307372 0.194231 0.259936 0.175641 0.283013 0.157051 0.281731
0 0.320513 0.536859 0.303205 0.567628 0.275 0.540705 0.280769 0.599679 0.301923 0.648397 0.308974 0.699679 0.321795 0.700962 0.351282 0.683013 0.371154 0.694551 0.384615 0.641987 0.383974 0.591987 0.329487 0.565064 0.328846 0.539423
0 0.001923 0.403526 0.025641 0.440705 0.055769 0.445833 0.078846 0.461218 0.078846 0.494551 0.077564 0.531731 0.057692 0.545833 0.030128 0.581731 0.017308 0.595833 0.001923 0.597115
0 0.005128 0.702244 0.005769 0.663782 0.019872 0.676603 0.040385 0.667628 0.050641 0.648397 0.080128 0.61891 0.102564 0.693269 0.119872 0.695833 0.133333 0.720192 0.132051 0.765064 0.104487 0.794551 0.092949 0.791987 0.078205 0.733013 0.057051 0.720192 0.041026 0.727885 0.048718 0.76891 0.045513 0.800962 0.033333 0.820192 0.029487 0.825321 0.003205 0.821474
0 0.629487 0.602244 0.644231 0.639423 0.652564 0.65609 0.634615 0.666346 0.628205 0.665064 0.616667 0.698397 0.617949 0.726603 0.632051 0.799679 0.683974 0.813782 0.701282 0.770192 0.714744 0.721474 0.69359 0.640705 0.68141 0.621474 0.691026 0.580449 0.691026 0.553526 0.672436 0.540705 0.646154 0.561218 0.635256 0.572756 0.626923 0.589423
0 0.467949 0.574038 0.449359 0.598397 0.471795 0.649679 0.503846 0.677885 0.510256 0.66891 0.524359 0.609936 0.511538 0.585577 0.474359 0.571474
0 0.487179 0.731731 0.462179 0.758654 0.485897 0.794551 0.482051 0.843269 0.469231 0.876603 0.475641 0.922756 0.497436 0.954808 0.526282 0.91891 0.527564 0.883013 0.537179 0.822756 0.555128 0.735577 0.55641 0.674038 0.538462 0.689423 0.508333 0.730449 0.501282 0.730449
0 0.725641 0.1125 0.742949 0.129167 0.747436 0.158654 0.737821 0.226603 0.722436 0.245833 0.716026 0.276603 0.755769 0.30609 0.785256 0.299679 0.810897 0.263782 0.815385 0.186859 0.827564 0.131731 0.819872 0.093269 0.798077 0.071474 0.785897 0.057372 0.735897 0.079167 0.727564 0.079167
0 0.915385 0.298397 0.907692 0.352244 0.896795 0.391987 0.878846 0.4125 0.889744 0.457372 0.90641 0.485577 0.928205 0.5125 0.958974 0.554808 0.975641 0.541987 0.994872 0.411218 0.983974 0.36891 0.973718 0.327885 0.955128 0.303526 0.928205 0.302244
0 0.742308 0.385577 0.716667 0.417628 0.723718 0.467628 0.75 0.509936 0.754487 0.521474 0.776923 0.513782 0.787821 0.4625 0.791667 0.436859 0.761538 0.41891 0.760897 0.390705
0 0.812821 0.871474 0.786538 0.947115 0.771795 0.979167 0.769872 0.995833 0.903205 0.991987 0.885256 0.895833 0.879487 0.867628 0.853205 0.865064 0.822436 0.85609
0 0.254487 0.786859 0.238462 0.820192 0.239103 0.854808 0.246795 0.879167 0.233974 0.91891 0.228846 0.945833 0.203846 0.9625 0.227564 0.998397 0.264103 0.959936 0.266026 0.988141 0.278205 0.993269 0.2875 0.995833 0.342949 0.999679 0.338462 0.974038 0.315385 0.939423 0.278846 0.907372 0.273718 0.870192 0.289744 0.833013 0.307692 0.849679 0.329487 0.850962 0.314103 0.779167 0.265385 0.783013
0 0.185256 0.636859 0.187821 0.707372 0.214103 0.727885 0.229487 0.650962 0.213462 0.639423
0 0.379487 0.774038 0.385897 0.844551 0.405128 0.931731 0.411538 0.953526 0.425641 0.909936 0.417949 0.820192 0.412179 0.759936 0.394872 0.759936
