0 0.008333 0.021474 0.035897 0.025321 0.048718 0.052244 0.061538 0.088141 0.091026 0.067628 0.135897 0.025321 0.137179 0.008654 0.004487 0.00609
0 0.304487 0.431731 0.307051 0.450962 0.296795 0.463782 0.26859 0.479167 0.253205 0.524038 0.25 0.576603 0.255769 0.626603 0.278205 0.635577 0.321795 0.613782 0.328205 0.638141 0.313462 0.665064 0.301923 0.707372 0.321154 0.726603 0.329487 0.750962 0.326282 0.813782 0.323718 0.826603 0.317308 0.874038 0.341667 0.908654 0.355128 0.939423 0.366667 0.993269 0.473077 0.994551 0.484615 0.9625 0.514744 0.924038 0.527564 0.907372 0.539744 0.85609 0.542308 0.798397 0.532051 0.797115 0.524359 0.748397 0.512821 0.695833 0.489744 0.671474 0.472436 0.658654 0.45 0.648397 0.436538 0.61891 0.428846 0.604808 0.438462 0.574038 0.449359 0.543269 0.455769 0.504808 0.425 0.472756 0.391667 0.485577 0.358333 0.493269 0.348718 0.525321 0.348077 0.539423 0.332692 0.530449 0.324359 0.511218 0.330769 0.489423 0.341026 0.46891 0.312821 0.421474
0 0.410897 0.030449 0.396795 0.044551 0.362179 0.059936 0.347436 0.084295 0.345513 0.102244 0.359615 0.140705 0.369872 0.166346 0.374359 0.188141 0.382051 0.209936 0.403846 0.216346 0.425641 0.190705 0.433974 0.157372 0.434615 0.113782 0.425641 0.070192
0 0.232051 0.371474 0.212821 0.384295 0.194231 0.391987 0.210897 0.426603 0.223077 0.431731 0.242949 0.427885 0.249359 0.413782 0.239744 0.375321
0 0.178846 0.567628 0.135897 0.613782 0.122436 0.621474 0.101923 0.6125 0.09359 0.6625 0.080769 0.671474 0.086538 0.703526 0.080769 0.724038 0.08141 0.738141 0.098077 0.726603 0.114103 0.708654 0.146795 0.683013 0.158333 0.661218 0.176282 0.633013 0.189744 0.597115
0 0.137179 0.822756 0.139103 0.857372 0.129487 0.863782 0.107692 0.876603 0.082692 0.915064 0.062179 0.943269 0.076282 0.974038 0.097436 0.965064 0.126282 0.936859 0.140385 0.908654 0.155128 0.884295 0.164744 0.867628 0.175 0.854808 0.175 0.840705 0.163462 0.836859 0.16859 0.808654 0.166026 0.802244 0.144231 0.81891
0 0.239103 0.711218 0.227564 0.745833 0.242308 0.785577 0.24359 0.820192 0.239744 0.836859 0.259615 0.834295 0.269872 0.839423 0.287821 0.824038 0.273718 0.788141 0.285897 0.75609 0.289744 0.735577 0.277564 0.703526 0.267949 0.703526 0.255128 0.722756
0 0.528846 0.554808 0.530769 0.577885 0.535256 0.595833 0.523718 0.620192 0.520513 0.626603 0.551923 0.666346 0.562821 0.66891 0.587179 0.661218 0.588462 0.639423 0.585256 0.597115 0.578205 0.577885 0.566026 0.574038 0.55641 0.565064 0.541667 0.544551 0.53141 0.541987
0 0.632051 0.022756 0.623077 0.049679 0.60641 0.052244 0.592308 0.05609 0.576923 0.103526 0.562821 0.148397 0.559615 0.167628 0.580769 0.193269 0.598718 0.208654 0.596154 0.241987 0.605769 0.263782 0.622436 0.285577 0.646795 0.300962 0.657692 0.281731 0.651923 0.177885 0.657692 0.149679 0.677564 0.089423 0.673718 0.027885 0.651923 0.034295
0 0.732692 0.021474 0.758333 0.022756 0.783974 0.026603 0.786538 0.095833 0.803846 0.1125 0.83141 0.089423 0.858974 0.004808 0.736538 0.003526
0 0.972436 0.230449 0.942308 0.252244 0.897436 0.270192 0.875 0.30609 0.857692 0.348397 0.821154 0.325321 0.788462 0.308654 0.769231 0.307372 0.763462 0.333013 0.760256 0.372756 0.755128 0.393269 0.730128 0.421474 0.702564 0.45609 0.701923 0.493269 0.674359 0.572756 0.663462 0.597115 0.684615 0.644551 0.69359 0.680449 0.696154 0.716346 0.694872 0.795833 0.688462 0.826603 0.676923 0.789423 0.646154 0.797115 0.622436 0.774038 0.616026 0.794551 0.637821 0.874038 0.670513 0.936859 0.704487 0.991987 0.819872 0.993269 0.764744 0.891987 0.774359 0.824038 0.765385 0.779167 0.746795 0.753526 0.739744 0.70609 0.748718 0.693269 0.760897 0.658654 0.737179 0.626603 0.721795 0.625321 0.720513 0.595833 0.720513 0.576603 0.738462 0.588141 0.755128 0.590705 0.784615 0.553526 0.796795 0.522756 0.812821 0.495833 0.837821 0.471474 0.865385 0.46891 0.899359 0.5125 0.920513 0.548397 0.941667 0.609936 0.950641 0.636859 0.995513 0.681731 0.996154 0.239423
0 0.526282 0.176603 0.485256 0.186859 0.479487 0.195833 0.502564 0.224038 0.528846 0.245833 0.539744 0.261218 0.544872 0.257372 0.535897 0.225321 0.537821 0.208654 0.555769 0.181731
