0 0.828205 0.01891 0.836538 0.097115 0.835897 0.186859 0.839103 0.225321 0.821154 0.235577 0.792949 0.203526 0.783974 0.199679 0.789744 0.266346 0.851282 0.339423 0.873718 0.365064 0.905769 0.339423 0.907051 0.277885 0.932692 0.213782 0.950641 0.177885 0.945513 0.1125 0.921795 0.120192 0.897436 0.11891 0.89359 0.091987 0.89359 0.057372 0.892308 0.004808 0.833974 0.004808
0 0.532692 0.00609 0.536538 0.083013 0.537821 0.216346 0.555769 0.263782 0.576282 0.359936 0.577564 0.386859 0.630769 0.380449 0.644872 0.470192 0.660256 0.481731 0.68141 0.444551 0.701282 0.385577 0.726923 0.343269 0.730128 0.309936 0.732692 0.286859 0.685256 0.283013 0.645513 0.283013 0.630128 0.241987 0.629487 0.120192 0.630128 0.072756 0.607051 0.043269 0.609615 0.002244
0 0.374359 0.035577 0.360897 0.094551 0.358333 0.149679 0.365385 0.221474 0.419872 0.2125 0.435256 0.250962 0.469231 0.215064 0.452564 0.154808 0.414103 0.072756 0.392308 0.038141 0.367949 0.033013
0 0.480128 0.400962 0.439744 0.489423 0.410897 0.549679 0.403205 0.581731 0.383974 0.683013 0.407051 0.781731 0.482051 0.831731 0.528846 0.774038 0.533974 0.694551 0.511538 0.625321 0.507692 0.566346 0.532692 0.509936 0.525 0.433013 0.484615 0.389423
0 0.53141 0.804808 0.511538 0.857372 0.522436 0.929167 0.564744 0.971474 0.619231 0.963782 0.646154 0.935577 0.635256 0.807372 0.595513 0.770192 0.583974 0.791987 0.576923 0.829167 0.559615 0.81891
0 0.190385 0.203526 0.182692 0.272756 0.160256 0.391987 0.166667 0.444551 0.171795 0.493269 0.194872 0.470192 0.203205 0.434295 0.217308 0.366346 0.217949 0.340705 0.237821 0.267628 0.229487 0.188141 0.201923 0.193269
0 0.751282 0.465064 0.725 0.470192 0.694231 0.474038 0.705769 0.539423 0.712179 0.588141 0.722436 0.600962 0.741667 0.593269 0.76859 0.522756 0.775641 0.491987 0.775 0.470192
0 0.932051 0.708654 0.935897 0.759936 0.917949 0.779167 0.888462 0.827885 0.925641 0.922756 0.996795 0.977885 0.99359 0.748397 0.940385 0.688141
0 0.765385 0.711218 0.803846 0.759936 0.822436 0.786859 0.841667 0.771474 0.844231 0.71891 0.816667 0.667628 0.785256 0.697115 0.772436 0.686859
0 0.005128 0.66891 0.03141 0.691987 0.071154 0.711218 0.05641 0.727885 0.022436 0.784295 0.005128 0.816346
0 0.021154 0.095833 0.01859 0.129167 0.019231 0.197115 0.046795 0.157372 0.082051 0.176603 0.105769 0.15609 0.088462 0.074038 0.048718 0.094551
