0 0.857692 0.016346 0.890385 0.06891 0.914103 0.100962 0.948077 0.127885 0.965385 0.144551 0.995513 0.185577 0.995513 0.008654 0.869231 0.007372
0 0.83141 0.077885 0.787821 0.116346 0.797436 0.167628 0.813462 0.181731 0.824359 0.199679 0.850641 0.204808 0.884615 0.194551 0.889103 0.249679 0.916026 0.240705 0.914103 0.194551 0.907692 0.129167 0.863462 0.116346
0 0.603205 0.013782 0.599359 0.097115 0.608333 0.131731 0.611538 0.1625 0.591026 0.190705 0.561538 0.183013 0.537179 0.217628 0.560256 0.274038 0.592949 0.272756 0.582051 0.353526 0.554487 0.381731 0.532051 0.445833 0.501282 0.467628 0.457692 0.500962 0.423077 0.539423 0.430128 0.626603 0.435897 0.6625 0.464103 0.621474 0.512179 0.575321 0.553205 0.531731 0.589744 0.477885 0.594231 0.436859 0.637179 0.40609 0.652564 0.374038 0.685256 0.294551 0.699359 0.254808 0.7 0.179167 0.676923 0.127885 0.665385 0.100962 0.658974 0.034295 0.657051 0.007372 0.613462 0.00609
0 0.378846 0.10609 0.35 0.188141 0.351282 0.299679 0.375641 0.326603 0.389103 0.303526 0.396795 0.21891 0.394872 0.149679 0.389744 0.1125
0 0.044231 0.052244 0.058974 0.150962 0.067308 0.224038 0.089103 0.248397 0.115385 0.2625 0.138462 0.204808 0.154487 0.235577 0.187821 0.202244 0.183333 0.100962 0.178846 0.0625 0.140385 0.047115 0.103205 0.048397 0.087179 0.045833
0 0.164103 0.252244 0.166667 0.357372 0.171795 0.420192 0.175 0.515064 0.202564 0.534295 0.234615 0.493269 0.255769 0.415064 0.263462 0.359936 0.262179 0.303526 0.237821 0.272756 0.192308 0.245833 0.171154 0.247115
0 0.008974 0.598397 0.070513 0.629167 0.102564 0.684295 0.138462 0.800962 0.137821 0.891987 0.145513 0.935577 0.178205 0.953526 0.224359 0.941987 0.222436 0.991987 0.002564 0.993269 0.003205 0.90609 0.021795 0.929167 0.032692 0.925321 0.036538 0.871474 0.01859 0.854808 0.002564 0.866346 0.001923 0.6125
0 0.354487 0.481731 0.271795 0.526603 0.304487 0.575321 0.322436 0.574038 0.342949 0.611218 0.345513 0.630449 0.366667 0.604808 0.378205 0.55609 0.38141 0.525321 0.361538 0.508654
0 0.325641 0.891987 0.310897 0.949679 0.276282 0.967628 0.282051 0.990705 0.375641 0.990705 0.361538 0.941987 0.349359 0.902244 0.326923 0.879167
0 0.48141 0.891987 0.453205 0.957372 0.445513 0.989423 0.555128 0.995833 0.555128 0.933013 0.542949 0.904808 0.507051 0.935577 0.494872 0.91891
0 0.713462 0.788141 0.659615 0.817628 0.633333 0.904808 0.650641 0.941987 0.670513 0.993269 0.778846 0.991987 0.766026 0.940705 0.734615 0.91891 0.726923 0.903526 0.749359 0.848397 0.742949 0.800962
0 0.799359 0.443269 0.774359 0.471474 0.783974 0.536859 0.794231 0.552244 0.817949 0.55609 0.839744 0.524038 0.841667 0.46891 0.826923 0.440705 0.808974 0.439423
0 0.889744 0.474038 0.874359 0.494551 0.852564 0.553526 0.860256 0.586859 0.887821 0.626603 0.860897 0.670192 0.841026 0.704808 0.822436 0.740705 0.800641 0.795833 0.804487 0.898397 0.817308 0.993269 0.994231 0.990705 0.995513 0.60609 0.95641 0.677885 0.937179 0.693269 0.921795 0.688141 0.917949 0.630449 0.941026 0.549679 0.941026 0.522756 0.903846 0.497115
0 0.798718 0.327885 0.767949 0.336859 0.745513 0.339423 0.751923 0.381731 0.819872 0.403526 0.809615 0.344551
