0 0.769872 0.335577 0.753846 0.388141 0.746795 0.395833 0.745513 0.458654 0.739744 0.499679 0.730769 0.539423 0.726282 0.565064 0.730128 0.588141 0.744872 0.615064 0.764744 0.622756 0.795513 0.6125 0.864744 0.566346 0.892949 0.539423 0.917949 0.477885 0.914744 0.430449 0.883333 0.411218 0.863462 0.426603 0.857051 0.420192 0.860897 0.377885 0.858333 0.352244 0.812821 0.352244 0.792949 0.331731 0.780769 0.322756 0.776282 0.326603
0 0.874359 0.015064 0.878205 0.06891 0.869872 0.115064 0.857692 0.139423 0.851282 0.144551 0.871154 0.203526 0.888462 0.248397 0.898718 0.279167 0.910256 0.270192 0.917949 0.248397 0.926923 0.226603 0.909615 0.183013 0.910256 0.141987 0.916026 0.126603 0.930128 0.10609 0.938462 0.089423 0.957051 0.107372 0.964103 0.1125 0.978846 0.113782 0.982051 0.102244 0.978846 0.067628 0.978846 0.026603 0.985897 0.003526 0.882051 0.00609
0 0.73141 0.025321 0.716667 0.047115 0.703846 0.076603 0.694872 0.091987 0.689744 0.143269 0.702564 0.177885 0.703846 0.200962 0.700641 0.248397 0.694872 0.281731 0.717949 0.281731 0.726923 0.265064 0.735897 0.238141 0.757051 0.2125 0.766026 0.188141 0.74359 0.171474 0.755128 0.133013 0.764103 0.111218 0.790385 0.077885 0.792949 0.057372 0.790385 0.01891 0.765385 0.01891 0.751282 0.020192 0.739744 0.020192
0 0.580128 0.01891 0.589744 0.041987 0.596795 0.066346 0.596154 0.108654 0.6 0.129167 0.605128 0.161218 0.608333 0.203526 0.605128 0.245833 0.596154 0.253526 0.599359 0.320192 0.620513 0.359936 0.633974 0.367628 0.644231 0.366346 0.665385 0.339423 0.665385 0.311218 0.661538 0.271474 0.657692 0.221474 0.679487 0.198397 0.689103 0.176603 0.688462 0.152244 0.677564 0.125321 0.680128 0.098397 0.678846 0.05609 0.696154 0.040705 0.698718 0.00609 0.582692 0.003526
0 0.258974 0.103526 0.254487 0.147115 0.263462 0.166346 0.266667 0.194551 0.271154 0.215064 0.287179 0.274038 0.274359 0.283013 0.258333 0.341987 0.244231 0.363782 0.237179 0.391987 0.242308 0.41891 0.258333 0.430449 0.276923 0.404808 0.291667 0.370192 0.322436 0.304808 0.327564 0.276603 0.323718 0.225321 0.315385 0.176603 0.317949 0.152244 0.303205 0.121474 0.289744 0.103526 0.271154 0.103526
0 0.803846 0.786859 0.778205 0.827885 0.772436 0.850962 0.769872 0.889423 0.773077 0.908654 0.801923 0.895833 0.812821 0.899679 0.823077 0.902244 0.859615 0.859936 0.853846 0.800962 0.846154 0.763782 0.812821 0.784295
0 0.509615 0.636859 0.501282 0.654808 0.495513 0.703526 0.464744 0.734295 0.489103 0.774038 0.512179 0.758654 0.535897 0.741987 0.548077 0.716346 0.544872 0.6625 0.533974 0.631731 0.521154 0.627885
0 0.083333 0.658654 0.066026 0.676603 0.057051 0.694551 0.064744 0.734295 0.075 0.770192 0.079487 0.794551 0.08141 0.815064 0.089744 0.835577 0.101282 0.867628 0.119872 0.872756 0.130769 0.86891 0.155128 0.840705 0.165385 0.824038 0.171795 0.767628 0.161538 0.729167 0.139744 0.700962 0.105128 0.676603 0.1 0.671474
0 0.353205 0.441987 0.333333 0.471474 0.321795 0.527885 0.317949 0.594551 0.308333 0.61891 0.354487 0.711218 0.365385 0.7125 0.385256 0.674038 0.383333 0.613782 0.398718 0.536859 0.408974 0.472756 0.408974 0.433013 0.405128 0.415064 0.370513 0.41891
0 0.14359 0.088141 0.120513 0.100962 0.112179 0.127885 0.108974 0.134295 0.094872 0.140705 0.089103 0.144551 0.09359 0.181731 0.101923 0.191987 0.125 0.20609 0.13141 0.222756 0.141667 0.244551 0.173718 0.203526 0.182051 0.2125 0.198077 0.21891 0.220513 0.198397 0.222436 0.161218 0.210897 0.121474 0.205769 0.098397 0.18141 0.120192 0.175641 0.124038 0.167949 0.100962 0.162179 0.091987
0 0.012821 0.266346 0.032692 0.274038 0.049359 0.254808 0.082692 0.254808 0.10641 0.259936 0.133333 0.321474 0.094231 0.377885 0.063462 0.429167 0.038462 0.479167 0.024359 0.461218 0.016026 0.4125 0.008974 0.381731 0.007051 0.357372 0.001282 0.352244 0.000641 0.26891
0 0.292308 0.009936 0.298718 0.026603 0.309615 0.072756 0.322436 0.089423 0.325641 0.098397 0.340385 0.090705 0.338462 0.057372 0.373077 0.038141 0.377564 0.00609
0 0.482051 0.203526 0.471154 0.20609 0.471154 0.258654 0.476282 0.309936 0.480128 0.326603 0.492949 0.297115 0.507692 0.261218 0.515385 0.229167 0.494872 0.207372
0 0.364103 0.866346 0.339744 0.920192 0.33141 0.953526 0.330128 0.977885 0.333333 0.994551 0.427564 0.990705 0.444231 0.909936 0.444231 0.889423 0.398077 0.875321 0.378205 0.865064 0.371154 0.858654
0 0.599359 0.634295 0.582692 0.665064 0.579487 0.716346 0.599359 0.715064 0.628205 0.703526 0.642308 0.713782 0.658974 0.748397 0.71859 0.734295 0.714744 0.697115 0.680128 0.643269 0.642308 0.627885 0.609615 0.631731
