0 0.778846 0.153526 0.762821 0.227885 0.753205 0.259936 0.741667 0.313782 0.726282 0.399679 0.708333 0.465064 0.700641 0.498397 0.76859 0.529167 0.803205 0.550962 0.852564 0.608654 0.899359 0.65609 0.947436 0.641987 0.939103 0.554808 0.928846 0.503526 0.921795 0.488141 0.892308 0.471474 0.851282 0.431731 0.837821 0.371474 0.837179 0.303526 0.83141 0.225321 0.808333 0.158654 0.785897 0.149679
0 0.517949 0.016346 0.515385 0.097115 0.514744 0.220192 0.526923 0.229167 0.576923 0.233013 0.605769 0.194551 0.65 0.202244 0.666026 0.158654 0.671154 0.111218 0.692949 0.007372 0.53141 0.004808
0 0.54359 0.335577 0.557051 0.433013 0.550641 0.553526 0.542949 0.577885 0.542308 0.589423 0.555769 0.600962 0.587179 0.5625 0.620513 0.520192 0.646154 0.438141 0.651923 0.363782 0.689744 0.279167 0.689744 0.247115 0.650641 0.266346 0.621154 0.279167 0.573718 0.322756
0 0.351282 0.403526 0.371154 0.449679 0.385256 0.483013 0.392308 0.527885 0.394231 0.545833 0.419231 0.536859 0.426282 0.430449 0.433333 0.407372 0.41859 0.376603 0.383333 0.347115 0.361538 0.349679 0.332051 0.348397 0.332692 0.398397 0.298718 0.408654 0.271154 0.417628 0.226923 0.420192 0.225 0.467628 0.225 0.550962 0.275 0.5625 0.328846 0.476603 0.333333 0.438141 0.340385 0.409936
0 0.208333 0.0125 0.196795 0.077885 0.19359 0.139423 0.216667 0.190705 0.226282 0.238141 0.238462 0.252244 0.271795 0.197115 0.292949 0.163782 0.303205 0.109936 0.261538 0.103526 0.245513 0.084295 0.251923 0.026603
0 0.001282 0.167628 0.011538 0.179167 0.033974 0.175321 0.075641 0.171474 0.107051 0.177885 0.137821 0.184295 0.173077 0.197115 0.192949 0.191987 0.208333 0.233013 0.216667 0.297115 0.209615 0.321474 0.2 0.334295 0.166667 0.340705 0.14359 0.385577 0.11859 0.380449 0.107051 0.375321 0.098077 0.424038 0.082692 0.448397 0.062179 0.507372 0.058333 0.526603 0.032692 0.538141 0.019231 0.486859 0.003205 0.544551
0 0.167308 0.667628 0.198718 0.757372 0.198077 0.821474 0.196154 0.874038 0.203205 0.948397 0.217308 0.979167 0.261538 0.954808 0.3 0.940705 0.316026 0.927885 0.348077 0.8125 0.338462 0.798397 0.317949 0.81891 0.301282 0.784295 0.286538 0.757372 0.273718 0.748397 0.263462 0.703526 0.24359 0.658654 0.235897 0.644551 0.227564 0.631731 0.197436 0.650962 0.18141 0.647115 0.167949 0.650962
0 0.626923 0.689423 0.647436 0.838141 0.657051 0.91891 0.652564 0.989423 0.748077 0.993269 0.789103 0.902244 0.797436 0.850962 0.819231 0.777885 0.841667 0.722756 0.822436 0.681731 0.740385 0.6625 0.737821 0.70609 0.717308 0.699679 0.689744 0.685577 0.66859 0.679167 0.63141 0.652244
0 0.017308 0.004808 0.023718 0.047115 0.035256 0.067628 0.047436 0.079167 0.076923 0.047115 0.096154 0.00609
0 0.401282 0.025321 0.389103 0.058654 0.387821 0.081731 0.390385 0.107372 0.399359 0.086859 0.417949 0.081731 0.422436 0.049679 0.427564 0.0125 0.422436 0.009936 0.407051 0.017628
0 0.926282 0.054808 0.880128 0.085577 0.878846 0.095833 0.925641 0.120192 0.949359 0.122756 0.954487 0.083013 0.954487 0.058654 0.939103 0.054808
