0 0.379487 0.183013 0.357692 0.253526 0.391667 0.288141 0.407051 0.315064 0.410256 0.374038 0.408974 0.407372 0.402564 0.439423 0.451923 0.55609 0.482692 0.584295 0.519231 0.588141 0.533974 0.552244 0.521795 0.502244 0.520513 0.458654 0.530128 0.388141 0.530769 0.331731 0.526282 0.16891 0.505128 0.172756 0.451282 0.165064 0.421795 0.193269 0.395513 0.180449 0.367949 0.183013
0 0.24359 0.240705 0.199359 0.279167 0.191026 0.311218 0.21859 0.381731 0.259615 0.397115 0.259615 0.450962 0.292308 0.435577 0.30641 0.350962 0.294231 0.271474 0.285897 0.211218 0.249359 0.221474
0 0.012821 0.161218 0.040385 0.179167 0.05 0.163782 0.055769 0.139423 0.075641 0.11891 0.085256 0.171474 0.094872 0.208654 0.110256 0.220192 0.105769 0.175321 0.100641 0.116346 0.135897 0.083013 0.163462 0.139423 0.167308 0.209936 0.153846 0.272756 0.117308 0.326603 0.082692 0.329167 0.037179 0.270192 0.003205 0.248397 0.003846 0.191987 0.007051 0.16891
0 0.091667 0.51891 0.126282 0.486859 0.157692 0.485577 0.176923 0.449679 0.19359 0.525321 0.195513 0.566346 0.172436 0.672756 0.128205 0.636859 0.105128 0.589423 0.09359 0.553526 0.084615 0.522756
0 0.073077 0.835577 0.114744 0.826603 0.169872 0.783013 0.194231 0.794551 0.219231 0.853526 0.186538 0.903526 0.164103 0.994551 0.046154 0.995833 0.046795 0.933013 0.055769 0.902244 0.059615 0.839423
0 0.239744 0.663782 0.224359 0.720192 0.235897 0.766346 0.245513 0.815064 0.291026 0.774038 0.313462 0.75609 0.326282 0.739423 0.327564 0.681731 0.321795 0.66891 0.283974 0.672756 0.252564 0.665064
0 0.35 0.647115 0.360897 0.716346 0.350641 0.758654 0.333333 0.793269 0.351282 0.81891 0.360256 0.803526 0.380769 0.765064 0.389744 0.66891 0.371154 0.635577
0 0.466667 0.725321 0.449359 0.800962 0.422436 0.81891 0.4 0.852244 0.382692 0.911218 0.362821 0.926603 0.362179 0.993269 0.544872 0.993269 0.535256 0.924038 0.554487 0.888141 0.555769 0.799679 0.560897 0.747115 0.553846 0.736859 0.523077 0.747115 0.508974 0.7125 0.501282 0.695833 0.46859 0.702244
0 0.778846 0.553526 0.758974 0.595833 0.738462 0.652244 0.744872 0.707372 0.744231 0.748397 0.776923 0.775321 0.786538 0.725321 0.808333 0.670192 0.823718 0.611218 0.81859 0.574038 0.785897 0.550962
0 0.909615 0.254808 0.912179 0.324038 0.898718 0.3625 0.924359 0.397115 0.963462 0.398397 0.991026 0.371474 0.989744 0.31891 0.957692 0.290705 0.939103 0.277885 0.923718 0.257372 0.912179 0.234295
0 0.939103 0.463782 0.951282 0.494551 0.949359 0.536859 0.96859 0.527885 0.996154 0.495833 0.99359 0.417628 0.962821 0.441987 0.935256 0.443269
0 0.896154 0.636859 0.859615 0.663782 0.860256 0.804808 0.837179 0.794551 0.817308 0.771474 0.804487 0.803526 0.819872 0.861218 0.822436 0.909936 0.801282 0.995833 0.948718 0.986859 0.910897 0.924038 0.892308 0.875321 0.905128 0.788141 0.935897 0.821474 0.946154 0.879167 0.957051 0.903526 0.983974 0.888141 0.984615 0.775321 0.982051 0.754808 0.977564 0.680449 0.961538 0.6125 0.925641 0.657372
0 0.671795 0.017628 0.690385 0.117628 0.75641 0.061218 0.748718 0.003526 0.679487 0.004808
