0 0.094231 0.00609 0.002564 0.00609 0.002564 0.358654 0.037179 0.322756 0.053205 0.261218 0.051923 0.172756 0.065385 0.136859 0.096795 0.104808 0.094231 0.059936
0 0.271154 0.003526 0.419231 0.00609 0.433333 0.079167 0.459615 0.221474 0.430769 0.297115 0.403846 0.343269 0.395513 0.404808 0.391667 0.458654 0.358974 0.515064 0.317949 0.544551 0.235897 0.559936 0.182692 0.530449 0.090385 0.484295 0.051923 0.471474 0.069231 0.407372 0.086538 0.3625 0.087179 0.270192 0.090385 0.180449 0.096154 0.154808 0.159615 0.099679 0.215385 0.063782 0.246795 0.052244
0 0.533974 0.094551 0.527564 0.171474 0.484615 0.240705 0.449359 0.339423 0.453205 0.379167 0.484615 0.430449 0.501282 0.470192 0.524359 0.463782 0.558974 0.40609 0.587179 0.374038 0.622436 0.324038 0.646154 0.203526 0.676282 0.179167 0.682051 0.266346 0.708333 0.250962 0.694231 0.1125 0.688462 0.095833 0.619231 0.108654 0.546154 0.097115
0 0.882692 0.007372 0.869872 0.067628 0.887179 0.116346 0.922436 0.136859 0.960897 0.158654 0.989103 0.149679 0.937179 0.086859 0.922436 0.057372 0.937821 0.002244
0 0.672436 0.465064 0.653205 0.548397 0.612179 0.629167 0.619872 0.738141 0.625641 0.903526 0.638462 0.961218 0.692949 0.915064 0.719231 0.908654 0.714744 0.857372 0.672436 0.748397 0.666667 0.700962 0.730128 0.597115 0.747436 0.500962 0.710256 0.440705 0.685256 0.458654
0 0.775 0.431731 0.755769 0.50609 0.769872 0.543269 0.821154 0.541987 0.832692 0.459936 0.807692 0.450962
0 0.877564 0.521474 0.858974 0.613782 0.851923 0.65609 0.841026 0.689423 0.804487 0.734295 0.758333 0.749679 0.751282 0.813782 0.766667 0.847115 0.814744 0.903526 0.838462 0.903526 0.85641 0.809936 0.865385 0.7125 0.923718 0.724038 0.976923 0.630449 0.951923 0.541987 0.901282 0.525321
0 0.003205 0.789423 0.003846 0.95609 0.028205 0.916346 0.058333 0.915064 0.071795 0.929167 0.089103 0.966346 0.120513 0.991987 0.192949 0.994551 0.239744 0.938141 0.264744 0.9125 0.255769 0.870192 0.25 0.786859 0.250641 0.694551 0.223718 0.671474 0.200641 0.670192 0.175 0.745833 0.142949 0.808654 0.121154 0.822756 0.090385 0.816346 0.078205 0.726603 0.053205 0.590705 0.021795 0.621474 0.017308 0.694551 0.025 0.761218
0 0.501282 0.815064 0.480769 0.824038 0.488462 0.877885 0.497436 0.897115 0.526923 0.895833 0.532051 0.877885 0.528205 0.847115 0.519231 0.838141
0 0.99359 0.750962 0.971795 0.81891 0.957051 0.845833 0.948718 0.908654 0.949359 0.997115 0.972436 0.983013 0.997436 0.943269
0 0.578205 0.490705 0.542308 0.508654 0.571154 0.55609 0.562821 0.617628 0.578846 0.641987 0.614103 0.602244 0.611538 0.586859 0.580769 0.521474
0 0.945513 0.217628 0.926923 0.325321 0.955769 0.330449 0.979487 0.330449 0.977564 0.271474 0.973077 0.239423
