0 0.724184 0.292441 0.722072 0.30511 0.713626 0.31989 0.721368 0.329392 0.736852 0.332559 0.741779 0.328336 0.736852 0.318834 0.748114 0.3125 0.748114 0.30511 0.734741 0.300887
0 0.765709 0.311444 0.760783 0.323057 0.753041 0.331503 0.749521 0.336782 0.757264 0.351562 0.767117 0.363176 0.776971 0.357897 0.798086 0.353674 0.809347 0.363176 0.8192 0.363176 0.824831 0.348395 0.807939 0.338894 0.794566 0.330448 0.78049 0.317779
0 0.958559 0.374789 0.94237 0.394848 0.928998 0.406461 0.935332 0.437078 0.952224 0.466639 0.96982 0.472973 0.986712 0.477196 0.997917 0.478125 0.997973 0.40435 0.9846 0.410684 0.971931 0.409628 0.966301 0.40435 0.966301 0.383235 0.986008 0.381123 0.997973 0.372677 0.99375 0.353674 0.981785 0.352618 0.967005 0.358953
0 0.843131 0.164696 0.844538 0.186867 0.850873 0.219595 0.862134 0.232264 0.88888 0.237542 0.890991 0.223818 0.869172 0.162584 0.859319 0.140414 0.84665 0.154139
0 0.604533 0.178421 0.565822 0.192145 0.54893 0.209037 0.546115 0.221706 0.563007 0.244932 0.584122 0.256546 0.620721 0.247044 0.631982 0.268159 0.660135 0.267103 0.678435 0.249155 0.684065 0.211149 0.670693 0.176309 0.628463 0.173142 0.620721 0.180532 0.612979 0.179476
0 0.604533 0.30511 0.593271 0.302998 0.598198 0.329392 0.611571 0.341005 0.631278 0.348395 0.634797 0.346284 0.640428 0.32728 0.658727 0.326225 0.680546 0.325169 0.694623 0.322002 0.687584 0.301943 0.66647 0.301943 0.649578 0.301943 0.637613 0.301943 0.63339 0.313556 0.625648 0.311444 0.616498 0.309333
0 0.250507 0.196368 0.263176 0.229096 0.281475 0.2481 0.280068 0.264992 0.261768 0.285051 0.249099 0.281883 0.22728 0.26288 0.22728 0.241765 0.235726 0.212204
0 0.281475 0.288218 0.283587 0.323057 0.289217 0.357897 0.296959 0.375845 0.307517 0.395904 0.318778 0.41913 0.327928 0.429688 0.356785 0.432855 0.366639 0.430743 0.358896 0.407517 0.367342 0.388514 0.363823 0.367399 0.356081 0.361064 0.341301 0.361064 0.340597 0.352618 0.346227 0.336782 0.34482 0.317779 0.332151 0.335726 0.328632 0.346284 0.322297 0.343117 0.31737 0.325169 0.32652 0.324113 0.330743 0.304054 0.315259 0.3125 0.308925 0.304054 0.304702 0.287162 0.294848 0.286106
0 0.244876 0.295608 0.259657 0.298775 0.268806 0.316723 0.273029 0.322002 0.279364 0.336782 0.284994 0.351562 0.286402 0.365287 0.284994 0.385346 0.272325 0.408573 0.261768 0.442356 0.243468 0.451858 0.233615 0.45397 0.215315 0.455025 0.205462 0.451858 0.182939 0.447635 0.163232 0.434966 0.157601 0.406461 0.148452 0.379012 0.136486 0.367399 0.12241 0.35473 0.117483 0.345228 0.104814 0.346284 0.106222 0.330448 0.114668 0.325169 0.117483 0.310389 0.116075 0.290329 0.111149 0.272382 0.099184 0.264992 0.07455 0.214316 0.067511 0.190034 0.078069 0.154139 0.095664 0.136191 0.090738 0.111909 0.111852 0.110853 0.13719 0.109797 0.159009 0.112965 0.176605 0.098184 0.199127 0.105574 0.19772 0.145693 0.201239 0.178421 0.214611 0.195312 0.208981 0.242821 0.194904 0.237542 0.154082 0.216427 0.133671 0.204814 0.144932 0.239654 0.147748 0.27027 0.147748 0.279772 0.17027 0.272382 0.20335 0.274493 0.219538 0.281883 0.228688 0.293497
0 0.831166 0.349451 0.854392 0.35473 0.860726 0.357897 0.849465 0.382179 0.836796 0.382179 0.820608 0.370566
0 0.90366 0.288218 0.898029 0.318834 0.886064 0.335726 0.880434 0.343117 0.87058 0.352618 0.884657 0.373733 0.895214 0.36212 0.910698 0.34734 0.908587 0.330448 0.910698 0.31989 0.917033 0.313556 0.933925 0.323057 0.948001 0.322002 0.931813 0.30511 0.921256 0.298775 0.91281 0.283995
0 0.96982 0.269215 0.955743 0.282939 0.948001 0.288218 0.964189 0.3125 0.974043 0.311444 0.978266 0.332559 0.988823 0.336782 0.996565 0.330448 0.997269 0.307221 0.987416 0.301943 0.977562 0.306166 0.974747 0.29772 0.974747 0.283995 0.980377 0.273438
