0 0.982051 0.035577 0.957051 0.053526 0.932692 0.077885 0.948077 0.135577 0.955769 0.154808 0.978846 0.200962 0.995513 0.20609 0.996795 0.031731
0 0.808974 0.017628 0.812179 0.058654 0.785256 0.097115 0.775641 0.15609 0.775 0.230449 0.800641 0.293269 0.825641 0.324038 0.848077 0.335577 0.871154 0.349679 0.878205 0.290705 0.876923 0.240705 0.884615 0.190705 0.891667 0.153526 0.891667 0.094551 0.898077 0.041987 0.896154 0.01891 0.859615 0.000962 0.823077 0.013782
0 0.559615 0.015064 0.538462 0.058654 0.557692 0.131731 0.588462 0.086859 0.612821 0.061218 0.612821 0.157372 0.628205 0.199679 0.646154 0.211218 0.676923 0.165064 0.703205 0.102244 0.717949 0.050962 0.710897 0.007372 0.571154 0.009936
0 0.536538 0.172756 0.505769 0.220192 0.471154 0.244551 0.46859 0.279167 0.492949 0.303526 0.473718 0.345833 0.462821 0.366346 0.454487 0.393269 0.512821 0.435577 0.544231 0.461218 0.592308 0.477885 0.623718 0.475321 0.630128 0.390705 0.619231 0.358654 0.591667 0.309936 0.579487 0.254808 0.59359 0.216346 0.598077 0.186859 0.567949 0.16891
0 0.36859 0.143269 0.34359 0.243269 0.364103 0.294551 0.364103 0.331731 0.36859 0.365064 0.374359 0.430449 0.345513 0.488141 0.328846 0.486859 0.328205 0.445833 0.328205 0.434295 0.301923 0.440705 0.282692 0.45609 0.272436 0.467628 0.267949 0.522756 0.275 0.574038 0.29359 0.648397 0.291667 0.675321 0.272436 0.647115 0.26859 0.585577 0.235897 0.5625 0.264103 0.694551 0.274359 0.703526 0.287179 0.745833 0.255128 0.834295 0.267949 0.891987 0.294872 0.922756 0.339744 0.954808 0.361538 0.961218 0.387821 0.861218 0.383974 0.834295 0.387179 0.793269 0.399359 0.772756 0.396795 0.699679 0.378205 0.681731 0.344872 0.713782 0.314103 0.703526 0.309615 0.634295 0.314103 0.538141 0.337821 0.576603 0.35641 0.584295 0.401282 0.584295 0.423077 0.584295 0.476282 0.594551 0.494231 0.574038 0.499359 0.535577 0.469872 0.493269 0.451282 0.444551 0.438462 0.395833 0.440385 0.321474 0.430128 0.307372 0.398718 0.258654 0.390385 0.230449 0.405128 0.186859 0.401923 0.176603 0.378846 0.149679
0 0.141667 0.022756 0.144231 0.088141 0.169231 0.116346 0.185897 0.126603 0.195513 0.204808 0.208974 0.245833 0.221154 0.26891 0.23141 0.172756 0.242308 0.147115 0.272436 0.157372 0.299359 0.171474 0.319231 0.1625 0.280769 0.089423 0.266026 0.004808 0.147436 0.009936
0 0.148077 0.284295 0.121795 0.358654 0.107051 0.403526 0.096154 0.448397 0.079487 0.476603 0.067949 0.483013 0.058974 0.509936 0.058974 0.536859 0.040385 0.579167 0.039744 0.6125 0.033974 0.649679 0.024359 0.654808 0.014744 0.653526 0.002564 0.645833 0.005128 0.872756 0.025641 0.872756 0.064103 0.866346 0.085256 0.815064 0.1 0.776603 0.112179 0.71891 0.115385 0.665064 0.119872 0.60609 0.123077 0.554808 0.13141 0.521474 0.174359 0.495833 0.187179 0.472756 0.198077 0.429167 0.203846 0.354808 0.197436 0.322756 0.184615 0.261218 0.164744 0.271474 0.153846 0.293269
0 0.166667 0.843269 0.133974 0.921474 0.122436 0.949679 0.127564 0.980449 0.133974 0.994551 0.221154 0.991987 0.178205 0.970192 0.162821 0.953526 0.179487 0.899679 0.207051 0.922756 0.232051 0.915064 0.232692 0.879167 0.232692 0.841987 0.198077 0.844551
0 0.007692 0.390705 0.025 0.433013 0.04359 0.404808 0.054487 0.450962 0.053846 0.531731 0.030769 0.524038 0.005128 0.522756
0 0.005769 0.925321 0.014744 0.954808 0.034615 0.944551 0.044231 0.953526 0.023718 0.986859 0.004487 0.991987
0 0.623077 0.574038 0.6 0.589423 0.605128 0.65609 0.610256 0.699679 0.612179 0.720192 0.644872 0.777885 0.683974 0.757372 0.686538 0.683013 0.66859 0.659936 0.635256 0.631731 0.632051 0.585577
0 0.496154 0.870192 0.462821 0.893269 0.439744 0.909936 0.426923 0.948397 0.415385 0.991987 0.552564 0.993269 0.544231 0.935577 0.520513 0.90609
0 0.901923 0.457372 0.910897 0.486859 0.900641 0.503526 0.876282 0.491987 0.865385 0.541987 0.874359 0.624038 0.892949 0.625321 0.907692 0.598397 0.930128 0.51891 0.932692 0.511218 0.953846 0.541987 0.974359 0.557372 0.991026 0.557372 0.991667 0.417628 0.971795 0.427885 0.966667 0.453526 0.948077 0.443269 0.91859 0.440705 0.901923 0.40609
0 0.910256 0.863782 0.857692 0.879167 0.826282 0.945833 0.805769 0.990705 0.994872 0.990705 0.988462 0.917628 0.987179 0.883013 0.963462 0.883013 0.940385 0.891987 0.930128 0.889423
0 0.792308 0.671474 0.754487 0.711218 0.748718 0.734295 0.753846 0.749679 0.767308 0.7625 0.794231 0.725321 0.810256 0.713782 0.817308 0.702244
