0 0.889744 0.158654 0.85 0.181731 0.825641 0.199679 0.846795 0.238141 0.862821 0.25609 0.864103 0.276603 0.844872 0.334295 0.81859 0.338141 0.816667 0.415064 0.819872 0.427885 0.837821 0.440705 0.873718 0.438141 0.904487 0.435577 0.914103 0.435577 0.919231 0.380449 0.933333 0.343269 0.949359 0.30609 0.949359 0.263782 0.946154 0.2125 0.946154 0.185577 0.919872 0.188141 0.914744 0.172756
0 0.589103 0.235577 0.561538 0.233013 0.539103 0.258654 0.524359 0.280449 0.546795 0.299679 0.54359 0.327885 0.523718 0.335577 0.514103 0.330449 0.512179 0.36891 0.513462 0.397115 0.491026 0.399679 0.515385 0.479167 0.546154 0.445833 0.55 0.421474 0.553205 0.415064 0.575 0.426603 0.614744 0.45609 0.621154 0.46891 0.640385 0.489423 0.664103 0.470192 0.682051 0.481731 0.691026 0.467628 0.686538 0.411218 0.675 0.358654 0.647436 0.334295 0.64359 0.302244 0.655769 0.26891 0.623718 0.266346 0.614103 0.233013 0.609615 0.222756 0.598718 0.229167
0 0.266667 0.394551 0.255128 0.416346 0.252564 0.453526 0.261538 0.499679 0.261538 0.531731 0.267949 0.552244 0.296154 0.584295 0.299359 0.602244 0.316026 0.608654 0.332692 0.609936 0.348077 0.608654 0.349359 0.593269 0.346154 0.548397 0.35641 0.497115 0.355769 0.474038 0.335256 0.430449 0.323077 0.409936 0.312821 0.389423 0.301923 0.40609 0.284615 0.40609
0 0.072436 0.520192 0.058333 0.558654 0.042949 0.588141 0.044872 0.609936 0.046795 0.639423 0.033974 0.648397 0.051282 0.691987 0.057051 0.717628 0.06859 0.735577 0.069872 0.749679 0.058974 0.763782 0.065385 0.775321 0.079487 0.767628 0.094872 0.738141 0.117308 0.711218 0.136538 0.689423 0.180769 0.654808 0.187179 0.639423 0.192949 0.597115 0.182051 0.567628 0.162179 0.5625 0.129487 0.545833 0.096154 0.520192 0.080769 0.511218
0 0.003205 0.243269 0.008333 0.261218 0.032692 0.243269 0.050641 0.25609 0.079487 0.266346 0.082692 0.309936 0.095513 0.389423 0.095513 0.422756 0.09359 0.429167 0.050641 0.398397 0.045513 0.409936 0.037179 0.434295 0.003205 0.46891
0 0.428846 0.665064 0.423077 0.693269 0.415385 0.698397 0.397436 0.675321 0.396795 0.717628 0.403846 0.744551 0.420513 0.765064 0.432051 0.76891 0.469872 0.772756 0.483333 0.780449 0.492949 0.780449 0.497436 0.735577 0.478205 0.679167 0.476923 0.654808 0.472436 0.640705 0.462179 0.648397 0.458974 0.679167 0.448077 0.677885 0.441026 0.659936
0 0.752564 0.680449 0.749359 0.686859 0.754487 0.734295 0.758333 0.744551 0.765385 0.763782 0.766667 0.774038 0.750641 0.786859 0.744231 0.788141 0.739103 0.815064 0.746795 0.876603 0.748718 0.903526 0.749359 0.917628 0.749359 0.938141 0.753205 0.949679 0.758333 0.959936 0.771154 0.96891 0.790385 0.924038 0.810256 0.86891 0.826282 0.836859 0.828846 0.817628 0.820513 0.793269 0.799359 0.76891 0.798718 0.727885 0.816026 0.666346 0.807692 0.645833 0.789103 0.65609 0.771154 0.686859
0 0.721795 0.371474 0.699359 0.391987 0.703846 0.425321 0.715385 0.461218 0.730128 0.477885 0.760256 0.477885 0.767949 0.465064 0.758974 0.383013 0.748077 0.366346
0 0.863462 0.509936 0.840385 0.547115 0.845513 0.577885 0.851923 0.613782 0.859615 0.661218 0.886538 0.666346 0.897436 0.633013 0.901923 0.603526 0.904487 0.588141 0.908974 0.553526 0.889103 0.544551 0.869231 0.524038
0 0.594872 0.688141 0.576923 0.70609 0.570513 0.731731 0.578846 0.765064 0.589744 0.780449 0.608333 0.788141 0.633974 0.774038 0.634615 0.734295 0.614103 0.707372 0.607692 0.688141
0 0.589103 0.825321 0.580769 0.8625 0.579487 0.897115 0.582051 0.925321 0.582692 0.947115 0.579487 0.970192 0.579487 0.995833 0.651282 0.999679 0.663462 0.916346 0.666026 0.866346 0.673718 0.833013 0.651282 0.802244 0.635256 0.81891 0.612179 0.830449 0.605128 0.838141
0 0.301923 0.752244 0.303205 0.783013 0.305769 0.808654 0.320513 0.835577 0.325641 0.843269 0.336538 0.839423 0.350641 0.789423 0.350641 0.777885 0.314103 0.752244
0 0.394872 0.903526 0.367949 0.91891 0.353846 0.934295 0.360897 0.96891 0.360256 0.988141 0.367949 0.995833 0.389744 0.991987 0.398718 0.961218 0.412821 0.950962 0.426282 0.954808 0.441026 0.935577 0.442308 0.916346 0.429487 0.90609 0.419872 0.899679
0 0.076282 0.841987 0.077564 0.874038 0.070513 0.898397 0.066667 0.927885 0.066667 0.949679 0.067949 0.990705 0.083974 0.991987 0.097436 0.989423 0.100641 0.967628 0.108333 0.930449 0.137179 0.911218 0.148077 0.911218 0.162821 0.893269 0.162821 0.847115 0.169231 0.834295 0.186538 0.85609 0.196795 0.880449 0.217308 0.909936 0.233974 0.909936 0.244231 0.875321 0.239103 0.822756 0.212179 0.816346 0.198077 0.783013 0.183333 0.772756 0.153205 0.785577 0.135256 0.788141 0.121795 0.781731 0.110897 0.821474 0.105128 0.835577 0.092949 0.826603 0.086538 0.820192
0 0.148077 0.050962 0.153846 0.099679 0.160897 0.120192 0.169231 0.127885 0.194872 0.117628 0.204487 0.134295 0.210256 0.1625 0.217949 0.176603 0.233333 0.152244 0.233974 0.115064 0.239744 0.076603 0.24359 0.039423 0.237821 0.024038 0.191026 0.013782 0.153205 0.013782 0.14359 0.013782
