0 0.722436 0.01891 0.723077 0.089423 0.757692 0.053526 0.721795 0.189423 0.717308 0.233013 0.732692 0.283013 0.780128 0.335577 0.782692 0.370192 0.787179 0.425321 0.807051 0.388141 0.840385 0.283013 0.862821 0.211218 0.853846 0.147115 0.866667 0.102244 0.887179 0.074038 0.89359 0.040705 0.88141 0.007372 0.732051 0.008654
0 0.523718 0.024038 0.53141 0.095833 0.526923 0.1625 0.562179 0.207372 0.583974 0.194551 0.600641 0.098397 0.626923 0.00609 0.521795 0.00609
0 0.371154 0.016346 0.380128 0.047115 0.398077 0.044551 0.429487 0.040705 0.444231 0.054808 0.459615 0.038141 0.475641 0.003526 0.376923 0.002244
0 0.209615 0.135577 0.217308 0.200962 0.210897 0.234295 0.205128 0.276603 0.203846 0.324038 0.205769 0.416346 0.208974 0.448397 0.225 0.472756 0.241667 0.459936 0.267308 0.421474 0.278846 0.377885 0.291026 0.372756 0.303205 0.389423 0.309615 0.436859 0.354487 0.411218 0.362821 0.372756 0.339744 0.31891 0.337821 0.258654 0.285897 0.186859 0.254487 0.176603 0.229487 0.149679
0 0.365385 0.098397 0.362179 0.127885 0.344231 0.172756 0.353205 0.213782 0.360897 0.225321 0.372436 0.239423 0.401923 0.215064 0.426282 0.159936 0.432692 0.129167 0.407051 0.1125
0 0.392308 0.409936 0.391667 0.458654 0.378205 0.553526 0.4 0.593269 0.416667 0.622756 0.44359 0.643269 0.450641 0.643269 0.464103 0.603526 0.462179 0.521474 0.462179 0.448397 0.460256 0.370192 0.437179 0.383013 0.414744 0.448397 0.407051 0.425321
0 0.512821 0.402244 0.498718 0.407372 0.492308 0.458654 0.490385 0.500962 0.514103 0.5125 0.530769 0.472756 0.55641 0.417628 0.532051 0.397115 0.521154 0.402244
0 0.697436 0.322756 0.655128 0.395833 0.640385 0.429167 0.660897 0.466346 0.670513 0.494551 0.698077 0.502244 0.70641 0.515064 0.730769 0.540705 0.735897 0.538141 0.761538 0.440705 0.762821 0.365064 0.740385 0.374038 0.712179 0.334295
0 0.90641 0.363782 0.885256 0.361218 0.871154 0.30609 0.864103 0.320192 0.860897 0.40609 0.864744 0.434295 0.896154 0.491987 0.929487 0.522756 0.938462 0.491987 0.927564 0.444551 0.929487 0.416346 0.936538 0.390705 0.934615 0.371474
0 0.939103 0.017628 0.962821 0.093269 0.953846 0.133013 0.967308 0.150962 0.997436 0.197115 0.997436 0.007372 0.946154 0.007372
0 0.027564 0.00609 0.041026 0.047115 0.048077 0.059936 0.034615 0.086859 0.020513 0.088141 0.001923 0.084295 0.001923 0.004808
0 0.026923 0.138141 0.01859 0.216346 0.021795 0.265064 0.044872 0.244551 0.041026 0.199679 0.054487 0.180449 0.060897 0.167628 0.048718 0.135577 0.040385 0.121474 0.032692 0.121474
0 0.007051 0.844551 0.035256 0.845833 0.042949 0.826603 0.060897 0.757372 0.082692 0.830449 0.08141 0.889423 0.091026 0.939423 0.033333 0.931731 0.008333 0.915064 0.003846 0.884295
0 0.446154 0.745833 0.414744 0.821474 0.38141 0.958654 0.385256 0.989423 0.44359 0.981731 0.466667 0.943269 0.489103 0.938141 0.517308 0.908654 0.525 0.840705 0.535897 0.791987 0.507692 0.784295 0.494872 0.731731 0.455769 0.743269
0 0.694872 0.686859 0.715385 0.783013 0.711538 0.826603 0.722436 0.854808 0.716667 0.9125 0.742308 0.943269 0.744872 0.875321 0.754487 0.783013 0.75 0.70609 0.746795 0.700962
0 0.838462 0.66891 0.778846 0.663782 0.794872 0.703526 0.790385 0.749679 0.794231 0.770192 0.828205 0.734295 0.85641 0.675321
0 0.985256 0.46891 0.973077 0.503526 0.966667 0.611218 0.975 0.653526 0.996795 0.680449 0.997436 0.490705
0 0.919231 0.694551 0.93141 0.771474 0.933333 0.874038 0.944231 0.957372 0.949359 0.977885 0.998718 0.993269 0.996154 0.733013 0.953846 0.713782 0.932692 0.702244
0 0.287179 0.658654 0.289744 0.704808 0.276923 0.7125 0.255769 0.76891 0.251923 0.786859 0.249359 0.8125 0.273077 0.795833 0.304487 0.757372 0.312821 0.727885 0.307051 0.680449 0.295513 0.649679
