0 0.203205 0.470192 0.171154 0.495833 0.147436 0.503526 0.121795 0.535577 0.112179 0.558654 0.099359 0.579167 0.098718 0.636859 0.107051 0.65609 0.133333 0.680449 0.146154 0.725321 0.180128 0.741987 0.211538 0.695833 0.225641 0.663782 0.230128 0.589423 0.235897 0.515064 0.233333 0.479167 0.217949 0.465064
0 0.447436 0.539423 0.446154 0.6125 0.436538 0.665064 0.419231 0.666346 0.384615 0.707372 0.388462 0.750962 0.423718 0.780449 0.426282 0.921474 0.450641 0.972756 0.491026 0.970192 0.532051 0.927885 0.562821 0.831731 0.570513 0.789423 0.567949 0.647115 0.540385 0.60609 0.523077 0.583013 0.509615 0.538141 0.50641 0.511218 0.46859 0.491987 0.442308 0.517628
0 0.640385 0.613782 0.614103 0.643269 0.599359 0.670192 0.597436 0.708654 0.608333 0.744551 0.616026 0.784295 0.63141 0.808654 0.664103 0.820192 0.691667 0.817628 0.708333 0.750962 0.705769 0.672756 0.65641 0.620192 0.65 0.597115
0 0.872436 0.570192 0.852564 0.647115 0.83141 0.686859 0.819872 0.753526 0.833974 0.790705 0.836538 0.811218 0.835256 0.843269 0.821154 0.895833 0.811538 0.931731 0.805769 0.961218 0.801282 0.991987 0.883974 0.991987 0.871154 0.91891 0.870513 0.863782 0.896154 0.789423 0.907051 0.754808 0.923718 0.716346 0.930128 0.650962 0.952564 0.593269 0.977564 0.534295 0.960897 0.500962 0.937179 0.50609 0.933333 0.56891 0.926282 0.599679 0.914744 0.625321 0.9 0.624038 0.9 0.588141 0.895513 0.55609 0.877564 0.553526
0 0.801923 0.098397 0.771154 0.175321 0.763462 0.213782 0.753846 0.247115 0.742949 0.276603 0.748718 0.324038 0.765385 0.345833 0.788462 0.284295 0.797436 0.25609 0.816667 0.21891 0.81859 0.157372 0.851923 0.161218 0.877564 0.153526 0.883333 0.089423 0.877564 0.048397 0.872436 0.015064 0.840385 0.013782 0.832051 0.074038
0 0.702564 0.113782 0.670513 0.127885 0.684615 0.2125 0.723718 0.177885 0.729487 0.147115 0.714103 0.125321
0 0.950641 0.035577 0.946795 0.102244 0.948077 0.134295 0.971154 0.147115 0.994872 0.136859 0.995513 0.040705 0.957692 0.052244
0 0.491667 0.048397 0.473718 0.086859 0.475 0.129167 0.500641 0.16891 0.510897 0.149679 0.520513 0.080449 0.512179 0.043269
0 0.575641 0.1125 0.562179 0.16891 0.567949 0.226603 0.566667 0.25609 0.553846 0.293269 0.530769 0.297115 0.533333 0.344551 0.541026 0.353526 0.572436 0.335577 0.582051 0.31891 0.586538 0.277885 0.587821 0.21891 0.591026 0.174038 0.591026 0.130449 0.586538 0.107372
0 0.317308 0.06891 0.298718 0.11891 0.299359 0.153526 0.321154 0.144551 0.335897 0.154808 0.338462 0.171474 0.372436 0.161218 0.379487 0.154808 0.385256 0.140705 0.36859 0.115064 0.349359 0.103526 0.346154 0.084295 0.332692 0.071474
0 0.315385 0.216346 0.303205 0.266346 0.292308 0.284295 0.3 0.315064 0.285256 0.365064 0.280769 0.386859 0.29359 0.40609 0.310897 0.41891 0.310897 0.385577 0.304487 0.335577 0.323077 0.308654 0.339744 0.281731 0.340385 0.257372 0.334615 0.217628 0.330769 0.209936
0 0.003205 0.104808 0.028846 0.113782 0.048077 0.1125 0.060897 0.144551 0.067308 0.149679 0.064744 0.191987 0.036538 0.225321 0.017308 0.25609 0.009615 0.272756 0.003205 0.272756
0 0.314103 0.740705 0.287821 0.770192 0.289744 0.798397 0.3 0.81891 0.310897 0.834295 0.323718 0.891987 0.329487 0.907372 0.346795 0.903526 0.367949 0.85609 0.380128 0.802244 0.374359 0.763782 0.363462 0.744551 0.338462 0.730449 0.324359 0.730449 0.308333 0.750962
