0 0.987821 0.081731 0.975641 0.140705 0.961538 0.220192 0.967949 0.311218 0.970513 0.349679 0.974359 0.371474 0.978205 0.376603 0.996795 0.395833 0.995513 0.076603
0 0.889744 0.290705 0.853846 0.26891 0.816026 0.250962 0.766667 0.257372 0.745513 0.279167 0.719872 0.308654 0.699359 0.35609 0.698077 0.372756 0.723077 0.424038 0.740385 0.472756 0.767949 0.485577 0.805769 0.457372 0.850641 0.430449 0.869231 0.408654 0.896154 0.386859 0.902564 0.365064 0.901923 0.308654
0 0.973077 0.420192 0.928846 0.453526 0.919872 0.471474 0.96859 0.522756 0.973077 0.549679 0.958974 0.589423 0.961538 0.61891 0.962179 0.672756 0.972436 0.715064 0.989103 0.770192 0.997436 0.785577 0.996795 0.463782 0.985897 0.472756 0.973718 0.439423
0 0.577564 0.0125 0.573077 0.047115 0.586538 0.091987 0.620513 0.104808 0.639103 0.11891 0.655128 0.129167 0.673077 0.127885 0.657692 0.097115 0.654487 0.059936 0.676282 0.026603 0.698077 0.00609 0.589103 0.007372
0 0.555769 0.076603 0.507692 0.138141 0.471795 0.208654 0.469872 0.261218 0.473718 0.375321 0.499359 0.448397 0.540385 0.450962 0.567949 0.415064 0.585256 0.352244 0.604487 0.303526 0.60641 0.267628 0.604487 0.202244 0.604487 0.16891 0.576923 0.122756 0.563462 0.093269
0 0.180769 0.0125 0.179487 0.088141 0.176923 0.145833 0.183974 0.200962 0.180128 0.259936 0.162179 0.293269 0.149359 0.317628 0.138462 0.348397 0.141026 0.358654 0.158974 0.384295 0.173077 0.403526 0.2 0.390705 0.233974 0.353526 0.248077 0.327885 0.255128 0.297115 0.242308 0.252244 0.240385 0.217628 0.255769 0.199679 0.273077 0.189423 0.285256 0.204808 0.310256 0.241987 0.337821 0.203526 0.354487 0.171474 0.365385 0.167628 0.378205 0.186859 0.380128 0.225321 0.374359 0.271474 0.367949 0.298397 0.361538 0.383013 0.372436 0.427885 0.382692 0.4625 0.401923 0.463782 0.419231 0.458654 0.427564 0.417628 0.419872 0.375321 0.459615 0.331731 0.45 0.283013 0.451282 0.235577 0.442949 0.215064 0.412179 0.141987 0.410897 0.077885 0.409615 0.048397 0.413462 0.004808 0.186538 0.00609
0 0.001923 0.076603 0.025 0.077885 0.041667 0.063782 0.05 0.015064 0.049359 0.002244 0.001923 0.002244
0 0.007051 0.483013 0.040385 0.486859 0.05641 0.489423 0.067949 0.480449 0.085256 0.461218 0.112179 0.415064 0.117949 0.411218 0.129487 0.461218 0.119872 0.529167 0.117949 0.598397 0.083333 0.597115 0.053846 0.572756 0.042308 0.576603 0.028205 0.591987 0.017949 0.554808 0.010897 0.50609
0 0.001282 0.581731 0.021795 0.635577 0.030769 0.688141 0.026282 0.743269 0.011538 0.744551 0.002564 0.736859
0 0.221154 0.888141 0.212821 0.86891 0.214103 0.838141 0.237821 0.794551 0.263462 0.784295 0.280128 0.772756 0.303846 0.783013 0.321154 0.852244 0.357051 0.852244 0.371795 0.893269 0.385256 0.967628 0.398718 0.994551 0.266667 0.995833 0.265385 0.957372 0.266667 0.90609 0.258333 0.879167 0.244231 0.898397 0.244872 0.924038 0.221154 0.948397 0.214103 0.91891
0 0.604487 0.694551 0.604487 0.734295 0.596795 0.76891 0.580128 0.771474 0.56859 0.775321 0.557051 0.759936 0.545513 0.727885 0.527564 0.727885 0.5 0.738141 0.491026 0.753526 0.501923 0.789423 0.521795 0.776603 0.53141 0.776603 0.539103 0.821474 0.540385 0.877885 0.553205 0.927885 0.561538 0.965064 0.561538 0.988141 0.595513 0.983013 0.614744 0.917628 0.633333 0.885577 0.637179 0.833013 0.636538 0.797115 0.65641 0.763782 0.662179 0.731731 0.652564 0.699679 0.66859 0.688141 0.703846 0.674038 0.691667 0.650962 0.664744 0.630449 0.639103 0.676603 0.632051 0.694551
0 0.782692 0.748397 0.751923 0.753526 0.753205 0.811218 0.757051 0.827885 0.772436 0.839423 0.775 0.908654 0.775 0.940705 0.775641 0.979167 0.779487 0.993269 0.796795 0.990705 0.791026 0.927885 0.789103 0.90609 0.801282 0.875321 0.822436 0.765064 0.812179 0.740705
0 0.265385 0.526603 0.265385 0.621474 0.267308 0.639423 0.292308 0.629167 0.319231 0.586859 0.308974 0.553526 0.286538 0.549679 0.280128 0.538141
0 0.414103 0.688141 0.392949 0.688141 0.395513 0.71891 0.383974 0.735577 0.375 0.724038 0.375641 0.76891 0.376923 0.793269 0.378205 0.820192 0.385256 0.789423 0.396154 0.7625 0.423077 0.750962 0.437821 0.71891 0.429487 0.700962 0.408974 0.676603
