0 0.75641 0.013782 0.747436 0.053526 0.766026 0.098397 0.767949 0.122756 0.746154 0.238141 0.739744 0.254808 0.71859 0.26891 0.71859 0.297115 0.750641 0.325321 0.760897 0.385577 0.769231 0.403526 0.808974 0.40609 0.837179 0.409936 0.862179 0.394551 0.880769 0.363782 0.890385 0.303526 0.860256 0.307372 0.84359 0.294551 0.84359 0.263782 0.858974 0.222756 0.846154 0.202244 0.832692 0.193269 0.816667 0.194551 0.821795 0.159936 0.839103 0.129167 0.840385 0.094551 0.851282 0.091987 0.871795 0.071474 0.886538 0.0625 0.888462 0.044551 0.887179 0.033013 0.887179 0.003526 0.763462 0.004808
0 0.45 0.022756 0.441026 0.050962 0.434615 0.076603 0.417308 0.117628 0.382692 0.147115 0.377564 0.154808 0.369872 0.180449 0.360256 0.225321 0.349359 0.302244 0.354487 0.347115 0.376923 0.422756 0.402564 0.541987 0.439744 0.558654 0.457692 0.495833 0.458974 0.461218 0.460256 0.421474 0.464744 0.335577 0.466026 0.327885 0.48141 0.343269 0.489744 0.370192 0.513462 0.435577 0.542308 0.447115 0.553205 0.425321 0.548718 0.371474 0.561538 0.330449 0.575641 0.320192 0.582692 0.267628 0.546795 0.217628 0.519872 0.200962 0.483974 0.180449 0.467308 0.150962 0.473077 0.122756 0.487179 0.102244 0.509615 0.077885 0.510256 0.031731 0.498077 0.015064 0.469231 0.013782
0 0.560256 0.022756 0.582051 0.053526 0.590385 0.094551 0.558974 0.131731 0.576282 0.165064 0.596154 0.171474 0.624359 0.125321 0.635256 0.081731 0.65 0.098397 0.629487 0.259936 0.655128 0.276603 0.700641 0.221474 0.707692 0.202244 0.701282 0.147115 0.675641 0.113782 0.689744 0.076603 0.694231 0.027885 0.695513 0.007372 0.557692 0.003526
0 0.064744 0.00609 0.060897 0.039423 0.052564 0.075321 0.041026 0.109936 0.034615 0.172756 0.053846 0.272756 0.083974 0.290705 0.112179 0.25609 0.139103 0.204808 0.164744 0.181731 0.180769 0.159936 0.183333 0.122756 0.210897 0.083013 0.215385 0.043269 0.215385 0.003526
0 0.900641 0.017628 0.903846 0.039423 0.919872 0.063782 0.969872 0.029167 0.973718 0.007372 0.912179 0.00609
0 0.976282 0.180449 0.973718 0.239423 0.980769 0.285577 0.985256 0.329167 0.973077 0.363782 0.967949 0.407372 0.957692 0.434295 0.959615 0.480449 0.958974 0.520192 0.959615 0.541987 0.983333 0.580449 0.996154 0.603526 0.994872 0.181731
0 0.754487 0.649679 0.730769 0.691987 0.715385 0.741987 0.712179 0.766346 0.723718 0.789423 0.773718 0.791987 0.803846 0.753526 0.821795 0.721474 0.794231 0.670192 0.773718 0.639423
0 0.487179 0.590705 0.477564 0.667628 0.466667 0.698397 0.458974 0.745833 0.473718 0.788141 0.500641 0.772756 0.527564 0.748397 0.536538 0.703526 0.535897 0.666346 0.514103 0.625321
0 0.11859 0.325321 0.107051 0.381731 0.108333 0.393269 0.122436 0.439423 0.136538 0.443269 0.153205 0.395833 0.154487 0.35609 0.149359 0.320192 0.135897 0.308654
0 0.260897 0.121474 0.238462 0.131731 0.23141 0.170192 0.251282 0.204808 0.266667 0.180449 0.274359 0.170192 0.274359 0.134295
0 0.219872 0.693269 0.199359 0.726603 0.205769 0.820192 0.210897 0.830449 0.242949 0.853526 0.287179 0.888141 0.31859 0.90609 0.326282 0.848397 0.301923 0.774038 0.272436 0.744551 0.247436 0.724038 0.234615 0.702244
0 0.558333 0.608654 0.591026 0.649679 0.588462 0.690705 0.591667 0.739423 0.614744 0.779167 0.645513 0.720192 0.649359 0.704808 0.649359 0.670192 0.626282 0.600962 0.615385 0.572756 0.56859 0.600962
0 0.541667 0.836859 0.524359 0.840705 0.536538 0.872756 0.521795 0.897115 0.505769 0.922756 0.504487 0.984295 0.558333 0.991987 0.573718 0.926603 0.578205 0.852244 0.560897 0.843269
0 0.994231 0.715064 0.972436 0.740705 0.976282 0.807372 0.997436 0.85609 0.997436 0.729167
