0 0.462179 0.013782 0.45641 0.05609 0.448077 0.05609 0.448077 0.090705 0.430769 0.094551 0.425641 0.134295 0.441667 0.161218 0.475 0.135577 0.498718 0.139423 0.535897 0.175321 0.569872 0.204808 0.603846 0.193269 0.630128 0.184295 0.624359 0.117628 0.598718 0.079167 0.585256 0.0625 0.585256 0.031731 0.595513 0.008654 0.476282 0.004808
0 0.230769 0.116346 0.209615 0.124038 0.204487 0.138141 0.198718 0.150962 0.191667 0.186859 0.2 0.21891 0.20641 0.241987 0.208974 0.275321 0.21859 0.295833 0.222436 0.307372 0.254487 0.339423 0.285256 0.326603 0.287821 0.283013 0.28141 0.247115 0.292949 0.225321 0.292949 0.202244 0.269872 0.176603 0.25641 0.157372 0.252564 0.109936 0.251282 0.097115
0 0.004487 0.247115 0.023718 0.233013 0.046154 0.247115 0.071795 0.259936 0.094231 0.270192 0.116667 0.285577 0.125641 0.293269 0.139103 0.345833 0.128846 0.375321 0.107051 0.395833 0.003846 0.491987 0.001282 0.261218
0 0.798077 0.017628 0.791667 0.045833 0.775 0.0625 0.761538 0.061218 0.755128 0.084295 0.775641 0.133013 0.794872 0.152244 0.805128 0.163782 0.85 0.152244 0.862821 0.095833 0.885256 0.00609 0.805128 0.008654
0 0.653846 0.093269 0.637179 0.113782 0.641026 0.136859 0.647436 0.170192 0.650641 0.194551 0.678846 0.193269 0.692308 0.202244 0.703846 0.175321 0.698718 0.138141 0.690385 0.094551 0.677564 0.085577 0.671154 0.085577
0 0.373718 0.375321 0.364103 0.403526 0.364103 0.429167 0.358974 0.477885 0.360256 0.498397 0.360256 0.536859 0.382692 0.539423 0.405128 0.529167 0.43141 0.509936 0.435897 0.486859 0.435897 0.4625 0.425 0.427885 0.410897 0.411218 0.402564 0.370192 0.392949 0.415064 0.385256 0.404808
0 0.688462 0.458654 0.703846 0.489423 0.700641 0.499679 0.689744 0.502244 0.683333 0.508654 0.678846 0.547115 0.673718 0.595833 0.696795 0.665064 0.701923 0.685577 0.726282 0.6625 0.746154 0.620192 0.760256 0.56891 0.746154 0.499679 0.735256 0.476603 0.737179 0.40609 0.727564 0.393269 0.689744 0.444551
0 0.795513 0.235577 0.773077 0.281731 0.783333 0.311218 0.786538 0.335577 0.8 0.370192 0.808974 0.380449 0.810897 0.394551 0.823077 0.374038 0.825 0.347115 0.842308 0.333013 0.841667 0.288141 0.822436 0.265064 0.810256 0.233013
0 0.960897 0.133013 0.953205 0.184295 0.952564 0.203526 0.961538 0.220192 0.957051 0.243269 0.948077 0.25609 0.951282 0.313782 0.964744 0.336859 0.974359 0.353526 0.996154 0.388141 0.996154 0.147115 0.975 0.144551
0 0.517949 0.417628 0.512179 0.434295 0.526923 0.475321 0.544872 0.507372 0.560897 0.508654 0.573077 0.481731 0.562821 0.450962 0.535256 0.430449
0 0.345513 0.013782 0.344872 0.083013 0.337821 0.088141 0.328205 0.103526 0.326923 0.189423 0.320513 0.213782 0.316026 0.270192 0.316026 0.297115 0.336538 0.317628 0.335256 0.274038 0.34359 0.202244 0.350641 0.166346 0.363462 0.11891 0.372436 0.086859 0.371795 0.053526 0.365385 0.01891
0 0.001282 0.144551 0.028846 0.159936 0.037179 0.143269 0.046154 0.126603 0.048077 0.066346 0.037821 0.033013 0.028846 0.011218 0.002564 0.007372
0 0.108974 0.033013 0.101923 0.084295 0.101923 0.116346 0.119231 0.108654 0.136538 0.089423 0.141026 0.058654 0.130128 0.026603
0 0.016026 0.590705 0.039103 0.572756 0.048718 0.566346 0.066026 0.513782 0.062179 0.494551 0.067949 0.493269 0.096795 0.511218 0.105128 0.502244 0.120513 0.46891 0.13141 0.46891 0.138462 0.516346 0.145513 0.545833 0.157051 0.544551 0.166026 0.543269 0.183974 0.553526 0.197436 0.567628 0.185897 0.598397 0.177564 0.630449 0.158974 0.634295 0.147436 0.620192 0.124359 0.572756 0.110897 0.561218 0.105128 0.559936 0.101923 0.574038 0.101923 0.616346 0.091026 0.652244 0.060897 0.661218 0.048718 0.667628 0.037821 0.684295 0.022436 0.727885 0.020513 0.752244 0.017308 0.767628 0.004487 0.790705 0.004487 0.617628
0 0.237821 0.479167 0.241667 0.563782 0.255769 0.588141 0.265385 0.586859 0.289744 0.549679 0.29359 0.517628 0.269872 0.498397 0.258333 0.486859 0.248718 0.46891
0 0.284615 0.6625 0.300641 0.695833 0.294231 0.726603 0.282051 0.750962 0.271795 0.7625 0.260897 0.759936 0.257051 0.786859 0.265385 0.831731 0.285897 0.835577 0.317949 0.816346 0.310256 0.879167 0.307051 0.934295 0.301282 0.961218 0.298718 0.990705 0.39359 0.994551 0.385256 0.926603 0.385897 0.853526 0.387179 0.803526 0.358333 0.771474 0.339744 0.754808 0.328846 0.717628 0.332692 0.700962 0.353846 0.676603 0.371154 0.709936 0.383333 0.7125 0.387179 0.679167 0.373718 0.645833 0.357692 0.615064 0.339103 0.615064 0.320513 0.627885 0.294231 0.639423
0 0.551923 0.552244 0.544872 0.571474 0.516026 0.591987 0.514103 0.603526 0.528846 0.624038 0.528846 0.652244 0.527564 0.670192 0.522436 0.702244 0.529487 0.740705 0.53141 0.758654 0.541667 0.771474 0.554487 0.786859 0.562821 0.785577 0.583333 0.738141 0.599359 0.653526 0.600641 0.589423 0.610256 0.544551 0.594231 0.533013 0.569231 0.545833
0 0.873718 0.7125 0.850641 0.753526 0.840385 0.791987 0.823718 0.833013 0.830128 0.853526 0.842949 0.885577 0.848718 0.897115 0.885256 0.909936 0.895513 0.915064 0.924359 0.893269 0.939103 0.871474 0.951282 0.843269 0.937821 0.765064 0.927564 0.720192 0.922436 0.709936 0.899359 0.715064
