0 0.936538 0.086859 0.902564 0.159936 0.896154 0.230449 0.901923 0.291987 0.929487 0.303526 0.955769 0.271474 0.997436 0.220192 0.998077 0.099679 0.978205 0.095833 0.971795 0.070192 0.957051 0.075321
0 0.792949 0.085577 0.772436 0.134295 0.807692 0.208654 0.789744 0.254808 0.75641 0.284295 0.725 0.320192 0.716667 0.384295 0.690385 0.430449 0.720513 0.516346 0.725641 0.563782 0.791026 0.626603 0.803205 0.6625 0.811538 0.680449 0.837821 0.657372 0.865385 0.591987 0.894231 0.561218 0.910897 0.604808 0.923718 0.649679 0.930769 0.675321 0.940385 0.727885 0.944231 0.749679 0.969872 0.753526 0.987821 0.699679 0.995513 0.584295 0.96859 0.552244 0.966026 0.503526 0.976923 0.421474 0.975 0.359936 0.951282 0.31891 0.91859 0.35609 0.884615 0.354808 0.853205 0.300962 0.814744 0.250962 0.847436 0.209936 0.828846 0.06891
0 0.607692 0.374038 0.580128 0.390705 0.557692 0.430449 0.54359 0.495833 0.555769 0.581731 0.579487 0.591987 0.570513 0.665064 0.569872 0.695833 0.594872 0.748397 0.630769 0.776603 0.650641 0.774038 0.658974 0.733013 0.678846 0.688141 0.701923 0.639423 0.700641 0.553526 0.623077 0.509936 0.636538 0.470192 0.642308 0.397115 0.633333 0.375321
0 0.441667 0.481731 0.416026 0.497115 0.378846 0.50609 0.367949 0.541987 0.35641 0.608654 0.339103 0.658654 0.330128 0.697115 0.35641 0.743269 0.389103 0.766346 0.408974 0.781731 0.428205 0.770192 0.446154 0.707372 0.465385 0.626603 0.476923 0.583013 0.479487 0.541987 0.475641 0.493269 0.453205 0.483013
0 0.221154 0.463782 0.223077 0.51891 0.21859 0.554808 0.209615 0.611218 0.226923 0.713782 0.237821 0.739423 0.250641 0.758654 0.254487 0.738141 0.250641 0.690705 0.271154 0.685577 0.282692 0.731731 0.301923 0.747115 0.314744 0.724038 0.315385 0.661218 0.304487 0.620192 0.276282 0.561218 0.266667 0.513782 0.258333 0.463782 0.214103 0.461218 0.215385 0.472756
0 0.250641 0.767628 0.225 0.786859 0.212821 0.824038 0.213462 0.86891 0.228846 0.917628 0.219231 0.95609 0.240385 0.983013 0.254487 0.952244 0.269872 0.936859 0.303205 0.944551 0.308333 0.853526 0.3 0.815064 0.272436 0.798397 0.265385 0.788141 0.265385 0.744551
0 0.001282 0.222756 0.016026 0.272756 0.038462 0.283013 0.062179 0.433013 0.075 0.489423 0.082692 0.527885 0.103846 0.547115 0.155128 0.602244 0.162821 0.683013 0.153846 0.700962 0.130128 0.693269 0.100641 0.684295 0.079487 0.683013 0.054487 0.684295 0.041026 0.679167 0.001923 0.665064
0 0.092949 0.953526 0.135256 0.929167 0.142949 0.927885 0.172436 0.943269 0.196795 0.954808 0.217308 0.993269 0.105128 0.990705
0 0.521154 0.783013 0.502564 0.844551 0.521795 0.885577 0.539744 0.908654 0.558974 0.941987 0.551282 0.981731 0.566667 0.988141 0.573718 0.950962 0.605769 0.970192 0.619872 0.977885 0.628846 0.979167 0.636538 0.972756 0.621795 0.902244 0.603205 0.870192 0.592949 0.865064 0.576282 0.863782 0.563462 0.833013 0.539744 0.765064
0 0.694872 0.861218 0.661538 0.894551 0.657051 0.915064 0.649359 0.938141 0.648718 0.959936 0.644231 0.993269 0.75641 0.994551 0.746795 0.948397 0.753846 0.895833 0.75 0.870192 0.723718 0.867628
0 0.862179 0.865064 0.849359 0.902244 0.811538 0.91891 0.816667 0.990705 0.961538 0.990705 0.966667 0.917628 0.959615 0.874038 0.901282 0.853526 0.899359 0.885577 0.912179 0.917628 0.905128 0.95609 0.880769 0.908654 0.886538 0.865064
