0 0.644872 0.01891 0.640385 0.067628 0.623077 0.097115 0.614744 0.115064 0.633333 0.148397 0.674359 0.174038 0.708974 0.197115 0.730769 0.202244 0.783974 0.150962 0.779487 0.104808 0.767949 0.089423 0.746154 0.067628 0.730128 0.004808 0.649359 0.00609
0 0.507692 0.01891 0.523077 0.097115 0.523077 0.167628 0.541667 0.216346 0.541667 0.275321 0.583974 0.30609 0.604487 0.322756 0.630128 0.31891 0.653205 0.300962 0.653846 0.259936 0.632692 0.226603 0.625 0.144551 0.604487 0.131731 0.596154 0.126603 0.596154 0.057372 0.563462 0.029167 0.557051 0.011218 0.512821 0.008654
0 0.435256 0.141987 0.416667 0.180449 0.408974 0.225321 0.425641 0.294551 0.430769 0.308654 0.433333 0.375321 0.428205 0.40609 0.432692 0.509936 0.407051 0.563782 0.433974 0.638141 0.489103 0.685577 0.523718 0.683013 0.542308 0.626603 0.534615 0.571474 0.532051 0.534295 0.530769 0.425321 0.491667 0.439423 0.467949 0.430449 0.471154 0.297115 0.475641 0.293269 0.510897 0.324038 0.539103 0.31891 0.537821 0.240705 0.503846 0.222756 0.480128 0.233013 0.470513 0.200962 0.483333 0.176603 0.451282 0.157372 0.44359 0.157372
0 0.309615 0.00609 0.271154 0.074038 0.255128 0.157372 0.23141 0.21891 0.219231 0.234295 0.200641 0.249679 0.198077 0.299679 0.198077 0.329167 0.190385 0.379167 0.179487 0.390705 0.151282 0.388141 0.139103 0.399679 0.137821 0.483013 0.14359 0.530449 0.151923 0.570192 0.159615 0.590705 0.195513 0.616346 0.242949 0.575321 0.248718 0.524038 0.262821 0.453526 0.262179 0.424038 0.272436 0.379167 0.270513 0.316346 0.278205 0.25609 0.305128 0.238141 0.342308 0.204808 0.360256 0.176603 0.358333 0.115064 0.349359 0.049679 0.349359 0.004808
0 0.070513 0.011218 0.067308 0.067628 0.061538 0.116346 0.073077 0.1625 0.096795 0.184295 0.114103 0.190705 0.124359 0.197115 0.119231 0.227885 0.133974 0.239423 0.153846 0.244551 0.172436 0.244551 0.187179 0.238141 0.198077 0.189423 0.201282 0.152244 0.189744 0.150962 0.173077 0.157372 0.155128 0.116346 0.133333 0.075321 0.126282 0.034295 0.139103 0.008654
0 0.028846 0.1625 0.021795 0.190705 0.019872 0.21891 0.023718 0.274038 0.024359 0.302244 0.03141 0.350962 0.032051 0.372756 0.003205 0.36891 0.003846 0.580449 0.040385 0.586859 0.079487 0.590705 0.112821 0.490705 0.123077 0.422756 0.125 0.377885 0.110897 0.345833 0.107051 0.316346 0.107051 0.285577 0.087821 0.213782 0.042949 0.1625
0 0.139744 0.684295 0.086538 0.722756 0.073718 0.75609 0.086538 0.784295 0.148718 0.847115 0.173077 0.847115 0.201282 0.847115 0.244231 0.870192 0.233974 0.780449 0.223718 0.753526 0.215385 0.733013 0.215385 0.715064 0.192949 0.733013 0.185897 0.71891 0.182051 0.672756 0.154487 0.670192 0.149359 0.672756
0 0.005128 0.724038 0.037821 0.720192 0.053846 0.727885 0.061538 0.779167 0.05641 0.793269 0.062179 0.81891 0.075641 0.833013 0.076282 0.845833 0.057051 0.909936 0.023077 0.925321 0.002564 0.959936
0 0.309615 0.589423 0.297436 0.676603 0.278846 0.666346 0.276282 0.717628 0.299359 0.794551 0.312179 0.827885 0.336538 0.811218 0.359615 0.761218 0.357051 0.711218 0.325 0.713782 0.321154 0.681731 0.326923 0.647115 0.355769 0.672756 0.374359 0.675321 0.386538 0.644551 0.387821 0.600962 0.371795 0.571474 0.344231 0.581731 0.326923 0.594551
0 0.39359 0.811218 0.36859 0.879167 0.350641 0.934295 0.349359 0.9625 0.354487 0.990705 0.423077 0.991987 0.437821 0.948397 0.446795 0.993269 0.505769 0.989423 0.505769 0.940705 0.496795 0.865064 0.451282 0.866346 0.433974 0.857372 0.41859 0.81891
0 0.271795 0.917628 0.254487 0.947115 0.253846 0.974038 0.255769 0.994551 0.307051 0.991987 0.299359 0.943269 0.29359 0.925321
0 0.60641 0.65609 0.587821 0.658654 0.578846 0.681731 0.560897 0.753526 0.555128 0.799679 0.551282 0.831731 0.564744 0.876603 0.576923 0.916346 0.596154 0.933013 0.599359 0.972756 0.608974 0.993269 0.708974 0.990705 0.69359 0.981731 0.662821 0.967628 0.646154 0.933013 0.633974 0.899679 0.637179 0.836859 0.65641 0.815064 0.689103 0.759936 0.703846 0.745833 0.705769 0.663782 0.697436 0.621474 0.655128 0.60609 0.630128 0.613782 0.616667 0.648397
0 0.772436 0.307372 0.746154 0.341987 0.746154 0.402244 0.754487 0.438141 0.762179 0.476603 0.79359 0.520192 0.8 0.561218 0.796795 0.611218 0.815385 0.627885 0.832051 0.638141 0.832051 0.6125 0.80641 0.520192 0.820513 0.503526 0.839103 0.509936 0.847436 0.4125 0.815385 0.395833 0.807692 0.357372 0.794872 0.327885
0 0.917949 0.413782 0.890385 0.439423 0.883333 0.480449 0.905769 0.515064 0.917308 0.531731 0.949359 0.484295 0.962821 0.433013 0.942308 0.41891
0 0.845513 0.826603 0.828846 0.857372 0.778846 0.848397 0.79359 0.913782 0.832692 0.954808 0.85641 0.904808 0.858333 0.847115 0.859615 0.831731 0.851923 0.817628
0 0.882692 0.653526 0.88141 0.713782 0.889744 0.731731 0.924359 0.750962 0.946154 0.761218 0.957692 0.744551 0.930128 0.725321 0.9 0.70609 0.910897 0.685577 0.930128 0.672756 0.905769 0.653526 0.897436 0.649679
0 0.963462 0.850962 0.95641 0.930449 0.95 0.974038 0.948077 0.983013 0.975641 0.984295 0.984615 0.975321 0.991667 0.944551 0.991667 0.893269 0.973718 0.85609
0 0.987179 0.648397 0.966667 0.677885 0.967308 0.717628 0.98141 0.747115 0.983974 0.786859 0.996795 0.795833 0.996154 0.648397
0 0.960897 0.007372 0.978205 0.047115 0.982692 0.075321 0.998718 0.084295 0.998077 0.008654
