0 0.108974 0.008654 0.094872 0.05609 0.092308 0.124038 0.107692 0.122756 0.116026 0.135577 0.094872 0.190705 0.060897 0.226603 0.055769 0.281731 0.071795 0.294551 0.087821 0.308654 0.135256 0.277885 0.155769 0.254808 0.186538 0.224038 0.191667 0.188141 0.175 0.161218 0.175 0.125321 0.194231 0.102244 0.211538 0.104808 0.226923 0.152244 0.245513 0.143269 0.285897 0.094551 0.305769 0.074038 0.304487 0.1125 0.301282 0.148397 0.308333 0.15609 0.329487 0.209936 0.328205 0.236859 0.316667 0.244551 0.295513 0.258654 0.282692 0.274038 0.290385 0.316346 0.307051 0.383013 0.339744 0.397115 0.35641 0.352244 0.375 0.3125 0.384615 0.280449 0.391026 0.186859 0.385256 0.153526 0.363462 0.081731 0.361538 0.039423 0.358333 0.004808 0.116026 0.007372
0 0.003205 0.388141 0.013462 0.402244 0.021795 0.395833 0.049359 0.315064 0.066667 0.322756 0.05 0.377885 0.048718 0.40609 0.047436 0.481731 0.046154 0.508654 0.033333 0.527885 0.019872 0.51891 0.002564 0.498397
0 0.20641 0.458654 0.19359 0.481731 0.190385 0.525321 0.196154 0.549679 0.215385 0.549679 0.230128 0.535577 0.241026 0.517628 0.247436 0.488141 0.237179 0.4625 0.222436 0.458654 0.212821 0.450962
0 0.457051 0.0125 0.437179 0.044551 0.407692 0.071474 0.405769 0.104808 0.398718 0.147115 0.395513 0.204808 0.398718 0.247115 0.401282 0.31891 0.403846 0.354808 0.438462 0.374038 0.476923 0.347115 0.509615 0.275321 0.526282 0.240705 0.533974 0.195833 0.541026 0.126603 0.542949 0.081731 0.523718 0.041987 0.505769 0.030449 0.505769 0.009936 0.462821 0.003526
0 0.760897 0.1625 0.703205 0.171474 0.671154 0.189423 0.638462 0.226603 0.621154 0.267628 0.636538 0.325321 0.663462 0.353526 0.676282 0.374038 0.707051 0.383013 0.733333 0.372756 0.769231 0.336859 0.789103 0.331731 0.808333 0.302244 0.841026 0.265064 0.821154 0.2125 0.789103 0.1625
0 0.914103 0.011218 0.913462 0.063782 0.902564 0.149679 0.894872 0.184295 0.909615 0.250962 0.91859 0.295833 0.950641 0.298397 0.976923 0.2625 0.982692 0.204808 0.978846 0.143269 0.975641 0.095833 0.978205 0.024038 0.980128 0.008654
0 0.946795 0.371474 0.914103 0.384295 0.888462 0.398397 0.887821 0.430449 0.894231 0.441987 0.894872 0.525321 0.897436 0.574038 0.897436 0.634295 0.919231 0.681731 0.935897 0.703526 0.974359 0.681731 0.985897 0.622756 0.975641 0.570192 0.96859 0.522756 0.975 0.4625 0.975 0.447115 0.997436 0.494551 0.99359 0.297115 0.989744 0.338141 0.980128 0.353526 0.960256 0.365064
0 0.721154 0.648397 0.680128 0.649679 0.682692 0.741987 0.687179 0.748397 0.698077 0.763782 0.705769 0.797115 0.705769 0.833013 0.705128 0.870192 0.707051 0.885577 0.727564 0.900962 0.724359 0.867628 0.721154 0.817628 0.739103 0.763782 0.753846 0.727885 0.76859 0.670192 0.752564 0.645833
0 0.572436 0.544551 0.559615 0.591987 0.53141 0.61891 0.523718 0.674038 0.505128 0.676603 0.490385 0.677885 0.471795 0.630449 0.435256 0.652244 0.426923 0.665064 0.459615 0.702244 0.46859 0.695833 0.464744 0.770192 0.470513 0.799679 0.489744 0.883013 0.486538 0.915064 0.455128 0.91891 0.434615 0.963782 0.416667 0.963782 0.390385 0.909936 0.369231 0.880449 0.348718 0.883013 0.333974 0.890705 0.325 0.877885 0.310256 0.840705 0.302564 0.807372 0.283974 0.781731 0.265385 0.7625 0.258333 0.745833 0.246154 0.717628 0.176923 0.681731 0.15641 0.715064 0.135256 0.797115 0.141026 0.839423 0.164103 0.845833 0.180769 0.785577 0.188462 0.799679 0.195513 0.85609 0.19359 0.890705 0.209615 0.902244 0.240385 0.897115 0.259615 0.938141 0.292308 0.938141 0.307051 0.952244 0.322436 0.965064 0.337821 0.993269 0.628846 0.991987 0.633974 0.954808 0.625641 0.909936 0.582692 0.90609 0.541667 0.930449 0.527564 0.908654 0.523077 0.874038 0.529487 0.839423 0.554487 0.789423 0.558974 0.752244 0.562179 0.7125 0.587179 0.671474 0.587821 0.634295 0.587821 0.597115 0.605128 0.626603 0.610256 0.635577 0.624359 0.585577 0.61859 0.5625 0.607051 0.548397
0 0.932692 0.844551 0.908974 0.877885 0.899359 0.880449 0.874359 0.897115 0.846154 0.920192 0.832692 0.938141 0.807692 0.940705 0.791026 0.931731 0.761538 0.902244 0.74359 0.924038 0.747436 0.991987 0.950641 0.994551 0.950641 0.967628 0.980769 0.975321 0.997436 0.995833 0.996154 0.85609 0.973718 0.859936 0.953205 0.845833 0.941026 0.838141
0 0.320513 0.591987 0.322436 0.620192 0.303846 0.608654 0.302564 0.597115 0.292308 0.627885 0.295513 0.6625 0.298718 0.693269 0.305128 0.720192 0.320513 0.729167 0.34359 0.695833 0.364744 0.644551 0.366026 0.607372 0.349359 0.607372 0.344872 0.602244 0.328846 0.583013
