0 0.676923 0.00609 0.682051 0.041987 0.701923 0.071474 0.725641 0.074038 0.760256 0.05609 0.753205 0.127885 0.795513 0.144551 0.814103 0.136859 0.819872 0.103526 0.830769 0.002244
0 0.25641 0.008654 0.310256 0.085577 0.338462 0.134295 0.375641 0.088141 0.396795 0.007372
0 0.405128 0.088141 0.39359 0.131731 0.385256 0.174038 0.385897 0.200962 0.392308 0.284295 0.421154 0.304808 0.447436 0.315064 0.437821 0.239423 0.442308 0.216346 0.475641 0.21891 0.483974 0.211218 0.53141 0.145833 0.537821 0.115064 0.569872 0.076603 0.594231 0.034295 0.60641 0.004808 0.447436 0.009936 0.447436 0.054808 0.410256 0.080449
0 0.120513 0.379167 0.101923 0.421474 0.112821 0.529167 0.173077 0.571474 0.246154 0.607372 0.285256 0.565064 0.317308 0.538141 0.342949 0.509936 0.354487 0.470192 0.336538 0.408654 0.291026 0.359936 0.269872 0.325321 0.233333 0.304808 0.191026 0.30609 0.177564 0.329167 0.155128 0.370192 0.13141 0.388141
0 0.373718 0.36891 0.365385 0.441987 0.36859 0.51891 0.382051 0.566346 0.411538 0.590705 0.448077 0.622756 0.48141 0.570192 0.496154 0.544551 0.478846 0.493269 0.467949 0.439423 0.41859 0.370192 0.38141 0.361218
0 0.001282 0.113782 0.009615 0.143269 0.032051 0.136859 0.053846 0.127885 0.069872 0.097115 0.085897 0.158654 0.083333 0.20609 0.086538 0.307372 0.092949 0.359936 0.084615 0.408654 0.001282 0.495833
0 0.792308 0.195833 0.782051 0.30609 0.75641 0.427885 0.729487 0.467628 0.694872 0.465064 0.705128 0.538141 0.712821 0.544551 0.733974 0.548397 0.758974 0.539423 0.782692 0.453526 0.824359 0.399679 0.827564 0.334295 0.849359 0.2625 0.854487 0.185577 0.81859 0.191987
0 0.928205 0.002244 0.921795 0.103526 0.908974 0.15609 0.904487 0.174038 0.936538 0.177885 0.953205 0.190705 0.982051 0.004808
0 0.957692 0.589423 0.915385 0.641987 0.922436 0.716346 0.934615 0.744551 0.960256 0.771474 0.991667 0.791987 0.992949 0.636859
0 0.827564 0.80609 0.807051 0.853526 0.799359 0.886859 0.780769 0.931731 0.790385 0.965064 0.837821 0.990705 0.965385 0.994551 0.962821 0.941987 0.915385 0.883013 0.909615 0.917628 0.904487 0.931731 0.874359 0.934295 0.873718 0.899679 0.878205 0.850962 0.865385 0.834295
0 0.514103 0.336859 0.515385 0.417628 0.527564 0.440705 0.549359 0.439423 0.590385 0.377885 0.594872 0.354808 0.564103 0.321474 0.547436 0.359936 0.539744 0.366346 0.523718 0.334295
0 0.510897 0.840705 0.473077 0.866346 0.480769 0.890705 0.497436 0.921474 0.526923 0.957372 0.557692 0.970192 0.559615 0.921474 0.55 0.874038 0.542308 0.838141 0.510897 0.824038
0 0.692949 0.717628 0.685256 0.741987 0.669231 0.738141 0.664103 0.789423 0.675 0.811218 0.683333 0.826603 0.696795 0.835577 0.719231 0.824038 0.729487 0.791987 0.727564 0.758654 0.704487 0.704808
0 0.986538 0.283013 0.973718 0.334295 0.974359 0.383013 0.997436 0.448397 0.997436 0.283013
