0 0.067949 0.026603 0.073718 0.11891 0.101282 0.204808 0.138462 0.244551 0.152564 0.153526 0.180769 0.20609 0.205128 0.176603 0.237821 0.108654 0.271154 0.00609 0.075 0.011218
0 0.303205 0.009936 0.30641 0.086859 0.283333 0.203526 0.267949 0.26891 0.300641 0.270192 0.435256 0.295833 0.512179 0.293269 0.530769 0.300962 0.562821 0.302244 0.582692 0.25609 0.603205 0.174038 0.637821 0.102244 0.664103 0.080449 0.689103 0.145833 0.744872 0.241987 0.782692 0.197115 0.836538 0.075321 0.865385 0.00609 0.314103 0.00609
0 0.044231 0.3125 0.035897 0.350962 0.083974 0.454808 0.099359 0.499679 0.121154 0.453526 0.111538 0.295833 0.095513 0.307372 0.075641 0.313782
0 0.271795 0.340705 0.250641 0.386859 0.254487 0.439423 0.258333 0.480449 0.259615 0.498397 0.262821 0.534295 0.271154 0.565064 0.257692 0.571474 0.217949 0.622756 0.141026 0.6625 0.112821 0.702244 0.104487 0.745833 0.160897 0.798397 0.187179 0.800962 0.212821 0.7625 0.249359 0.7125 0.277564 0.686859 0.348077 0.75609 0.382051 0.785577 0.410256 0.785577 0.419872 0.731731 0.463462 0.586859 0.460897 0.498397 0.469872 0.463782 0.448077 0.445833 0.414744 0.435577 0.359615 0.549679 0.346154 0.575321 0.312179 0.572756 0.292308 0.483013 0.312179 0.371474 0.298077 0.334295
0 0.898077 0.227885 0.885256 0.300962 0.832692 0.340705 0.792949 0.266346 0.770513 0.336859 0.780769 0.413782 0.826923 0.440705 0.826923 0.554808 0.855128 0.7125 0.891667 0.725321 0.919231 0.680449 0.925641 0.609936 0.890385 0.516346 0.887179 0.472756 0.921154 0.402244 0.958974 0.340705 0.944231 0.277885 0.926282 0.185577 0.899359 0.2125
0 0.987179 0.203526 0.972436 0.247115 0.970513 0.294551 0.997436 0.316346 0.998077 0.211218
0 0.994872 0.495833 0.966667 0.539423 0.950641 0.567628 0.970513 0.603526 0.980128 0.634295 0.995513 0.652244 0.997436 0.517628
0 0.728205 0.584295 0.700641 0.598397 0.716026 0.661218 0.712179 0.709936 0.747436 0.699679 0.760897 0.645833
0 0.24359 0.866346 0.248077 0.915064 0.258974 0.945833 0.277564 0.971474 0.302564 0.965064 0.314744 0.913782 0.271795 0.849679
0 0.608974 0.915064 0.614103 0.993269 0.675 0.990705 0.691667 0.940705 0.671154 0.904808 0.620513 0.911218
