0 0.992949 0.561218 0.971154 0.572756 0.942949 0.571474 0.897436 0.577885 0.89359 0.586859 0.887821 0.636859 0.873718 0.698397 0.861538 0.607372 0.84359 0.677885 0.842308 0.725321 0.875641 0.734295 0.855769 0.797115 0.847436 0.795833 0.825641 0.771474 0.791667 0.749679 0.770513 0.747115 0.766026 0.827885 0.773077 0.958654 0.779487 0.984295 0.996795 0.991987 0.997436 0.576603
0 0.794231 0.5125 0.757692 0.51891 0.746795 0.516346 0.741026 0.507372 0.736538 0.46891 0.735256 0.450962 0.70641 0.445833 0.685256 0.466346 0.673077 0.479167 0.670513 0.530449 0.660897 0.577885 0.673718 0.598397 0.695513 0.613782 0.703846 0.645833 0.752564 0.653526 0.783333 0.666346 0.788462 0.679167 0.812179 0.641987 0.841667 0.599679 0.826923 0.549679 0.807692 0.513782
0 0.58141 0.303526 0.559615 0.339423 0.529487 0.335577 0.503205 0.322756 0.497436 0.384295 0.523077 0.441987 0.526282 0.471474 0.519872 0.509936 0.497436 0.538141 0.459615 0.603526 0.452564 0.630449 0.44359 0.691987 0.487821 0.659936 0.503205 0.617628 0.527564 0.577885 0.551923 0.543269 0.566667 0.521474 0.591026 0.500962 0.601923 0.461218 0.613462 0.383013 0.612821 0.341987 0.602564 0.3125
0 0.411538 0.357372 0.385897 0.375321 0.358333 0.388141 0.349359 0.394551 0.348718 0.433013 0.341667 0.459936 0.387179 0.470192 0.416026 0.495833 0.442949 0.443269 0.446154 0.391987 0.423718 0.370192
0 0.269231 0.095833 0.246795 0.134295 0.246154 0.167628 0.292949 0.235577 0.295513 0.284295 0.305769 0.322756 0.341026 0.36891 0.344231 0.377885 0.367308 0.3625 0.371795 0.321474 0.373718 0.263782 0.35 0.158654 0.337821 0.129167 0.325 0.108654 0.286538 0.080449 0.28141 0.080449
0 0.127564 0.009936 0.105128 0.049679 0.080769 0.103526 0.085897 0.152244 0.085897 0.194551 0.085256 0.224038 0.088462 0.263782 0.114744 0.299679 0.132692 0.325321 0.142949 0.350962 0.180769 0.385577 0.192308 0.388141 0.205128 0.325321 0.200641 0.313782 0.175641 0.26891 0.174359 0.233013 0.178846 0.184295 0.18141 0.149679 0.189103 0.126603 0.201282 0.088141 0.214744 0.047115 0.217949 0.007372 0.133974 0.003526
0 0.007692 0.35609 0.020513 0.388141 0.030128 0.407372 0.038462 0.443269 0.052564 0.500962 0.047436 0.561218 0.041667 0.589423 0.028205 0.594551 0.023718 0.594551 0.002564 0.563782 0.001282 0.374038
0 0.001923 0.140705 0.026282 0.1625 0.033333 0.179167 0.024359 0.216346 0.019231 0.257372 0.014744 0.276603 0.001923 0.289423
0 0.10641 0.558654 0.090385 0.56891 0.090385 0.581731 0.091667 0.6125 0.092308 0.640705 0.101282 0.658654 0.116667 0.666346 0.125641 0.624038
0 0.201282 0.539423 0.177564 0.552244 0.176923 0.602244 0.180128 0.652244 0.192949 0.724038 0.166667 0.772756 0.158974 0.789423 0.158333 0.808654 0.192949 0.865064 0.203205 0.875321 0.224359 0.808654 0.245513 0.804808 0.254487 0.795833 0.276282 0.775321 0.275 0.757372 0.287179 0.698397 0.287179 0.665064 0.286538 0.61891 0.275641 0.588141 0.254487 0.554808 0.219872 0.544551 0.210897 0.534295
0 0.823077 0.017628 0.804487 0.035577 0.794231 0.05609 0.784615 0.113782 0.783333 0.127885 0.808333 0.141987 0.830769 0.125321 0.839744 0.095833 0.841026 0.059936 0.845513 0.029167 0.858974 0.033013 0.869231 0.015064 0.873718 0.007372 0.826282 0.00609
0 0.329487 0.674038 0.317308 0.707372 0.317308 0.722756 0.325641 0.749679 0.342949 0.743269 0.358333 0.733013 0.358333 0.720192 0.344231 0.694551 0.339744 0.681731
0 0.320513 0.788141 0.312821 0.817628 0.285897 0.811218 0.274359 0.817628 0.276282 0.883013 0.273077 0.908654 0.286538 0.944551 0.298077 0.953526 0.309615 0.933013 0.325641 0.924038 0.339744 0.908654 0.348718 0.858654 0.348077 0.825321 0.339744 0.809936 0.330128 0.786859
0 0.008333 0.735577 0.016667 0.733013 0.03141 0.747115 0.046795 0.739423 0.053205 0.725321 0.054487 0.767628 0.059615 0.816346 0.082692 0.795833 0.096154 0.816346 0.090385 0.877885 0.071795 0.915064 0.051923 0.931731 0.023077 0.938141 0.004487 0.972756 0.004487 0.774038
