0 0.746795 0.175321 0.683333 0.177885 0.653846 0.215064 0.628846 0.250962 0.619231 0.300962 0.635256 0.459936 0.634615 0.489423 0.630128 0.508654 0.632051 0.529167 0.641667 0.559936 0.651282 0.572756 0.66859 0.558654 0.712821 0.476603 0.757692 0.377885 0.785256 0.309936 0.787821 0.217628 0.769231 0.154808
0 0.812179 0.300962 0.808333 0.347115 0.788462 0.363782 0.776282 0.383013 0.753846 0.435577 0.738462 0.477885 0.714103 0.525321 0.701282 0.553526 0.690385 0.588141 0.699359 0.591987 0.726282 0.575321 0.753205 0.51891 0.773077 0.507372 0.787179 0.498397 0.812821 0.450962 0.83141 0.407372 0.844231 0.331731 0.846795 0.279167
0 0.892949 0.191987 0.874359 0.220192 0.874359 0.267628 0.872436 0.298397 0.873077 0.308654 0.894231 0.316346 0.907051 0.320192 0.923718 0.309936 0.942949 0.234295 0.910256 0.217628
0 0.479487 0.025321 0.462179 0.093269 0.455128 0.148397 0.467308 0.199679 0.454487 0.215064 0.426923 0.224038 0.390385 0.215064 0.370513 0.26891 0.384615 0.331731 0.391667 0.361218 0.396795 0.381731 0.41859 0.454808 0.43141 0.522756 0.44359 0.581731 0.480769 0.548397 0.501923 0.613782 0.505128 0.621474 0.555769 0.586859 0.54359 0.51891 0.508974 0.489423 0.512821 0.416346 0.517308 0.394551 0.53141 0.386859 0.546154 0.377885 0.567949 0.345833 0.571154 0.304808 0.579487 0.207372 0.566667 0.115064 0.535256 0.0625 0.544231 0.030449 0.523077 0.003526 0.494231 0.013782
0 0.089103 0.00609 0.109615 0.041987 0.107051 0.083013 0.114103 0.145833 0.153846 0.183013 0.161538 0.20609 0.192949 0.183013 0.214103 0.102244 0.201282 0.004808
0 0.241667 0.004808 0.248718 0.038141 0.275641 0.06891 0.300641 0.098397 0.330769 0.043269 0.342949 0.004808
0 0.100641 0.322756 0.060897 0.344551 0.064103 0.371474 0.095513 0.408654 0.105769 0.41891 0.117949 0.388141 0.121795 0.353526 0.116026 0.320192 0.114744 0.307372
0 0.18141 0.317628 0.19359 0.376603 0.187821 0.425321 0.216667 0.470192 0.226923 0.449679 0.240385 0.397115 0.208974 0.339423
0 0.301923 0.50609 0.262821 0.525321 0.259615 0.594551 0.262821 0.626603 0.274359 0.661218 0.312179 0.704808 0.319872 0.698397 0.323718 0.657372 0.326282 0.621474 0.346795 0.613782 0.346795 0.538141 0.311538 0.499679
0 0.910256 0.495833 0.853205 0.513782 0.839744 0.594551 0.867949 0.657372 0.865385 0.688141 0.857051 0.708654 0.837821 0.695833 0.796154 0.708654 0.801282 0.748397 0.833333 0.791987 0.850641 0.793269 0.880128 0.76891 0.895513 0.703526 0.898718 0.6625 0.91859 0.622756 0.938462 0.599679 0.950641 0.547115 0.957051 0.513782 0.945513 0.494551 0.920513 0.493269
0 0.951923 0.635577 0.929487 0.666346 0.930128 0.685577 0.937821 0.765064 0.953205 0.780449 0.971154 0.800962 0.975641 0.797115 0.980128 0.707372 0.967308 0.644551
0 0.857692 0.008654 0.85641 0.061218 0.878846 0.100962 0.919231 0.093269 0.940385 0.057372 0.94359 0.034295 0.947436 0.004808
0 0.987179 0.017628 0.972436 0.070192 0.969231 0.121474 0.98141 0.167628 0.997436 0.177885 0.997436 0.008654
0 0.044872 0.738141 0.089744 0.754808 0.128846 0.754808 0.162179 0.779167 0.176282 0.800962 0.205128 0.816346 0.201923 0.871474 0.196795 0.899679 0.198077 0.941987 0.208974 0.990705 0.010897 0.993269 0.022436 0.940705 0.021154 0.865064 0.035897 0.767628
0 0.229487 0.708654 0.216667 0.775321 0.217308 0.783013 0.260256 0.803526 0.261538 0.781731
