0 0.859615 0.007372 0.844872 0.040705 0.882051 0.099679 0.892308 0.1625 0.900641 0.188141 0.907692 0.198397 0.955128 0.147115 0.960256 0.066346 0.946154 0.041987 0.932692 0.007372
0 0.697436 0.020192 0.688462 0.06891 0.682692 0.11891 0.696795 0.134295 0.725641 0.153526 0.782051 0.131731 0.789103 0.189423 0.837821 0.224038 0.841026 0.20609 0.801282 0.094551 0.808974 0.036859 0.792949 0.0125 0.745513 0.003526 0.702564 0.008654 0.694231 0.031731
0 0.641667 0.065064 0.619872 0.077885 0.603846 0.115064 0.621154 0.170192 0.622436 0.209936 0.664744 0.195833 0.666667 0.085577 0.651282 0.076603
0 0.533974 0.289423 0.477564 0.315064 0.437821 0.325321 0.423718 0.335577 0.433333 0.361218 0.417949 0.424038 0.470513 0.500962 0.49359 0.522756 0.534615 0.634295 0.53141 0.672756 0.542949 0.697115 0.574359 0.617628 0.56859 0.588141 0.576282 0.440705 0.580128 0.36891 0.592308 0.308654 0.555128 0.307372
0 0.167949 0.241987 0.141026 0.288141 0.108974 0.300962 0.090385 0.300962 0.105769 0.399679 0.134615 0.40609 0.150641 0.434295 0.221154 0.577885 0.246795 0.624038 0.266026 0.600962 0.248077 0.522756 0.239103 0.474038 0.221154 0.384295 0.202564 0.330449 0.196795 0.250962
0 0.108333 0.509936 0.088462 0.553526 0.080769 0.616346 0.079487 0.665064 0.133333 0.695833 0.166667 0.693269 0.166667 0.613782 0.15 0.5125 0.126282 0.503526
0 0.323718 0.548397 0.283974 0.577885 0.275 0.622756 0.291026 0.658654 0.342308 0.736859 0.402564 0.75609 0.417949 0.694551 0.374359 0.593269 0.357692 0.571474 0.346154 0.552244
0 0.082692 0.034295 0.098718 0.06891 0.126282 0.098397 0.14359 0.090705 0.16859 0.102244 0.19359 0.043269 0.190385 0.011218 0.071795 0.009936
0 0.004487 0.777885 0.014744 0.752244 0.071154 0.777885 0.066667 0.804808 0.053205 0.854808 0.041026 0.907372 0.003205 0.990705
0 0.149359 0.916346 0.130128 0.933013 0.112179 0.944551 0.097436 0.974038 0.10641 0.991987 0.189103 0.993269 0.192308 0.941987 0.191667 0.916346 0.171154 0.917628
0 0.513462 0.883013 0.492308 0.913782 0.475 0.959936 0.479487 0.974038 0.512179 0.979167 0.527564 0.986859 0.539103 0.989423 0.546795 0.980449 0.587821 0.934295 0.537179 0.883013
0 0.775 0.586859 0.741026 0.670192 0.739744 0.715064 0.744231 0.752244 0.78141 0.779167 0.805128 0.800962 0.816026 0.80609 0.823718 0.729167 0.817308 0.677885 0.826923 0.590705 0.828205 0.584295 0.79359 0.586859
0 0.933974 0.421474 0.908974 0.41891 0.916667 0.500962 0.93141 0.571474 0.934615 0.585577 0.95641 0.489423 0.958974 0.450962
0 0.978846 0.336859 0.965385 0.358654 0.964744 0.391987 0.983974 0.386859 0.996795 0.484295 0.995513 0.334295
0 0.862179 0.799679 0.825 0.838141 0.81859 0.877885 0.8 0.920192 0.794231 0.989423 0.932692 0.986859 0.908333 0.894551 0.883333 0.843269
0 0.661538 0.909936 0.592949 0.881731 0.599359 0.940705 0.607692 0.988141 0.721154 0.994551 0.690385 0.945833
0 0.609615 0.609936 0.605769 0.661218 0.591667 0.672756 0.580769 0.689423 0.584615 0.720192 0.607692 0.729167 0.616026 0.730449 0.639103 0.722756 0.651923 0.709936 0.654487 0.680449 0.652564 0.652244 0.639744 0.621474 0.620513 0.613782
