0 0.832051 0.491987 0.808974 0.550962 0.807051 0.653526 0.807692 0.695833 0.852564 0.699679 0.885897 0.684295 0.917308 0.638141 0.949359 0.572756 0.950641 0.543269 0.923718 0.502244 0.876282 0.489423 0.855769 0.530449 0.838462 0.508654
0 0.75 0.115064 0.73141 0.147115 0.694872 0.243269 0.700641 0.271474 0.710897 0.307372 0.776282 0.316346 0.791667 0.322756 0.819231 0.340705 0.876282 0.279167 0.900641 0.309936 0.932051 0.254808 0.929487 0.207372 0.887821 0.177885 0.867308 0.181731 0.851923 0.095833 0.84359 0.054808 0.802564 0.045833 0.784615 0.053526 0.762821 0.090705
0 0.539103 0.033013 0.498718 0.072756 0.510897 0.102244 0.525641 0.131731 0.538462 0.159936 0.564744 0.20609 0.586538 0.238141 0.596154 0.258654 0.616667 0.270192 0.645513 0.21891 0.644872 0.163782 0.657051 0.111218 0.660897 0.058654 0.626282 0.045833 0.572436 0.059936
0 0.380769 0.263782 0.364103 0.291987 0.376282 0.384295 0.380769 0.415064 0.403205 0.576603 0.423077 0.650962 0.465385 0.727885 0.478846 0.752244 0.521795 0.702244 0.549359 0.633013 0.521154 0.603526 0.445513 0.495833 0.464744 0.377885 0.442949 0.31891 0.395513 0.298397 0.395513 0.259936 0.398718 0.202244 0.380769 0.199679 0.370513 0.231731
0 0.233333 0.109936 0.228205 0.167628 0.207051 0.199679 0.182692 0.274038 0.16859 0.309936 0.187821 0.353526 0.212179 0.391987 0.232051 0.434295 0.251282 0.471474 0.312821 0.488141 0.312821 0.431731 0.303205 0.271474 0.299359 0.221474 0.296795 0.185577 0.274359 0.152244 0.241667 0.109936
0 0.064103 0.008654 0.058974 0.075321 0.060897 0.094551 0.101282 0.108654 0.105769 0.115064 0.107051 0.248397 0.098718 0.289423 0.069872 0.297115 0.078846 0.220192 0.073718 0.166346 0.045513 0.163782 0.035897 0.161218 0.021154 0.131731 0.010897 0.100962 0.001282 0.083013 0.003205 0.009936
0 0.069872 0.411218 0.067949 0.458654 0.082051 0.513782 0.085256 0.554808 0.070513 0.590705 0.075 0.635577 0.117949 0.593269 0.129487 0.571474 0.153205 0.607372 0.205128 0.604808 0.215385 0.508654 0.172436 0.490705 0.139103 0.489423 0.129487 0.450962 0.119872 0.422756 0.105128 0.417628 0.083333 0.408654
0 0.212179 0.707372 0.207692 0.741987 0.149359 0.720192 0.126923 0.747115 0.152564 0.808654 0.182692 0.908654 0.198718 0.975321 0.216667 0.991987 0.273077 0.975321 0.298077 0.970192 0.332692 0.898397 0.328846 0.830449 0.296154 0.802244 0.265385 0.813782 0.264103 0.780449 0.26859 0.721474 0.232692 0.704808 0.213462 0.694551
0 0.573718 0.609936 0.565385 0.685577 0.535897 0.748397 0.514103 0.80609 0.505769 0.848397 0.530128 0.840705 0.571154 0.826603 0.609615 0.779167 0.616667 0.739423 0.657051 0.639423 0.691667 0.593269 0.717308 0.597115 0.754487 0.558654 0.708974 0.550962 0.658333 0.570192 0.621154 0.585577 0.583333 0.580449
0 0.502564 0.259936 0.483974 0.316346 0.507051 0.341987 0.541667 0.334295 0.526923 0.413782 0.517308 0.438141 0.516667 0.498397 0.553846 0.498397 0.571154 0.488141 0.605769 0.416346 0.608333 0.390705 0.566667 0.352244 0.569872 0.294551 0.540385 0.290705
0 0.941026 0.021474 0.925641 0.047115 0.904487 0.084295 0.920513 0.161218 0.928846 0.172756 0.954487 0.200962 0.982692 0.180449 0.997436 0.180449 0.992949 0.122756 0.987179 0.076603 0.987179 0.031731 0.966667 0.009936 0.948718 0.00609
0 0.007051 0.417628 0.010897 0.494551 0.028846 0.524038 0.026282 0.577885 0.017949 0.620192 0.003846 0.649679 0.002564 0.466346
0 0.728205 0.730449 0.694231 0.744551 0.659615 0.708654 0.667949 0.791987 0.702564 0.825321 0.726282 0.859936 0.745513 0.877885 0.776923 0.816346 0.783974 0.759936 0.769231 0.739423 0.749359 0.722756
