0 0.844231 0.241987 0.8 0.270192 0.741026 0.283013 0.741026 0.297115 0.763462 0.371474 0.787821 0.441987 0.812179 0.463782 0.859615 0.485577 0.929487 0.465064 0.952564 0.449679 0.987179 0.353526 0.930128 0.336859 0.917308 0.285577 0.951282 0.261218 0.960256 0.184295 0.932692 0.172756 0.878846 0.247115
0 0.847436 0.009936 0.870513 0.05609 0.900641 0.054808 0.939103 0.031731 0.944872 0.008654
0 0.473718 0.004808 0.441667 0.098397 0.433333 0.165064 0.444872 0.186859 0.503846 0.199679 0.529487 0.159936 0.55641 0.090705 0.566667 0.070192 0.605128 0.077885 0.626282 0.089423 0.635897 0.065064 0.646154 0.024038 0.651923 0.008654
0 0.003205 0.174038 0.058333 0.11891 0.057692 0.067628 0.089103 0.05609 0.123077 0.050962 0.139103 0.0625 0.155769 0.038141 0.15641 0.004808 0.001923 0.007372
0 0.010256 0.324038 0.051282 0.365064 0.088462 0.421474 0.117308 0.561218 0.117949 0.607372 0.086538 0.761218 0.058333 0.81891 0.058974 0.872756 0.1 0.904808 0.148077 0.889423 0.163462 0.807372 0.192949 0.757372 0.215385 0.659936 0.169872 0.61891 0.148077 0.567628 0.146154 0.536859 0.160256 0.421474 0.161538 0.354808 0.163462 0.291987 0.110256 0.265064 0.085256 0.267628 0.030769 0.286859 0.008974 0.294551
0 0.270513 0.454808 0.265385 0.559936 0.254487 0.649679 0.236538 0.75609 0.242308 0.815064 0.264103 0.836859 0.282051 0.813782 0.312179 0.754808 0.319231 0.731731 0.366026 0.794551 0.416667 0.825321 0.447436 0.808654 0.455769 0.711218 0.473077 0.675321 0.535256 0.648397 0.56859 0.581731 0.517308 0.531731 0.447436 0.571474 0.429487 0.595833 0.389744 0.616346 0.36859 0.567628 0.339744 0.458654 0.320513 0.434295 0.291026 0.438141
0 0.626282 0.708654 0.584615 0.709936 0.548718 0.745833 0.539744 0.743269 0.530769 0.734295 0.522436 0.847115 0.517949 0.879167 0.525 0.900962 0.539103 0.943269 0.573077 0.890705 0.592949 0.908654 0.598077 0.926603 0.596795 0.967628 0.622436 0.971474 0.639744 0.952244 0.633333 0.844551 0.648077 0.780449 0.641667 0.733013
0 0.551282 0.393269 0.558974 0.480449 0.619231 0.449679 0.645513 0.415064 0.626282 0.530449 0.616667 0.577885 0.651282 0.630449 0.7 0.666346 0.714744 0.700962 0.703205 0.608654 0.701923 0.511218 0.688462 0.458654 0.691667 0.411218 0.684615 0.348397 0.644872 0.267628 0.596154 0.220192 0.562821 0.238141 0.550641 0.2625 0.542308 0.315064
0 0.788462 0.735577 0.771795 0.76891 0.751923 0.834295 0.753846 0.865064 0.797436 0.900962 0.830769 0.953526 0.841667 0.972756 0.875 0.949679 0.886538 0.858654 0.883333 0.799679 0.839103 0.731731 0.797436 0.736859
0 0.924359 0.55609 0.898718 0.579167 0.894872 0.617628 0.907692 0.681731 0.928846 0.679167 0.947436 0.609936 0.955769 0.571474
