0 0.086538 0.01891 0.089744 0.077885 0.088462 0.124038 0.103205 0.161218 0.154487 0.167628 0.172436 0.195833 0.196154 0.176603 0.187179 0.161218 0.180769 0.127885 0.174359 0.094551 0.194231 0.00609 0.090385 0.003526
0 0.359615 0.088141 0.35 0.144551 0.334615 0.215064 0.307051 0.227885 0.348718 0.272756 0.366026 0.298397 0.383333 0.303526 0.387821 0.263782 0.421795 0.229167 0.436538 0.177885 0.445513 0.099679 0.439103 0.030449 0.419872 0.071474 0.385256 0.083013
0 0.205769 0.424038 0.18141 0.475321 0.160897 0.548397 0.210897 0.627885 0.248077 0.647115 0.275 0.586859 0.28141 0.529167 0.267949 0.429167 0.232692 0.40609 0.210256 0.400962
0 0.004487 0.447115 0.032051 0.444551 0.05641 0.471474 0.083333 0.521474 0.084615 0.545833 0.064744 0.599679 0.069872 0.620192 0.096154 0.648397 0.098718 0.709936 0.075641 0.759936 0.042308 0.725321 0.014103 0.676603 0.014103 0.599679 0.021795 0.590705 0.008974 0.554808 0.000641 0.549679 0.002564 0.463782
0 0.141026 0.570192 0.125 0.615064 0.117308 0.653526 0.141026 0.657372 0.144231 0.688141 0.137821 0.709936 0.163462 0.767628 0.179487 0.75609 0.194231 0.736859 0.203205 0.703526 0.211538 0.675321 0.198077 0.643269 0.174359 0.627885 0.149359 0.576603
0 0.371795 0.352244 0.399359 0.417628 0.420513 0.447115 0.44359 0.463782 0.478846 0.4625 0.502564 0.454808 0.512821 0.411218 0.512821 0.339423 0.541026 0.313782 0.563462 0.288141 0.655128 0.26891 0.707692 0.236859 0.723718 0.215064 0.725641 0.170192 0.705128 0.094551 0.705128 0.0125 0.657692 0.011218 0.64359 0.083013 0.662821 0.083013 0.662821 0.117628 0.635897 0.138141 0.60641 0.172756 0.578205 0.190705 0.521795 0.170192 0.479487 0.152244 0.466667 0.180449 0.478846 0.227885 0.455128 0.277885 0.471795 0.31891 0.448718 0.344551 0.414744 0.341987 0.391026 0.307372
0 0.799359 0.024038 0.798718 0.077885 0.78141 0.148397 0.751282 0.16891 0.739103 0.150962 0.780769 0.290705 0.79359 0.302244 0.841667 0.283013 0.907051 0.190705 0.930769 0.098397 0.93141 0.002244 0.807051 0.004808
0 0.53141 0.499679 0.523718 0.526603 0.495513 0.545833 0.450641 0.56891 0.458974 0.624038 0.457692 0.683013 0.464744 0.722756 0.482051 0.711218 0.507692 0.703526 0.549359 0.629167 0.546795 0.513782 0.535256 0.483013
0 0.626282 0.659936 0.620513 0.675321 0.590385 0.799679 0.573077 0.817628 0.517949 0.7625 0.503846 0.772756 0.517308 0.859936 0.532692 0.895833 0.536538 0.930449 0.534615 0.950962 0.544231 0.991987 0.612179 0.991987 0.621154 0.920192 0.653205 0.845833 0.669231 0.815064 0.694231 0.790705 0.695513 0.7625 0.686538 0.7125 0.66859 0.679167 0.648718 0.661218 0.633333 0.654808
0 0.760256 0.545833 0.759615 0.579167 0.733333 0.604808 0.774359 0.665064 0.775 0.715064 0.766667 0.739423 0.744231 0.729167 0.758333 0.772756 0.771795 0.786859 0.798077 0.76891 0.823718 0.811218 0.83141 0.800962 0.826923 0.713782 0.854487 0.677885 0.867308 0.735577 0.853846 0.774038 0.841667 0.807372 0.802564 0.883013 0.828205 0.953526 0.841667 0.944551 0.878846 0.947115 0.907051 0.921474 0.922436 0.857372 0.919872 0.799679 0.932692 0.693269 0.926282 0.675321 0.908974 0.665064 0.916667 0.622756 0.890385 0.561218 0.866667 0.550962 0.848077 0.599679 0.836538 0.611218 0.822436 0.571474 0.805769 0.558654 0.783333 0.565064
0 0.953846 0.797115 0.946795 0.875321 0.941026 0.908654 0.963462 0.967628 0.995513 0.975321 0.994872 0.788141 0.986538 0.816346 0.966667 0.800962
0 0.310256 0.948397 0.295513 0.990705 0.355128 0.993269 0.337821 0.9625 0.326923 0.952244 0.322436 0.949679
0 0.685897 0.367628 0.661538 0.454808 0.663462 0.524038 0.707692 0.515064 0.710897 0.520192 0.725 0.543269 0.730769 0.517628 0.736538 0.476603 0.730128 0.433013 0.750641 0.4625 0.774359 0.4625 0.787179 0.466346 0.792308 0.388141 0.766026 0.36891 0.73141 0.363782 0.705769 0.367628
