0 0.073077 0.024038 0.075641 0.072756 0.08141 0.103526 0.089103 0.175321 0.105769 0.215064 0.116667 0.216346 0.154487 0.194551 0.160256 0.208654 0.140385 0.263782 0.125641 0.290705 0.112179 0.295833 0.133974 0.343269 0.162179 0.393269 0.175641 0.435577 0.196154 0.439423 0.199359 0.367628 0.210897 0.290705 0.228846 0.209936 0.228205 0.167628 0.197436 0.131731 0.178205 0.133013 0.174359 0.098397 0.189103 0.045833 0.189103 0.004808 0.075 0.00609
0 0.259615 0.017628 0.287821 0.049679 0.303205 0.086859 0.307051 0.117628 0.314744 0.231731 0.321154 0.26891 0.339744 0.25609 0.365385 0.221474 0.388462 0.198397 0.4 0.166346 0.413462 0.124038 0.419872 0.00609 0.267949 0.008654
0 0.099359 0.497115 0.094872 0.577885 0.088462 0.647115 0.084615 0.684295 0.088462 0.716346 0.098077 0.734295 0.14359 0.750962 0.167308 0.731731 0.182051 0.685577 0.191026 0.639423 0.196154 0.593269 0.205128 0.554808 0.194231 0.524038 0.170513 0.490705 0.155769 0.463782 0.129487 0.486859
0 0.004487 0.5125 0.021795 0.554808 0.032692 0.547115 0.048077 0.566346 0.060897 0.611218 0.059615 0.716346 0.042949 0.736859 0.003846 0.797115
0 0.172436 0.776603 0.194231 0.809936 0.18141 0.847115 0.18141 0.85609 0.21859 0.909936 0.222436 0.911218 0.234615 0.8625 0.232692 0.811218 0.194872 0.759936 0.183333 0.75609
0 0.35 0.750962 0.314744 0.807372 0.294872 0.852244 0.296154 0.875321 0.309615 0.879167 0.360897 0.933013 0.398718 0.854808 0.4 0.8125 0.373077 0.780449 0.353205 0.763782
0 0.497436 0.644551 0.489103 0.71891 0.488462 0.75609 0.487821 0.786859 0.530769 0.772756 0.557051 0.766346 0.603205 0.759936 0.633333 0.76891 0.682051 0.80609 0.691026 0.753526 0.707051 0.681731 0.711538 0.645833 0.704487 0.613782 0.64359 0.594551 0.591026 0.609936 0.55 0.620192 0.514103 0.627885
0 0.466667 0.338141 0.455769 0.383013 0.491667 0.400962 0.484615 0.436859 0.475641 0.459936 0.449359 0.465064 0.438462 0.483013 0.439744 0.543269 0.467308 0.557372 0.50641 0.548397 0.537179 0.502244 0.576282 0.452244 0.610897 0.404808 0.630769 0.357372 0.633333 0.315064 0.567949 0.253526 0.522436 0.286859 0.508974 0.321474 0.483974 0.338141
0 0.626923 0.434295 0.65 0.408654 0.732051 0.321474 0.744231 0.329167 0.787179 0.365064 0.804487 0.383013 0.821795 0.407372 0.851923 0.465064 0.841667 0.513782 0.819872 0.554808 0.767308 0.566346 0.729487 0.513782 0.707692 0.445833 0.703205 0.439423 0.666026 0.483013 0.652564 0.467628
0 0.502564 0.021474 0.526923 0.067628 0.510897 0.138141 0.544231 0.188141 0.555769 0.213782 0.588462 0.121474 0.590385 0.070192 0.601923 0.007372 0.503205 0.007372
0 0.654487 0.029167 0.639103 0.053526 0.633974 0.067628 0.632692 0.097115 0.614103 0.117628 0.611538 0.113782 0.614103 0.149679 0.621795 0.158654 0.655128 0.167628 0.692949 0.157372 0.703846 0.089423 0.703205 0.052244 0.695513 0.004808 0.662821 0.007372
0 0.813462 0.044551 0.773077 0.075321 0.757692 0.089423 0.744872 0.102244 0.780128 0.122756 0.776923 0.16891 0.776923 0.184295 0.788462 0.189423 0.798077 0.174038 0.812179 0.140705 0.819231 0.11891 0.846154 0.094551 0.861538 0.090705 0.875 0.085577 0.863462 0.058654 0.840385 0.043269
0 0.887821 0.020192 0.880769 0.049679 0.888462 0.093269 0.896795 0.120192 0.902564 0.121474 0.921795 0.130449 0.940385 0.166346 0.933974 0.194551 0.948718 0.191987 0.962179 0.158654 0.951923 0.075321 0.951282 0.034295 0.942308 0.094551 0.929487 0.124038 0.908974 0.103526 0.903205 0.088141 0.907692 0.052244 0.911538 0.027885 0.904487 0.009936
0 0.876923 0.220192 0.851282 0.261218 0.840385 0.2625 0.807051 0.267628 0.795513 0.271474 0.792949 0.294551 0.828205 0.333013 0.824359 0.349679 0.851282 0.345833 0.866026 0.329167 0.885256 0.286859 0.907692 0.257372 0.908333 0.235577 0.896154 0.226603
0 0.992949 0.258654 0.976923 0.311218 0.938462 0.472756 0.942308 0.522756 0.967949 0.530449 0.980769 0.567628 0.977564 0.598397 0.987179 0.6125 0.996154 0.620192 0.997436 0.277885
0 0.886538 0.715064 0.857051 0.770192 0.855769 0.790705 0.872436 0.800962 0.917308 0.776603 0.925641 0.747115 0.916026 0.730449 0.895513 0.720192
