0 0.060256 0.022756 0.066667 0.103526 0.073077 0.153526 0.065385 0.158654 0.048718 0.141987 0.042949 0.136859 0.020513 0.15609 0.00641 0.197115 0.008974 0.257372 0.027564 0.300962 0.054487 0.35609 0.092308 0.384295 0.141667 0.372756 0.153846 0.326603 0.171154 0.275321 0.182051 0.220192 0.188462 0.174038 0.178846 0.129167 0.167308 0.103526 0.164103 0.06891 0.146154 0.008654 0.064103 0.003526
0 0.207051 0.145833 0.19359 0.172756 0.184615 0.217628 0.186538 0.248397 0.200641 0.302244 0.213462 0.350962 0.237179 0.371474 0.252564 0.386859 0.274359 0.381731 0.297436 0.324038 0.317308 0.277885 0.319231 0.230449 0.31859 0.175321 0.325641 0.149679 0.328846 0.093269 0.334615 0.059936 0.387821 0.008654 0.189103 0.00609 0.194872 0.052244 0.207051 0.077885 0.219231 0.034295 0.247436 0.038141 0.249359 0.088141 0.242949 0.141987 0.221154 0.143269
0 0.465385 0.026603 0.478205 0.089423 0.491026 0.172756 0.491026 0.222756 0.486538 0.250962 0.465385 0.386859 0.485897 0.409936 0.549359 0.467628 0.569872 0.467628 0.596795 0.404808 0.595513 0.3625 0.588462 0.324038 0.6 0.290705 0.599359 0.244551 0.59359 0.200962 0.571795 0.208654 0.546795 0.226603 0.522436 0.209936 0.525 0.1625 0.520513 0.088141 0.53141 0.077885 0.562821 0.120192 0.585897 0.1125 0.614744 0.085577 0.646154 0.097115 0.687821 0.10609 0.701282 0.039423 0.688462 0.00609 0.471154 0.004808
0 0.805128 0.121474 0.812821 0.172756 0.807051 0.224038 0.801282 0.252244 0.850641 0.304808 0.887821 0.30609 0.904487 0.280449 0.905769 0.193269 0.870513 0.167628 0.857051 0.150962 0.848077 0.103526 0.839744 0.090705 0.808974 0.108654
0 0.689103 0.402244 0.658974 0.452244 0.61859 0.483013 0.608974 0.530449 0.607051 0.576603 0.607051 0.615064 0.628205 0.671474 0.646795 0.736859 0.673718 0.85609 0.676923 0.908654 0.689103 0.929167 0.744872 0.921474 0.758333 0.852244 0.769231 0.797115 0.761538 0.748397 0.733974 0.739423 0.713462 0.748397 0.694872 0.721474 0.689103 0.690705 0.689103 0.665064 0.719872 0.580449 0.733974 0.553526 0.751923 0.538141 0.751923 0.486859 0.752564 0.429167 0.711538 0.40609
0 0.376282 0.371474 0.355128 0.422756 0.351923 0.449679 0.332051 0.475321 0.340385 0.520192 0.348077 0.5625 0.361538 0.591987 0.391667 0.591987 0.419872 0.526603 0.412179 0.50609 0.38141 0.511218 0.371795 0.477885 0.376282 0.441987 0.392949 0.435577 0.407692 0.452244 0.429487 0.452244 0.444872 0.431731 0.433333 0.381731 0.405128 0.36891
0 0.432692 0.074038 0.444872 0.159936 0.444231 0.204808 0.453846 0.236859 0.466026 0.250962 0.477564 0.229167 0.483333 0.20609 0.476282 0.167628 0.464103 0.139423 0.469231 0.085577 0.453205 0.067628
0 0.148077 0.50609 0.136538 0.525321 0.133333 0.553526 0.145513 0.584295 0.164103 0.598397 0.176282 0.603526 0.185897 0.629167 0.213462 0.620192 0.232051 0.586859 0.25 0.621474 0.246154 0.657372 0.271154 0.694551 0.308974 0.658654 0.316026 0.633013 0.296154 0.583013 0.280128 0.559936 0.278205 0.508654 0.277564 0.490705 0.257692 0.498397 0.246154 0.534295 0.238462 0.513782 0.238462 0.461218 0.211538 0.45609 0.189103 0.483013 0.173718 0.50609
0 0.014103 0.55609 0.016667 0.486859 0.033974 0.485577 0.062179 0.500962 0.089103 0.497115 0.096795 0.491987 0.101923 0.540705 0.108333 0.566346 0.115385 0.585577 0.123077 0.593269 0.132692 0.625321 0.112821 0.683013 0.097436 0.70609 0.084615 0.716346 0.067949 0.707372 0.055769 0.740705 0.055128 0.774038 0.085256 0.80609 0.101923 0.776603 0.138462 0.771474 0.147436 0.76891 0.169872 0.811218 0.171154 0.850962 0.150641 0.881731 0.126923 0.90609 0.117308 0.921474 0.087179 0.890705 0.066667 0.859936 0.037821 0.843269 0.0 0.867628 0.002564 0.572756
0 0.327564 0.702244 0.310897 0.734295 0.307692 0.771474 0.315385 0.809936 0.320513 0.844551 0.353846 0.825321 0.353205 0.730449 0.342949 0.699679
0 0.335897 0.943269 0.329487 0.971474 0.328205 0.990705 0.382692 0.995833 0.370513 0.9625 0.352564 0.949679
0 0.403205 0.691987 0.405128 0.789423 0.425641 0.866346 0.430128 0.86891 0.462179 0.879167 0.507692 0.829167 0.541026 0.776603 0.559615 0.724038 0.529487 0.676603 0.483974 0.609936 0.444872 0.6125 0.435256 0.691987 0.428205 0.702244 0.410256 0.693269
0 0.616026 0.776603 0.567308 0.830449 0.562179 0.854808 0.585897 0.898397 0.60641 0.902244 0.625641 0.907372 0.644872 0.861218 0.647436 0.811218
0 0.844872 0.624038 0.834615 0.654808 0.861538 0.707372 0.878846 0.713782 0.902564 0.679167 0.902564 0.611218 0.867308 0.639423 0.851282 0.61891
0 0.975 0.200962 0.945513 0.235577 0.953846 0.283013 0.975 0.302244 0.986538 0.285577 0.989103 0.227885
0 0.988462 0.950962 0.971154 0.959936 0.959615 0.977885 0.960256 0.995833 0.998077 0.994551 0.998718 0.958654
0 0.876282 0.866346 0.862821 0.908654 0.862821 0.931731 0.875 0.929167 0.889103 0.911218 0.889103 0.861218 0.88141 0.848397
