0 0.183333 0.053526 0.18141 0.167628 0.198077 0.233013 0.221795 0.303526 0.23141 0.334295 0.260897 0.352244 0.276923 0.358654 0.288462 0.299679 0.284615 0.247115 0.278205 0.209936 0.29359 0.227885 0.312821 0.291987 0.317949 0.315064 0.341026 0.320192 0.357051 0.280449 0.340385 0.186859 0.35641 0.163782 0.367949 0.243269 0.380128 0.259936 0.382051 0.143269 0.353846 0.100962 0.341667 0.044551 0.291026 0.016346 0.221795 0.021474 0.194231 0.026603
0 0.520513 0.166346 0.501923 0.25609 0.501923 0.339423 0.538462 0.407372 0.555128 0.421474 0.571154 0.431731 0.610256 0.345833 0.585256 0.252244 0.564103 0.213782 0.585256 0.167628 0.563462 0.148397 0.521154 0.147115
0 0.266026 0.448397 0.253846 0.503526 0.271795 0.567628 0.289103 0.56891 0.312821 0.549679 0.323077 0.517628 0.313462 0.4625 0.289744 0.454808 0.280769 0.449679
0 0.294231 0.715064 0.273077 0.739423 0.290385 0.771474 0.257692 0.76891 0.251923 0.781731 0.241026 0.853526 0.241026 0.879167 0.276282 0.883013 0.296795 0.858654 0.319872 0.881731 0.360897 0.904808 0.40641 0.935577 0.439744 0.957372 0.483974 0.936859 0.505128 0.891987 0.489744 0.817628 0.444231 0.820192 0.414744 0.840705 0.404487 0.808654 0.375641 0.754808 0.383974 0.713782 0.339744 0.703526 0.305128 0.698397
0 0.477564 0.520192 0.462179 0.557372 0.472436 0.585577 0.535897 0.603526 0.560256 0.604808 0.565385 0.565064 0.527564 0.541987 0.501923 0.525321
0 0.601923 0.631731 0.575641 0.694551 0.601923 0.743269 0.600641 0.789423 0.564744 0.803526 0.540385 0.824038 0.578205 0.877885 0.592308 0.898397 0.622436 0.891987 0.644231 0.885577 0.653205 0.838141 0.678846 0.763782 0.678846 0.740705 0.683333 0.670192 0.676923 0.630449 0.651282 0.641987 0.621154 0.624038 0.609615 0.640705
0 0.726923 0.6125 0.714103 0.680449 0.712821 0.715064 0.737179 0.726603 0.755128 0.743269 0.777564 0.71891 0.801923 0.698397 0.813462 0.683013 0.810897 0.645833 0.777564 0.640705 0.763462 0.629167
0 0.826282 0.402244 0.807692 0.4625 0.805769 0.499679 0.819872 0.586859 0.833974 0.615064 0.841026 0.635577 0.857692 0.60609 0.842949 0.522756 0.839744 0.46891 0.848077 0.424038 0.845513 0.404808
0 0.945513 0.36891 0.927564 0.408654 0.923718 0.448397 0.930769 0.484295 0.949359 0.50609 0.972436 0.481731 0.989103 0.472756 0.996154 0.465064 0.996795 0.385577 0.973077 0.389423 0.961538 0.386859
0 0.714744 0.425321 0.682692 0.463782 0.682051 0.483013 0.684615 0.535577 0.684615 0.561218 0.687821 0.575321 0.697436 0.565064 0.714744 0.504808 0.746795 0.474038 0.749359 0.445833 0.75 0.436859 0.730769 0.426603
0 0.76859 0.883013 0.75641 0.926603 0.767308 0.959936 0.766026 0.970192 0.755769 0.994551 0.907692 0.993269 0.925 0.950962 0.917308 0.924038 0.888462 0.913782 0.854487 0.931731 0.839103 0.935577 0.819231 0.888141 0.788462 0.880449
0 0.002564 0.844551 0.023077 0.857372 0.037821 0.861218 0.057051 0.854808 0.069231 0.866346 0.090385 0.909936 0.095513 0.934295 0.084615 0.993269 0.003846 0.991987
0 0.15 0.713782 0.146154 0.771474 0.137821 0.80609 0.134615 0.826603 0.130769 0.872756 0.128205 0.904808 0.125 0.922756 0.142949 0.925321 0.157692 0.884295 0.164103 0.850962 0.176923 0.820192 0.166667 0.767628 0.165385 0.738141 0.178846 0.729167 0.203846 0.729167 0.225641 0.70609 0.234615 0.672756 0.233974 0.644551 0.207051 0.626603 0.19359 0.6625 0.178846 0.689423 0.163462 0.695833
