0 0.885256 0.016346 0.838462 0.049679 0.832051 0.104808 0.866667 0.179167 0.889744 0.20609 0.898077 0.26891 0.93141 0.317628 0.996795 0.426603 0.997436 0.007372 0.890385 0.007372
0 0.741026 0.120192 0.696154 0.184295 0.696154 0.245833 0.705769 0.300962 0.700641 0.345833 0.703846 0.349679 0.722436 0.335577 0.723077 0.315064 0.723077 0.271474 0.737179 0.2625 0.754487 0.247115 0.766026 0.215064 0.776282 0.174038 0.780769 0.154808 0.765385 0.133013
0 0.592949 0.248397 0.551282 0.274038 0.576282 0.358654 0.576923 0.383013 0.575 0.4125 0.621154 0.388141 0.639103 0.389423 0.649359 0.370192 0.657051 0.329167 0.655128 0.317628 0.619872 0.259936 0.60641 0.252244
0 0.577564 0.471474 0.541026 0.484295 0.487821 0.535577 0.44359 0.590705 0.423077 0.654808 0.419231 0.740705 0.435256 0.81891 0.428846 0.886859 0.432051 0.908654 0.475 0.930449 0.513462 0.838141 0.498077 0.777885 0.502564 0.711218 0.509615 0.694551 0.532692 0.659936 0.563462 0.635577 0.576923 0.604808 0.587821 0.489423
0 0.638462 0.407372 0.632692 0.46891 0.650641 0.548397 0.662821 0.595833 0.69359 0.585577 0.741667 0.563782 0.788462 0.553526 0.796154 0.586859 0.769872 0.7125 0.770513 0.744551 0.811538 0.780449 0.849359 0.698397 0.871795 0.641987 0.851923 0.521474 0.862821 0.390705 0.832051 0.348397 0.767949 0.374038 0.75641 0.391987 0.732692 0.399679 0.682051 0.397115
0 0.111538 0.009936 0.1 0.036859 0.073718 0.047115 0.051282 0.0625 0.004487 0.061218 0.002564 0.199679 0.053846 0.209936 0.065385 0.190705 0.119872 0.150962 0.154487 0.111218 0.161538 0.075321 0.214744 0.039423 0.226923 0.007372 0.125641 0.009936
0 0.089103 0.465064 0.078205 0.485577 0.053846 0.489423 0.05 0.521474 0.051923 0.576603 0.057051 0.607372 0.064103 0.636859 0.091667 0.665064 0.096154 0.686859 0.13141 0.740705 0.15 0.75609 0.154487 0.71891 0.150641 0.648397 0.176923 0.625321 0.183974 0.683013 0.211538 0.633013 0.205769 0.595833 0.172436 0.536859 0.138462 0.535577 0.129487 0.51891 0.112821 0.483013 0.101282 0.45609
0 0.2 0.288141 0.203205 0.361218 0.214744 0.386859 0.221154 0.389423 0.237821 0.375321 0.264103 0.309936 0.264103 0.259936 0.246154 0.274038 0.221795 0.295833
0 0.542949 0.797115 0.551282 0.895833 0.537821 0.939423 0.544231 0.991987 0.591026 0.974038 0.6 0.900962 0.640385 0.917628 0.654487 0.908654 0.613462 0.790705 0.565385 0.793269
0 0.895513 0.61891 0.873077 0.741987 0.863462 0.772756 0.84359 0.791987 0.836538 0.815064 0.835256 0.8625 0.810256 0.890705 0.816026 0.921474 0.838462 0.985577 0.862821 0.981731 0.886538 0.936859 0.901923 0.975321 0.926282 0.985577 0.958974 0.971474 0.98141 0.909936 0.983974 0.870192 0.970513 0.827885 0.930769 0.822756 0.91859 0.702244 0.909615 0.677885 0.929487 0.648397 0.912179 0.617628 0.903205 0.602244
