0 0.598077 0.180449 0.6 0.221474 0.614744 0.26891 0.632692 0.330449 0.657051 0.347115 0.683974 0.350962 0.696795 0.390705 0.741026 0.402244 0.762821 0.408654 0.788462 0.352244 0.785256 0.288141 0.701282 0.186859 0.65 0.159936 0.608974 0.179167
0 0.544231 0.315064 0.51859 0.379167 0.494872 0.389423 0.501282 0.465064 0.491026 0.493269 0.46859 0.508654 0.428846 0.529167 0.403205 0.572756 0.405769 0.634295 0.414744 0.671474 0.490385 0.704808 0.517308 0.747115 0.521154 0.784295 0.591026 0.795833 0.609615 0.757372 0.588462 0.686859 0.585256 0.617628 0.575641 0.50609 0.576282 0.407372 0.564103 0.333013
0 0.788462 0.584295 0.767949 0.617628 0.767308 0.7625 0.762821 0.8125 0.725 0.829167 0.700641 0.861218 0.66859 0.888141 0.662179 0.922756 0.653846 0.989423 0.824359 0.995833 0.846154 0.961218 0.851923 0.902244 0.873077 0.802244 0.9 0.784295 0.911538 0.717628 0.89359 0.670192 0.885256 0.603526 0.828846 0.61891 0.808974 0.615064 0.801923 0.559936
0 0.973718 0.598397 0.949359 0.607372 0.921154 0.625321 0.964744 0.7125 0.998718 0.750962 0.994872 0.588141
0 0.425 0.147115 0.401923 0.20609 0.412821 0.290705 0.430128 0.295833 0.453846 0.261218 0.45641 0.202244 0.455769 0.1625
0 0.166667 0.095833 0.146795 0.120192 0.107051 0.134295 0.095513 0.250962 0.078205 0.320192 0.065385 0.385577 0.089744 0.424038 0.116026 0.5125 0.149359 0.520192 0.171154 0.454808 0.174359 0.307372 0.19359 0.243269 0.200641 0.20609 0.195513 0.134295 0.207051 0.135577 0.226282 0.224038 0.247436 0.3125 0.271154 0.325321 0.294231 0.285577 0.297436 0.229167 0.305128 0.130449 0.298718 0.072756 0.226282 0.067628 0.18141 0.05609
0 0.003846 0.083013 0.025 0.10609 0.058333 0.143269 0.082051 0.227885 0.064103 0.274038 0.027564 0.26891 0.003846 0.249679
0 0.005128 0.366346 0.014744 0.400962 0.028205 0.447115 0.033333 0.463782 0.015385 0.503526 0.001923 0.499679 0.000641 0.393269
0 0.016667 0.594551 0.042308 0.597115 0.061538 0.56891 0.067308 0.61891 0.094872 0.61891 0.107692 0.627885 0.123077 0.643269 0.107692 0.724038 0.092308 0.744551 0.05641 0.703526 0.002564 0.672756 0.001923 0.638141
0 0.222436 0.479167 0.202564 0.522756 0.194231 0.5625 0.186538 0.604808 0.194231 0.635577 0.203205 0.593269 0.225641 0.566346 0.251282 0.527885 0.260256 0.486859 0.239103 0.474038
0 0.205769 0.820192 0.191667 0.875321 0.192308 0.904808 0.20641 0.922756 0.214103 0.933013 0.227564 0.917628 0.237179 0.852244 0.219872 0.822756
0 0.260256 0.699679 0.260897 0.749679 0.26859 0.76891 0.280769 0.780449 0.295513 0.786859 0.321795 0.770192 0.312179 0.711218 0.307051 0.683013 0.275641 0.704808
0 0.298718 0.949679 0.328846 0.967628 0.352564 0.959936 0.377564 0.95609 0.376282 0.995833 0.287179 0.991987 0.296795 0.972756
0 0.388462 0.829167 0.412821 0.858654 0.43141 0.857372 0.441026 0.8625 0.420513 0.902244 0.411538 0.931731 0.423077 0.991987 0.573718 0.993269 0.574359 0.972756 0.542308 0.933013 0.532051 0.90609 0.50641 0.863782 0.474359 0.859936 0.463462 0.799679 0.45641 0.789423 0.435897 0.748397 0.398718 0.808654
0 0.585256 0.91891 0.610897 0.91891 0.626923 0.909936 0.642308 0.945833 0.610256 0.985577 0.590385 0.991987 0.585897 0.959936
0 0.983974 0.20609 0.978205 0.230449 0.95641 0.276603 0.953846 0.317628 0.954487 0.331731 0.971154 0.345833 0.980128 0.377885 0.996795 0.393269 0.994872 0.199679
