0 0.657051 0.0125 0.639744 0.035577 0.625641 0.0625 0.634615 0.100962 0.65641 0.138141 0.667308 0.130449 0.675 0.047115 0.692949 0.031731 0.701923 0.007372 0.665385 0.003526
0 0.715385 0.021474 0.691026 0.044551 0.698077 0.111218 0.701282 0.135577 0.70641 0.190705 0.73141 0.211218 0.773077 0.154808 0.786538 0.120192 0.802564 0.074038 0.791667 0.013782 0.733974 0.015064
0 0.872436 0.034295 0.858333 0.130449 0.85 0.189423 0.857692 0.233013 0.879487 0.266346 0.896795 0.281731 0.909615 0.325321 0.93141 0.349679 0.960256 0.321474 0.966026 0.236859 0.971154 0.148397 0.967308 0.089423 0.960897 0.050962 0.932051 0.052244 0.889103 0.095833 0.880128 0.057372 0.876282 0.044551
0 0.626923 0.171474 0.602564 0.200962 0.582692 0.224038 0.541667 0.259936 0.571795 0.291987 0.571154 0.326603 0.571795 0.370192 0.552564 0.379167 0.576282 0.404808 0.598077 0.431731 0.642949 0.459936 0.659615 0.471474 0.705769 0.424038 0.719231 0.36891 0.70641 0.350962 0.675 0.326603 0.664103 0.280449 0.662821 0.253526 0.683333 0.231731 0.671154 0.193269 0.657692 0.170192 0.641026 0.16891
0 0.458333 0.159936 0.43141 0.239423 0.433333 0.280449 0.453205 0.299679 0.461538 0.304808 0.448077 0.344551 0.453205 0.429167 0.453205 0.452244 0.467949 0.475321 0.48141 0.500962 0.49359 0.531731 0.512821 0.561218 0.523077 0.576603 0.557051 0.583013 0.582692 0.575321 0.585897 0.544551 0.564744 0.509936 0.570513 0.424038 0.545513 0.376603 0.523077 0.416346 0.524359 0.370192 0.523718 0.358654 0.523718 0.297115 0.50641 0.288141 0.494231 0.293269 0.482051 0.254808 0.483974 0.226603 0.5 0.199679 0.504487 0.183013 0.463462 0.148397
0 0.404487 0.416346 0.380128 0.429167 0.354487 0.447115 0.351923 0.471474 0.358974 0.557372 0.366026 0.593269 0.369872 0.675321 0.372436 0.752244 0.357051 0.799679 0.349359 0.880449 0.373077 0.900962 0.403846 0.961218 0.426282 0.971474 0.455769 0.954808 0.467308 0.890705 0.475641 0.863782 0.467949 0.830449 0.472436 0.776603 0.486538 0.734295 0.471795 0.666346 0.429487 0.703526 0.410897 0.713782 0.4 0.693269 0.399359 0.629167 0.399359 0.585577 0.400641 0.5625 0.425641 0.575321 0.45 0.616346 0.462179 0.620192 0.485897 0.504808 0.460256 0.485577 0.439744 0.497115 0.410256 0.493269 0.408333 0.477885
0 0.683974 0.595833 0.687179 0.657372 0.678846 0.695833 0.690385 0.727885 0.729487 0.795833 0.752564 0.790705 0.78141 0.753526 0.778846 0.690705 0.753205 0.659936 0.729487 0.639423 0.723077 0.586859 0.707692 0.567628
0 0.85641 0.688141 0.834615 0.709936 0.815385 0.725321 0.828846 0.744551 0.842308 0.780449 0.85641 0.788141 0.876282 0.783013 0.879487 0.740705 0.874359 0.707372
0 0.964103 0.498397 0.940385 0.527885 0.945513 0.581731 0.953846 0.599679 0.962821 0.611218 0.989744 0.608654 0.998077 0.595833 0.998077 0.5125 0.974359 0.498397
0 0.584615 0.870192 0.562821 0.890705 0.551282 0.907372 0.535897 0.909936 0.523077 0.909936 0.510897 0.953526 0.503205 0.994551 0.640385 0.990705 0.633333 0.95609 0.632051 0.930449 0.616667 0.911218 0.608974 0.888141 0.601282 0.875321
0 0.253846 0.26891 0.225641 0.309936 0.205769 0.339423 0.183333 0.398397 0.180128 0.434295 0.176282 0.471474 0.155128 0.484295 0.145513 0.509936 0.144872 0.521474 0.138462 0.530449 0.138462 0.552244 0.125 0.590705 0.127564 0.641987 0.126282 0.65609 0.110256 0.65609 0.094231 0.654808 0.072436 0.645833 0.064744 0.638141 0.046795 0.593269 0.046795 0.540705 0.011538 0.465064 0.003205 0.450962 0.003205 0.858654 0.032692 0.825321 0.053205 0.76891 0.060897 0.729167 0.076923 0.785577 0.085897 0.845833 0.105128 0.859936 0.133333 0.874038 0.148718 0.867628 0.171154 0.836859 0.188462 0.771474 0.194872 0.725321 0.203846 0.658654 0.205769 0.588141 0.217949 0.535577 0.233333 0.522756 0.285897 0.46891 0.298718 0.436859 0.291026 0.36891 0.288462 0.317628 0.278205 0.281731 0.262179 0.2625
0 0.320513 0.572756 0.321154 0.629167 0.325 0.670192 0.333333 0.7125 0.34359 0.747115 0.350641 0.709936 0.357051 0.681731 0.354487 0.643269 0.347436 0.622756 0.35 0.574038 0.341667 0.552244 0.319231 0.557372
0 0.258974 0.845833 0.239744 0.865064 0.230769 0.898397 0.230769 0.922756 0.216667 0.938141 0.216026 0.976603 0.216667 0.991987 0.288462 0.993269 0.264103 0.975321 0.25641 0.948397 0.259615 0.920192 0.267949 0.915064 0.280128 0.940705 0.288462 0.941987 0.305769 0.944551 0.323077 0.922756 0.328846 0.877885 0.319872 0.854808 0.29359 0.850962
0 0.975641 0.859936 0.932051 0.898397 0.908974 0.924038 0.900641 0.943269 0.891026 0.991987 0.996154 0.991987 0.995513 0.844551
0 0.237179 0.01891 0.248077 0.085577 0.278846 0.133013 0.283974 0.202244 0.296795 0.21891 0.328205 0.170192 0.344231 0.129167 0.344231 0.057372 0.335256 0.011218 0.246795 0.007372
0 0.017949 0.261218 0.055128 0.235577 0.075 0.253526 0.057051 0.298397 0.065385 0.325321 0.087821 0.363782 0.096795 0.395833 0.101923 0.425321 0.117308 0.429167 0.125641 0.399679 0.140385 0.424038 0.139744 0.494551 0.135256 0.5125 0.139744 0.525321 0.114103 0.529167 0.091667 0.553526 0.090385 0.581731 0.076923 0.593269 0.057692 0.567628 0.053846 0.522756 0.048718 0.46891 0.037179 0.430449 0.001282 0.421474 0.005128 0.284295
