0 0.759375 0.209037 0.74741 0.221706 0.739668 0.232264 0.735445 0.260769 0.731926 0.283995 0.734037 0.289274 0.761486 0.295608 0.769229 0.286106 0.772044 0.264992 0.781194 0.247044 0.788936 0.230152 0.78964 0.222762 0.770636 0.22065
0 0.738964 0.296664 0.719961 0.296664 0.717849 0.308277 0.713626 0.31989 0.698846 0.316723 0.685473 0.314611 0.697438 0.333615 0.71433 0.345228 0.72348 0.351562 0.729814 0.371622 0.730518 0.388514 0.734037 0.406461 0.748114 0.399071 0.752337 0.375845 0.761486 0.368454 0.766413 0.35473 0.760079 0.332559 0.77134 0.32728 0.784713 0.333615 0.788936 0.349451 0.788936 0.367399 0.811458 0.367399 0.818497 0.360008 0.820608 0.344172 0.809347 0.333615 0.806532 0.313556 0.801605 0.299831 0.788232 0.293497 0.774859 0.304054 0.758671 0.309333 0.749521 0.302998
0 0.879026 0.193201 0.849465 0.196368 0.849465 0.22065 0.873395 0.259713 0.876914 0.280828 0.88536 0.308277 0.898733 0.278716 0.904364 0.301943 0.907179 0.3125 0.926886 0.318834 0.944482 0.306166 0.950816 0.287162 0.955743 0.252323 0.936036 0.237542 0.928998 0.266047 0.916329 0.232264 0.91281 0.190034 0.886768 0.195312
0 0.484882 0.315667 0.471509 0.311444 0.462359 0.315667 0.467286 0.343117 0.469398 0.364231 0.477843 0.392736 0.485586 0.403294 0.503181 0.408573 0.514443 0.393792 0.508812 0.377956 0.498958 0.356841 0.500366 0.332559
0 0.137894 0.395904 0.123818 0.406461 0.113964 0.409628 0.106926 0.43391 0.097776 0.443412 0.099184 0.475084 0.096368 0.490921 0.093553 0.51098 0.092849 0.526816 0.102703 0.542652 0.114668 0.566934 0.173789 0.57538 0.199127 0.548986 0.194904 0.498311 0.187162 0.474029 0.17942 0.444468 0.168863 0.417019 0.156898 0.402238
0 0.08933 0.199535 0.08018 0.22065 0.073142 0.257601 0.083699 0.261824 0.094257 0.254434 0.109741 0.256546 0.121002 0.242821 0.121706 0.217483 0.117483 0.199535
0 0.377196 0.200591 0.3779 0.247044 0.391976 0.264992 0.406053 0.260769 0.427872 0.251267 0.428575 0.211149 0.413795 0.195312
0 0.230096 0.209037 0.230096 0.252323 0.22728 0.285051 0.229392 0.300887 0.238542 0.29772 0.24558 0.260769 0.250507 0.231208 0.251211 0.211149
0 0.07455 0.298775 0.063992 0.32728 0.05625 0.338894 0.043581 0.358953 0.039358 0.392736 0.030912 0.395904 0.03795 0.421242 0.050619 0.430743 0.063288 0.438133 0.08933 0.42652 0.101999 0.417019 0.118187 0.396959 0.109741 0.377956 0.085107 0.368454 0.100591 0.36212 0.114668 0.373733 0.123818 0.377956 0.125225 0.366343 0.109037 0.348395 0.106222 0.333615 0.099887 0.314611 0.097776 0.292441
0 0.90366 0.328336 0.892399 0.336782 0.88888 0.351562 0.902252 0.361064 0.91844 0.361064 0.919848 0.339949
0 0.981785 0.342061 0.950113 0.360008 0.930405 0.360008 0.924775 0.377956 0.907883 0.40435 0.915625 0.420186 0.930405 0.413851 0.959966 0.391681 0.971931 0.386402 0.989527 0.366343 0.993046 0.351562
0 0.499662 0.212204 0.487697 0.217483 0.47714 0.231208 0.488401 0.244932 0.5067 0.250211 0.532038 0.237542 0.541892 0.229096 0.538373 0.212204 0.523592 0.210093
0 0.521481 0.268159 0.51022 0.289274 0.513035 0.300887 0.529927 0.320946 0.535557 0.330448 0.546819 0.326225 0.553857 0.30511 0.54893 0.281883 0.541188 0.264992
0 0.005574 0.266047 0.016132 0.27027 0.024578 0.27027 0.026689 0.290329 0.035135 0.308277 0.040062 0.342061 0.023874 0.361064 0.006982 0.381123 0.001351 0.377956 0.002055 0.276605
