0 0.941026 0.304808 0.916026 0.340705 0.88141 0.353526 0.866667 0.40609 0.876282 0.467628 0.898718 0.508654 0.962821 0.516346 0.978205 0.511218 0.980769 0.453526 0.991026 0.354808 0.983333 0.333013 0.973077 0.322756
0 0.737821 0.143269 0.691026 0.220192 0.692949 0.252244 0.71859 0.271474 0.727564 0.302244 0.696154 0.349679 0.717308 0.384295 0.776923 0.341987 0.79359 0.317628 0.810897 0.279167 0.794872 0.193269 0.782051 0.154808
0 0.39359 0.199679 0.33141 0.258654 0.208974 0.325321 0.209615 0.399679 0.275641 0.449679 0.289744 0.452244 0.313462 0.431731 0.39359 0.353526 0.399359 0.335577 0.422436 0.333013 0.452564 0.331731 0.483974 0.300962 0.477564 0.225321 0.420513 0.200962
0 0.423077 0.0125 0.432051 0.081731 0.445513 0.122756 0.474359 0.125321 0.513462 0.066346 0.512821 0.002244 0.432051 0.007372
0 0.530769 0.06891 0.532051 0.133013 0.538462 0.198397 0.55 0.213782 0.562821 0.283013 0.553846 0.361218 0.55 0.400962 0.555769 0.433013 0.604487 0.476603 0.607692 0.458654 0.613462 0.372756 0.636538 0.267628 0.610256 0.248397 0.595513 0.25609 0.588462 0.21891 0.591667 0.179167 0.621795 0.189423 0.600641 0.150962 0.585897 0.145833 0.56859 0.113782 0.564744 0.081731 0.561538 0.070192 0.55 0.070192
0 0.820513 0.484295 0.811538 0.533013 0.752564 0.544551 0.770513 0.695833 0.791667 0.727885 0.817949 0.686859 0.845513 0.670192 0.846154 0.649679 0.842949 0.486859 0.840385 0.434295
0 0.657692 0.477885 0.640385 0.486859 0.628846 0.4625 0.629487 0.526603 0.630769 0.534295 0.641667 0.570192 0.653205 0.581731 0.673077 0.581731 0.675 0.56891 0.690385 0.490705 0.670513 0.480449
0 0.253205 0.527885 0.251923 0.566346 0.225 0.572756 0.182051 0.580449 0.167949 0.589423 0.149359 0.607372 0.141026 0.635577 0.160897 0.688141 0.221795 0.781731 0.255769 0.8125 0.274359 0.824038 0.296154 0.836859 0.322436 0.788141 0.333974 0.715064 0.346154 0.647115 0.383974 0.713782 0.452564 0.757372 0.430128 0.917628 0.433333 0.989423 0.510256 0.995833 0.535897 0.931731 0.563462 0.933013 0.598077 0.938141 0.619872 0.835577 0.608333 0.733013 0.562821 0.674038 0.473718 0.666346 0.405769 0.631731 0.365385 0.594551 0.337179 0.531731 0.280128 0.533013 0.267308 0.525321
0 0.083333 0.002244 0.083974 0.065064 0.078205 0.120192 0.047436 0.165064 0.001282 0.16891 0.000641 0.00609
0 0.007051 0.267628 0.042949 0.272756 0.059615 0.320192 0.062179 0.358654 0.046154 0.40609 0.023077 0.400962 0.001923 0.379167 0.001923 0.281731
0 0.005128 0.725321 0.028846 0.749679 0.055769 0.753526 0.049359 0.800962 0.03141 0.875321 0.017308 0.91891 0.003205 0.926603
0 0.122436 0.922756 0.13141 0.990705 0.216026 0.991987 0.198718 0.930449 0.160897 0.921474 0.137179 0.916346
0 0.307051 0.8625 0.305769 0.925321 0.337179 0.971474 0.358974 0.935577 0.357051 0.897115 0.332692 0.847115
0 0.867949 0.0125 0.869231 0.074038 0.880128 0.120192 0.899359 0.040705 0.901923 0.007372
0 0.995513 0.616346 0.937179 0.630449 0.933974 0.726603 0.945513 0.758654 0.953205 0.784295 0.996795 0.820192
0 0.954487 0.839423 0.922436 0.889423 0.921154 0.915064 0.93141 0.985577 0.99359 0.991987 0.971154 0.940705 0.957692 0.902244
