0 0.367949 0.007372 0.38141 0.129167 0.412179 0.20609 0.421795 0.186859 0.451282 0.161218 0.49359 0.184295 0.535256 0.113782 0.565385 0.067628 0.586538 0.011218
0 0.003846 0.194551 0.024359 0.183013 0.037179 0.200962 0.057051 0.20609 0.096154 0.176603 0.128846 0.131731 0.160256 0.079167 0.176282 0.007372 0.003205 0.008654
0 0.125641 0.352244 0.11859 0.458654 0.094872 0.513782 0.119872 0.543269 0.19359 0.535577 0.214103 0.443269 0.242308 0.372756 0.242308 0.299679 0.233974 0.291987 0.194872 0.304808 0.136538 0.30609
0 0.007051 0.545833 0.050641 0.631731 0.071154 0.663782 0.044231 0.717628 0.032692 0.727885 0.012179 0.677885 0.0 0.676603 0.0 0.559936
0 0.319231 0.371474 0.282051 0.536859 0.26859 0.599679 0.290385 0.626603 0.273718 0.66891 0.254487 0.681731 0.173718 0.75609 0.148718 0.781731 0.139744 0.824038 0.195513 0.847115 0.226923 0.852244 0.239744 0.881731 0.251923 0.990705 0.333333 0.986859 0.372436 0.894551 0.410256 0.915064 0.423718 0.947115 0.494872 0.930449 0.55641 0.915064 0.582051 0.834295 0.578846 0.786859 0.544231 0.697115 0.508333 0.635577 0.488462 0.575321 0.490385 0.559936 0.53141 0.538141 0.601923 0.516346 0.671154 0.480449 0.654487 0.334295 0.526923 0.371474 0.444231 0.416346 0.412179 0.374038 0.378205 0.495833 0.34359 0.479167
0 0.383333 0.233013 0.346154 0.279167 0.332051 0.309936 0.338462 0.317628 0.373718 0.321474 0.396154 0.288141 0.395513 0.245833
0 0.764744 0.108654 0.68141 0.154808 0.732692 0.275321 0.798077 0.3625 0.822436 0.371474 0.807692 0.458654 0.782692 0.539423 0.807692 0.588141 0.819872 0.622756 0.892949 0.6625 0.932051 0.667628 0.957692 0.726603 0.957051 0.86891 0.994872 0.921474 0.996154 0.488141 0.982051 0.466346 0.944872 0.449679 0.957692 0.374038 0.939103 0.31891 0.890385 0.289423 0.842949 0.20609 0.807051 0.158654
0 0.826282 0.017628 0.842308 0.097115 0.882051 0.126603 0.912179 0.153526 0.932051 0.088141 0.923718 0.048397 0.894231 0.004808 0.83141 0.004808
0 0.008333 0.861218 0.03141 0.876603 0.05 0.888141 0.047436 0.965064 0.039744 0.989423 0.002564 0.991987 0.001282 0.891987
0 0.748077 0.595833 0.692308 0.604808 0.699359 0.638141 0.749359 0.724038 0.739744 0.788141 0.776923 0.781731 0.802564 0.681731 0.778205 0.627885 0.754487 0.591987
