0 0.105128 0.575321 0.104487 0.594551 0.094872 0.598397 0.090385 0.600962 0.09359 0.620192 0.090385 0.634295 0.079487 0.639423 0.071154 0.644551 0.060897 0.633013 0.058333 0.633013 0.058333 0.653526 0.064103 0.667628 0.073077 0.670192 0.076282 0.686859 0.071795 0.699679 0.074359 0.7125 0.083974 0.704808 0.096795 0.689423 0.110897 0.684295 0.119231 0.676603 0.121154 0.653526 0.13141 0.641987 0.138462 0.638141 0.144231 0.634295 0.15 0.641987 0.167949 0.613782 0.164103 0.590705 0.146795 0.590705 0.135897 0.588141 0.125641 0.588141 0.121795 0.584295 0.117308 0.56891
0 0.084615 0.741987 0.080128 0.757372 0.070513 0.758654 0.059615 0.759936 0.046154 0.766346 0.030128 0.775321 0.021795 0.779167 0.026923 0.798397 0.028846 0.80609 0.036538 0.807372 0.045513 0.8125 0.055769 0.825321 0.06859 0.824038 0.082051 0.817628 0.096154 0.804808 0.1 0.795833 0.104487 0.772756 0.105769 0.748397 0.098077 0.739423
0 0.173718 0.752244 0.167308 0.770192 0.158974 0.779167 0.155128 0.798397 0.149359 0.809936 0.139744 0.81891 0.130769 0.829167 0.112821 0.833013 0.1 0.841987 0.105769 0.865064 0.116667 0.870192 0.136538 0.871474 0.158333 0.871474 0.176282 0.867628 0.190385 0.861218 0.203846 0.844551 0.217308 0.825321 0.225 0.808654 0.225641 0.790705 0.224359 0.772756 0.209615 0.766346 0.194872 0.7625 0.184615 0.744551
0 0.405769 0.703526 0.401282 0.715064 0.394872 0.724038 0.385256 0.726603 0.372436 0.720192 0.364744 0.715064 0.365385 0.731731 0.364744 0.744551 0.354487 0.741987 0.342949 0.733013 0.335256 0.738141 0.330769 0.753526 0.339744 0.770192 0.348077 0.777885 0.361538 0.776603 0.363462 0.788141 0.351282 0.789423 0.361538 0.8125 0.374359 0.798397 0.375 0.791987 0.378205 0.788141 0.389103 0.784295 0.403205 0.791987 0.417949 0.799679 0.426282 0.790705 0.435897 0.763782 0.439103 0.740705 0.442308 0.709936 0.441667 0.698397 0.423718 0.708654
0 0.783974 0.449679 0.772436 0.459936 0.757692 0.479167 0.748077 0.488141 0.739744 0.499679 0.738462 0.517628 0.745513 0.531731 0.735897 0.540705 0.733974 0.557372 0.755769 0.544551 0.76859 0.538141 0.773077 0.543269 0.778205 0.554808 0.787821 0.539423 0.803205 0.529167 0.823718 0.51891 0.833333 0.498397 0.839103 0.480449 0.823077 0.452244 0.809615 0.436859 0.798077 0.443269
0 0.772436 0.731731 0.763462 0.730449 0.754487 0.736859 0.741667 0.757372 0.737179 0.767628 0.742949 0.783013 0.751923 0.784295 0.762821 0.784295 0.770513 0.777885 0.785256 0.776603 0.780769 0.795833 0.791026 0.797115 0.796154 0.76891 0.798718 0.744551 0.785897 0.738141
0 0.420513 0.627885 0.405769 0.644551 0.387821 0.6625 0.377564 0.66891 0.382051 0.685577 0.392308 0.685577 0.403846 0.685577 0.423077 0.681731 0.435256 0.680449 0.441667 0.679167 0.448718 0.674038 0.445513 0.657372 0.441026 0.641987 0.434615 0.631731
0 0.346795 0.581731 0.353205 0.608654 0.360897 0.627885 0.367949 0.636859 0.369231 0.650962 0.376923 0.645833 0.380769 0.640705 0.394872 0.654808 0.404487 0.641987 0.40641 0.626603 0.412179 0.611218 0.419231 0.595833 0.419872 0.580449 0.411538 0.574038 0.403846 0.572756 0.403205 0.599679 0.395513 0.603526 0.382051 0.603526 0.376923 0.591987 0.376923 0.576603 0.373718 0.56891 0.362821 0.565064 0.357692 0.581731
0 0.560256 0.636859 0.550641 0.645833 0.539744 0.647115 0.53141 0.657372 0.53141 0.672756 0.532051 0.688141 0.541026 0.695833 0.550641 0.703526 0.557051 0.709936 0.559615 0.724038 0.570513 0.720192 0.578205 0.725321 0.583974 0.731731 0.595513 0.735577 0.603846 0.736859 0.603846 0.717628 0.612179 0.711218 0.616667 0.715064 0.622436 0.713782 0.617308 0.700962 0.603846 0.686859 0.6 0.674038 0.592949 0.665064 0.578205 0.649679 0.573077 0.640705 0.566667 0.630449
0 0.889103 0.590705 0.882051 0.603526 0.874359 0.61891 0.873718 0.629167 0.867308 0.643269 0.862179 0.650962 0.860897 0.672756 0.859615 0.684295 0.851923 0.700962 0.848718 0.708654 0.853846 0.715064 0.864744 0.70609 0.867308 0.698397 0.885256 0.700962 0.898077 0.703526 0.901923 0.697115 0.898718 0.684295 0.886538 0.679167 0.885897 0.667628 0.891026 0.666346 0.900641 0.671474 0.908974 0.676603 0.912821 0.66891 0.911538 0.657372 0.912179 0.645833 0.908974 0.631731 0.903846 0.621474 0.9 0.613782 0.896154 0.594551
