0 0.925 0.002244 0.914103 0.041987 0.916026 0.083013 0.93141 0.131731 0.959615 0.203526 0.967308 0.230449 0.994872 0.249679 0.996795 0.0125
0 0.855128 0.06891 0.792308 0.066346 0.771795 0.053526 0.758974 0.113782 0.761538 0.171474 0.799359 0.186859 0.834615 0.172756 0.859615 0.248397 0.89359 0.266346 0.905128 0.197115 0.887821 0.190705 0.871154 0.148397 0.863462 0.100962 0.862821 0.0625
0 0.705769 0.108654 0.696154 0.111218 0.665385 0.152244 0.687179 0.199679 0.725 0.170192 0.715385 0.124038
0 0.587179 0.330449 0.526282 0.354808 0.485256 0.389423 0.494872 0.416346 0.48141 0.461218 0.502564 0.500962 0.564103 0.583013 0.576282 0.621474 0.578846 0.667628 0.646154 0.640705 0.650641 0.613782 0.611538 0.536859 0.637179 0.463782 0.641667 0.40609 0.649359 0.325321 0.603846 0.322756
0 0.223718 0.270192 0.167308 0.338141 0.122436 0.359936 0.152564 0.434295 0.220513 0.489423 0.244872 0.553526 0.251282 0.616346 0.260256 0.6625 0.297436 0.670192 0.322436 0.575321 0.312821 0.453526 0.289744 0.381731 0.285256 0.343269 0.252564 0.284295 0.235897 0.26891
0 0.126923 0.031731 0.157051 0.0625 0.175641 0.120192 0.191667 0.133013 0.211538 0.126603 0.213462 0.108654 0.200641 0.030449 0.194231 0.009936 0.127564 0.004808
0 0.003846 0.236859 0.012821 0.252244 0.036538 0.259936 0.046795 0.329167 0.039744 0.3625 0.017308 0.395833 0.004487 0.424038
0 0.013462 0.581731 0.011538 0.645833 0.002564 0.661218 0.00641 0.913782 0.014744 0.871474 0.020513 0.80609 0.021795 0.739423 0.038462 0.717628 0.063462 0.636859 0.083333 0.566346 0.041026 0.586859 0.026282 0.566346
0 0.172436 0.529167 0.130769 0.613782 0.124359 0.652244 0.169872 0.691987 0.201923 0.735577 0.214103 0.724038 0.233974 0.694551 0.227564 0.603526 0.208974 0.563782 0.185897 0.538141
0 0.030128 0.888141 0.071795 0.75609 0.075641 0.753526 0.098718 0.791987 0.127564 0.836859 0.101923 0.900962 0.076282 0.965064 0.036538 0.986859 0.030769 0.938141
0 0.383333 0.577885 0.35 0.60609 0.330128 0.671474 0.326282 0.688141 0.366667 0.695833 0.389103 0.759936 0.407051 0.788141 0.457051 0.745833 0.453846 0.650962 0.415385 0.620192 0.404487 0.591987
0 0.167949 0.980449 0.229487 0.929167 0.259615 0.921474 0.255128 0.997115 0.173077 0.998397
0 0.537179 0.990705 0.577564 0.899679 0.598077 0.898397 0.620513 0.924038 0.644231 0.913782 0.674359 0.895833 0.697436 0.908654 0.75641 0.943269 0.769231 0.991987
0 0.79359 0.685577 0.785256 0.767628 0.839103 0.809936 0.855128 0.833013 0.879487 0.826603 0.882051 0.786859 0.876923 0.7125 0.892949 0.643269 0.879487 0.6125 0.81859 0.649679 0.812179 0.675321
0 0.680128 0.648397 0.657051 0.672756 0.655128 0.700962 0.641026 0.708654 0.638462 0.743269 0.635256 0.771474 0.676282 0.758654 0.696795 0.763782 0.71859 0.665064 0.705769 0.650962
0 0.908333 0.821474 0.883333 0.891987 0.857051 0.970192 0.854487 0.990705 0.98141 0.988141 0.983333 0.938141 0.953846 0.884295 0.935897 0.841987 0.926923 0.822756
0 0.429487 0.009936 0.40641 0.086859 0.43141 0.125321 0.472436 0.131731 0.503205 0.129167 0.537821 0.088141 0.549359 0.063782 0.530769 0.016346 0.526923 0.007372
