0 0.594872 0.30609 0.558974 0.324038 0.539744 0.348397 0.539744 0.394551 0.545513 0.444551 0.576282 0.463782 0.599359 0.448397 0.616667 0.485577 0.573718 0.508654 0.559615 0.522756 0.559615 0.535577 0.587821 0.541987 0.608974 0.567628 0.621154 0.620192 0.587821 0.711218 0.626282 0.807372 0.650641 0.809936 0.68141 0.85609 0.687179 0.889423 0.708333 0.907372 0.757051 0.86891 0.774359 0.799679 0.798077 0.754808 0.81859 0.703526 0.824359 0.670192 0.810897 0.591987 0.776923 0.524038 0.735256 0.479167 0.713462 0.471474 0.698077 0.509936 0.683333 0.494551 0.700641 0.440705 0.728846 0.411218 0.739103 0.376603 0.732051 0.333013 0.715385 0.316346 0.675641 0.341987 0.645513 0.340705 0.625641 0.377885 0.616667 0.339423 0.621795 0.30609 0.617949 0.281731 0.611538 0.274038 0.594872 0.2625
0 0.525 0.574038 0.532051 0.626603 0.53141 0.641987 0.527564 0.677885 0.542949 0.698397 0.557692 0.704808 0.58141 0.707372 0.587821 0.680449 0.578205 0.636859 0.585897 0.593269 0.588462 0.56891 0.539103 0.539423 0.522436 0.559936
0 0.496795 0.830449 0.445513 0.866346 0.421154 0.888141 0.419872 0.921474 0.43141 0.991987 0.615385 0.985577 0.600641 0.897115 0.583974 0.839423 0.55641 0.848397 0.545513 0.840705
0 0.421795 0.657372 0.409615 0.715064 0.386538 0.7125 0.35 0.80609 0.373077 0.825321 0.401923 0.794551 0.430769 0.748397 0.446154 0.720192 0.45641 0.680449 0.455769 0.649679 0.428205 0.658654
0 0.114103 0.477885 0.078205 0.493269 0.080128 0.540705 0.090385 0.598397 0.127564 0.653526 0.14359 0.672756 0.155128 0.695833 0.187179 0.639423 0.169872 0.577885 0.162821 0.50609 0.153846 0.480449 0.130769 0.480449
0 0.902564 0.630449 0.913462 0.677885 0.921154 0.715064 0.940385 0.748397 0.957051 0.76891 0.969872 0.780449 0.995513 0.799679 0.99359 0.597115 0.980128 0.65609 0.972436 0.658654 0.957692 0.634295 0.939744 0.643269 0.926923 0.616346 0.915385 0.60609 0.907051 0.615064
0 0.824359 0.407372 0.824359 0.450962 0.825 0.491987 0.845513 0.502244 0.862179 0.497115 0.875 0.458654 0.867949 0.41891 0.844872 0.400962 0.833333 0.407372
0 0.130128 0.834295 0.087179 0.858654 0.069872 0.885577 0.102564 0.958654 0.130128 0.948397 0.15641 0.916346 0.171154 0.884295 0.176923 0.845833 0.16859 0.815064 0.148077 0.822756
0 0.219872 0.680449 0.209615 0.733013 0.202564 0.771474 0.214744 0.808654 0.228205 0.803526 0.248718 0.813782 0.266667 0.753526 0.239744 0.713782
0 0.191026 0.894551 0.179487 0.938141 0.175 0.954808 0.175 0.977885 0.176282 0.990705 0.25 0.988141 0.217308 0.920192 0.201282 0.895833
0 0.904487 0.885577 0.860256 0.897115 0.84359 0.924038 0.825 0.988141 0.964744 0.981731 0.971154 0.916346 0.952564 0.904808 0.930128 0.888141 0.921154 0.888141
0 0.439103 0.422756 0.395513 0.466346 0.38141 0.483013 0.371154 0.534295 0.410897 0.511218 0.427564 0.520192 0.462821 0.476603 0.463462 0.439423
0 0.003846 0.459936 0.034615 0.45609 0.052564 0.479167 0.052564 0.499679 0.025 0.538141 0.023077 0.566346 0.021154 0.603526 0.014103 0.629167 0.001923 0.638141
0 0.030769 0.057372 0.030769 0.124038 0.028846 0.163782 0.053205 0.184295 0.069231 0.220192 0.125641 0.235577 0.134615 0.239423 0.134615 0.1625 0.135256 0.136859 0.10641 0.133013 0.073077 0.100962 0.05641 0.084295 0.06859 0.045833 0.059615 0.026603
0 0.232692 0.049679 0.204487 0.081731 0.191026 0.122756 0.208974 0.166346 0.244872 0.171474 0.269231 0.167628 0.283333 0.126603 0.287821 0.086859 0.261538 0.052244 0.242949 0.050962
0 0.994872 0.293269 0.991667 0.347115 0.983974 0.388141 0.96859 0.397115 0.953846 0.399679 0.942949 0.422756 0.957051 0.454808 0.995513 0.525321
