0 0.701661 0.218539 0.688992 0.230152 0.682658 0.245988 0.68125 0.27027 0.689696 0.29772 0.700957 0.310389 0.72348 0.3125 0.744595 0.300887 0.751633 0.27766 0.750225 0.241765 0.737556 0.21326 0.730518 0.204814 0.709403 0.21326
0 0.791047 0.181588 0.80442 0.20587 0.815681 0.226985 0.848761 0.234375 0.874803 0.226985 0.893806 0.21326 0.909291 0.197424 0.902956 0.175253 0.880434 0.178421 0.857911 0.166807 0.84665 0.159417 0.829758 0.157306 0.8192 0.173142 0.805828 0.17103 0.791047 0.165752 0.78612 0.172086
0 0.985304 0.157306 0.973339 0.16364 0.953632 0.169975 0.92759 0.179476 0.920552 0.19109 0.91844 0.21326 0.941667 0.229096 0.964189 0.234375 0.976154 0.234375 0.997269 0.224873 0.997269 0.157306
0 0.907883 0.232264 0.898029 0.239654 0.88888 0.245988 0.872691 0.254434 0.867765 0.260769 0.862838 0.261824 0.8558 0.288218 0.854392 0.30511 0.86143 0.318834 0.876211 0.322002 0.900141 0.335726 0.907883 0.336782 0.907179 0.323057 0.899437 0.307221 0.901548 0.278716 0.913514 0.279772 0.92759 0.266047 0.92759 0.247044 0.921959 0.234375
0 0.668581 0.332559 0.659431 0.338894 0.640428 0.339949 0.627055 0.34734 0.621425 0.356841 0.611571 0.365287 0.598902 0.375845 0.592568 0.385346 0.603829 0.403294 0.595383 0.414907 0.594679 0.449747 0.610867 0.463471 0.621425 0.451858 0.648874 0.431799 0.664358 0.417019 0.68125 0.402238 0.686881 0.380068 0.694623 0.351562 0.687584 0.335726 0.675619 0.334671
0 0.338485 0.254434 0.322297 0.272382 0.330039 0.291385 0.334966 0.296664 0.327928 0.309333 0.327928 0.328336 0.342708 0.331503 0.358896 0.335726 0.372269 0.35473 0.394088 0.357897 0.402534 0.343117 0.393384 0.316723 0.388457 0.286106 0.384234 0.273438 0.370861 0.268159 0.361712 0.257601
0 0.251211 0.275549 0.239245 0.283995 0.239245 0.299831 0.239245 0.31989 0.248395 0.325169 0.265991 0.326225 0.282179 0.322002 0.296959 0.302998 0.308925 0.286106 0.318778 0.263936 0.332855 0.218539 0.329336 0.197424 0.306109 0.188978 0.281475 0.181588 0.234319 0.173142 0.218131 0.193201 0.217427 0.211149 0.218131 0.234375
0 0.062584 0.326225 0.068215 0.350507 0.072438 0.365287 0.056954 0.371622 0.0471 0.384291 0.04147 0.400127 0.039358 0.429688 0.045693 0.446579 0.068919 0.47614 0.092145 0.498311 0.13719 0.494088 0.148452 0.463471 0.133671 0.387458 0.124521 0.373733 0.118187 0.35473 0.094257 0.341005 0.082292 0.332559 0.07103 0.317779
0 0.532742 0.412796 0.475028 0.443412 0.456729 0.467694 0.477843 0.496199 0.490512 0.539485 0.538373 0.526816 0.560895 0.482475 0.551042 0.429688
0 0.376492 0.479307 0.354673 0.505701 0.331447 0.502534 0.306109 0.517314 0.295552 0.548986 0.349043 0.58277 0.380715 0.612331 0.403238 0.609164 0.425056 0.583826 0.408164 0.519426 0.396903 0.491976
0 0.527815 0.256546 0.540484 0.287162 0.549634 0.301943 0.562303 0.290329 0.572157 0.275549 0.564414 0.266047 0.548226 0.274493 0.539077 0.258657 0.535557 0.25549
