0 0.446154 0.302244 0.420513 0.393269 0.398718 0.477885 0.412179 0.5125 0.425 0.554808 0.460256 0.561218 0.495513 0.572756 0.522436 0.421474 0.535897 0.386859 0.547436 0.334295 0.548718 0.290705 0.527564 0.252244 0.489744 0.272756 0.482692 0.294551
0 0.294231 0.250962 0.285256 0.304808 0.269872 0.358654 0.276282 0.429167 0.284615 0.475321 0.312179 0.541987 0.320513 0.526603 0.314744 0.490705 0.335897 0.480449 0.348718 0.516346 0.365385 0.533013 0.387821 0.495833 0.375 0.420192 0.358333 0.389423 0.34359 0.353526 0.334615 0.299679 0.325641 0.263782 0.315385 0.250962
0 0.00641 0.008654 0.032692 0.038141 0.090385 0.066346 0.109615 0.129167 0.121154 0.236859 0.125641 0.302244 0.162179 0.321474 0.185897 0.324038 0.203846 0.366346 0.244872 0.416346 0.217949 0.459936 0.212821 0.494551 0.188462 0.486859 0.155769 0.461218 0.135256 0.472756 0.117308 0.475321 0.077564 0.445833 0.042308 0.443269 0.03141 0.444551 0.007692 0.580449 0.003205 0.56891 0.003205 0.3125 0.007051 0.294551 0.012821 0.283013 0.012821 0.26891 0.001282 0.233013 0.001923 0.039423
0 0.294872 0.572756 0.282051 0.627885 0.272436 0.680449 0.265385 0.707372 0.285256 0.691987 0.291026 0.691987 0.291026 0.749679 0.289744 0.7625 0.301923 0.774038 0.315385 0.754808 0.339103 0.740705 0.353846 0.748397 0.365385 0.716346 0.375 0.639423 0.367949 0.608654 0.348077 0.604808 0.334615 0.56891 0.326282 0.541987 0.301923 0.565064
0 0.19359 0.716346 0.159615 0.749679 0.159615 0.779167 0.176282 0.789423 0.180128 0.811218 0.187179 0.830449 0.186538 0.865064 0.191667 0.897115 0.195513 0.925321 0.196154 0.957372 0.192308 0.994551 0.289744 0.986859 0.308974 0.930449 0.309615 0.863782 0.287179 0.863782 0.282692 0.859936 0.269231 0.881731 0.253205 0.933013 0.235256 0.927885 0.212179 0.91891 0.204487 0.879167 0.210256 0.845833 0.251923 0.861218 0.261538 0.863782 0.272436 0.821474 0.276282 0.786859 0.249359 0.75609 0.219872 0.777885 0.211538 0.7625 0.20641 0.733013
0 0.634615 0.188141 0.623718 0.239423 0.611538 0.281731 0.601923 0.340705 0.639103 0.374038 0.651282 0.403526 0.635897 0.450962 0.63141 0.477885 0.646795 0.511218 0.666026 0.541987 0.696154 0.577885 0.717308 0.554808 0.723718 0.50609 0.724359 0.490705 0.750641 0.46891 0.773077 0.374038 0.758974 0.338141 0.739103 0.308654 0.705128 0.304808 0.707692 0.243269 0.707051 0.179167 0.688462 0.175321 0.671154 0.184295 0.658974 0.186859
0 0.859615 0.038141 0.826282 0.074038 0.801923 0.109936 0.780128 0.184295 0.770513 0.199679 0.777564 0.229167 0.778846 0.288141 0.789103 0.324038 0.790385 0.348397 0.803846 0.384295 0.851282 0.415064 0.898718 0.457372 0.935897 0.402244 0.961538 0.363782 0.996795 0.424038 0.995513 0.165064 0.969872 0.1625 0.966667 0.095833 0.939103 0.131731 0.927564 0.115064 0.907051 0.079167 0.898077 0.029167 0.905128 0.00609 0.866026 0.008654
0 0.760256 0.639423 0.737179 0.665064 0.748077 0.724038 0.741667 0.749679 0.715385 0.744551 0.689103 0.7125 0.630769 0.635577 0.587179 0.566346 0.564744 0.604808 0.567949 0.674038 0.603846 0.695833 0.642308 0.731731 0.669872 0.747115 0.697436 0.767628 0.70641 0.797115 0.721795 0.867628 0.732051 0.947115 0.794872 0.96891 0.816026 0.9125 0.808333 0.847115 0.808974 0.813782 0.820513 0.749679 0.810256 0.681731 0.809615 0.661218 0.775 0.659936
0 0.925641 0.659936 0.917949 0.702244 0.892308 0.699679 0.885256 0.715064 0.883974 0.753526 0.884615 0.865064 0.897436 0.888141 0.910256 0.895833 0.914103 0.904808 0.934615 0.939423 0.957692 0.948397 0.970513 0.903526 0.995513 0.834295 0.992308 0.645833 0.957051 0.648397 0.967308 0.693269 0.975641 0.738141 0.953846 0.736859 0.939744 0.693269 0.939744 0.657372
0 0.517949 0.86891 0.495513 0.904808 0.487179 0.945833 0.467949 0.961218 0.466026 0.989423 0.575641 0.990705 0.566026 0.948397 0.551282 0.90609 0.541667 0.881731
