0 0.003846 0.065064 0.023718 0.093269 0.040385 0.104808 0.060897 0.084295 0.075641 0.135577 0.086538 0.181731 0.094231 0.203526 0.083333 0.247115 0.033333 0.304808 0.012179 0.289423 0.002564 0.320192
0 0.125641 0.007372 0.110256 0.107372 0.10641 0.148397 0.128205 0.191987 0.137179 0.248397 0.183974 0.307372 0.223077 0.326603 0.26859 0.354808 0.299359 0.304808 0.275 0.244551 0.250641 0.134295 0.225 0.070192 0.208333 0.040705 0.203846 0.004808
0 0.341667 0.025321 0.372436 0.057372 0.371795 0.097115 0.373077 0.179167 0.420513 0.171474 0.432692 0.099679 0.438462 0.057372 0.457692 0.008654 0.339103 0.00609
0 0.615385 0.00609 0.623718 0.040705 0.628846 0.095833 0.648718 0.126603 0.673077 0.150962 0.688462 0.150962 0.698718 0.125321 0.728205 0.05609 0.738462 0.007372
0 0.857051 0.016346 0.861538 0.097115 0.870513 0.148397 0.894231 0.147115 0.933974 0.124038 0.948718 0.125321 0.966667 0.10609 0.974359 0.063782 0.978205 0.003526 0.862821 0.003526
0 0.773077 0.250962 0.746795 0.276603 0.726282 0.280449 0.719872 0.330449 0.703846 0.327885 0.721795 0.371474 0.732051 0.389423 0.733333 0.422756 0.73141 0.447115 0.741026 0.452244 0.775641 0.399679 0.790385 0.40609 0.814744 0.429167 0.842949 0.391987 0.842308 0.285577 0.83141 0.244551 0.796154 0.249679
0 0.537179 0.171474 0.521795 0.233013 0.50641 0.222756 0.482051 0.240705 0.477564 0.290705 0.466667 0.353526 0.471154 0.400962 0.503846 0.398397 0.525 0.3625 0.544231 0.353526 0.573077 0.308654 0.575 0.250962 0.580128 0.200962 0.567308 0.184295 0.547436 0.174038
0 0.307692 0.363782 0.283333 0.402244 0.277564 0.471474 0.269231 0.5625 0.271154 0.663782 0.26859 0.695833 0.267308 0.726603 0.282051 0.767628 0.297436 0.790705 0.313462 0.80609 0.355769 0.780449 0.394872 0.754808 0.417949 0.715064 0.433333 0.689423 0.428205 0.625321 0.396795 0.521474 0.366026 0.488141 0.365385 0.436859 0.337179 0.383013
0 0.613462 0.327885 0.567308 0.383013 0.523718 0.421474 0.502564 0.449679 0.473077 0.520192 0.469872 0.550962 0.527564 0.615064 0.546795 0.630449 0.576923 0.641987 0.622436 0.659936 0.650641 0.636859 0.655769 0.567628 0.651923 0.457372 0.649359 0.407372 0.646795 0.377885 0.639744 0.353526
0 0.91859 0.198397 0.911538 0.221474 0.88141 0.250962 0.883974 0.309936 0.887821 0.325321 0.9 0.347115 0.919231 0.358654 0.945513 0.3625 0.964744 0.3625 0.980128 0.340705 0.966026 0.291987 0.937821 0.271474 0.932051 0.259936 0.936538 0.220192 0.932692 0.207372
0 0.985256 0.549679 0.967308 0.575321 0.944872 0.577885 0.955128 0.609936 0.965385 0.634295 0.974359 0.65609 0.998077 0.66891 0.996154 0.55609
0 0.812821 0.665064 0.814103 0.726603 0.80641 0.7625 0.789103 0.839423 0.791026 0.859936 0.826282 0.822756 0.848718 0.7625 0.859615 0.739423 0.869872 0.703526 0.837179 0.679167 0.826282 0.643269 0.817949 0.643269
0 0.939744 0.797115 0.922436 0.813782 0.889103 0.791987 0.878205 0.825321 0.874359 0.880449 0.858974 0.948397 0.845513 0.988141 0.941667 0.991987 0.926282 0.948397 0.928846 0.884295 0.941026 0.872756 0.946795 0.902244 0.960256 0.908654 0.972436 0.898397 0.980769 0.854808 0.967308 0.81891 0.953846 0.795833
0 0.667949 0.207372 0.628205 0.280449 0.650641 0.321474 0.678846 0.295833 0.68141 0.270192
0 0.775 0.020192 0.749359 0.121474 0.744872 0.147115 0.794872 0.129167 0.823077 0.083013 0.844231 0.049679 0.844872 0.01891 0.803846 0.020192
0 0.678205 0.894551 0.602564 0.908654 0.610897 0.958654 0.617308 0.988141 0.747436 0.988141 0.740385 0.944551 0.712179 0.921474 0.691667 0.893269
