0 0.158974 0.261218 0.135897 0.321474 0.101923 0.363782 0.128205 0.411218 0.169231 0.472756 0.163462 0.520192 0.242308 0.5125 0.287821 0.498397 0.288462 0.426603 0.305128 0.380449 0.336538 0.452244 0.369872 0.477885 0.391026 0.467628 0.387821 0.40609 0.367308 0.345833 0.375641 0.276603 0.341667 0.163782 0.314744 0.161218 0.286538 0.221474 0.285897 0.230449 0.329487 0.235577 0.313462 0.30609 0.298077 0.304808 0.269872 0.274038 0.260897 0.241987 0.244231 0.221474 0.21859 0.257372 0.189744 0.239423
0 0.196795 0.703526 0.204487 0.761218 0.157692 0.793269 0.160897 0.844551 0.164744 0.909936 0.182692 0.953526 0.235897 0.888141 0.264744 0.820192 0.276282 0.739423 0.242308 0.698397
0 0.442949 0.395833 0.45 0.477885 0.441667 0.524038 0.423077 0.598397 0.471795 0.595833 0.541026 0.625321 0.549359 0.6625 0.572436 0.704808 0.646795 0.716346 0.689744 0.721474 0.716667 0.658654 0.676923 0.563782 0.602564 0.543269 0.582692 0.494551 0.575641 0.443269 0.530128 0.345833 0.446795 0.376603
0 0.31859 0.013782 0.321795 0.079167 0.378846 0.133013 0.424359 0.183013 0.469872 0.197115 0.55641 0.149679 0.608974 0.113782 0.636538 0.094551 0.68141 0.007372 0.326282 0.008654
0 0.759615 0.376603 0.738462 0.433013 0.753205 0.483013 0.744231 0.557372 0.728846 0.56891 0.740385 0.690705 0.751923 0.71891 0.791026 0.711218 0.801923 0.674038 0.799359 0.617628 0.825 0.577885 0.837179 0.517628 0.85 0.449679 0.808333 0.427885 0.787179 0.421474 0.780128 0.375321
0 0.797436 0.045833 0.769231 0.057372 0.760897 0.090705 0.779487 0.166346 0.817308 0.135577 0.832051 0.111218 0.835256 0.081731 0.809615 0.045833
0 0.938462 0.626603 0.938462 0.689423 0.900641 0.7125 0.879487 0.736859 0.871795 0.725321 0.878205 0.785577 0.886538 0.834295 0.904487 0.877885 0.95641 0.838141 0.998077 0.802244 0.996154 0.65609 0.96859 0.616346 0.945513 0.608654
0 0.816667 0.680449 0.813462 0.780449 0.783333 0.830449 0.757051 0.922756 0.710897 0.989423 0.826923 0.994551 0.872436 0.949679 0.875641 0.885577 0.86859 0.811218 0.866026 0.793269 0.848718 0.770192 0.857051 0.700962 0.846795 0.688141
0 0.898077 0.465064 0.900641 0.522756 0.934615 0.567628 0.973077 0.516346 0.994872 0.467628 0.951282 0.394551 0.937179 0.404808 0.916026 0.467628
0 0.451923 0.966346 0.462179 0.91891 0.514744 0.929167 0.546154 0.934295 0.528205 0.983013 0.514103 0.990705 0.467949 0.993269
0 0.971154 0.108654 0.974359 0.191987 0.967308 0.230449 0.997436 0.266346 0.997436 0.108654
