0 0.858974 0.01891 0.860897 0.085577 0.842949 0.180449 0.885256 0.226603 0.90641 0.224038 0.923077 0.176603 0.926923 0.013782 0.873718 0.007372
0 0.594872 0.015064 0.542949 0.094551 0.510897 0.131731 0.50641 0.184295 0.558333 0.204808 0.614103 0.185577 0.660897 0.150962 0.712179 0.077885 0.733333 0.076603 0.778846 0.067628 0.789103 0.05609 0.803205 0.00609 0.611538 0.020192
0 0.294231 0.015064 0.260256 0.045833 0.262179 0.104808 0.242308 0.143269 0.289103 0.194551 0.308974 0.211218 0.339103 0.209936 0.358333 0.147115 0.360897 0.091987 0.360897 0.061218 0.341667 0.039423 0.316667 0.033013 0.301282 0.021474
0 0.159615 0.140705 0.144231 0.222756 0.153205 0.295833 0.097436 0.333013 0.082692 0.352244 0.11859 0.409936 0.153846 0.361218 0.178205 0.293269 0.203846 0.195833 0.207051 0.157372 0.166026 0.133013
0 0.561538 0.272756 0.553846 0.313782 0.527564 0.334295 0.49359 0.340705 0.450641 0.404808 0.453846 0.430449 0.469231 0.463782 0.507051 0.476603 0.516026 0.458654 0.515385 0.426603 0.535256 0.436859 0.537179 0.503526 0.554487 0.572756 0.551282 0.608654 0.576923 0.624038 0.597436 0.593269 0.607692 0.629167 0.617949 0.581731 0.641667 0.5125 0.646154 0.397115 0.735897 0.46891 0.746795 0.533013 0.728205 0.658654 0.751923 0.825321 0.791026 0.988141 0.823077 0.981731 0.832051 0.872756 0.829487 0.797115 0.822436 0.708654 0.838462 0.652244 0.844872 0.653526 0.865385 0.734295 0.928205 0.672756 0.941667 0.600962 0.949359 0.536859 0.917949 0.463782 0.827564 0.389423 0.789744 0.434295 0.773718 0.420192 0.692949 0.371474 0.639744 0.283013 0.587821 0.277885
0 0.628205 0.589423 0.603205 0.638141 0.619872 0.70609 0.621795 0.727885 0.648077 0.725321 0.642308 0.75609 0.663462 0.736859 0.675 0.683013 0.654487 0.636859
0 0.460897 0.679167 0.438462 0.667628 0.441026 0.700962 0.446154 0.738141 0.428846 0.759936 0.424359 0.797115 0.432692 0.830449 0.439744 0.847115 0.458974 0.865064 0.483333 0.839423 0.504487 0.800962 0.533974 0.752244 0.496154 0.695833 0.472436 0.677885
0 0.310897 0.480449 0.289744 0.539423 0.300641 0.563782 0.294872 0.626603 0.28141 0.670192 0.294231 0.699679 0.321795 0.674038 0.339744 0.636859 0.350641 0.585577 0.358333 0.548397 0.362179 0.467628 0.337179 0.488141
0 0.18141 0.394551 0.161538 0.435577 0.169872 0.463782 0.185897 0.474038 0.210256 0.453526 0.202564 0.409936 0.190385 0.391987
0 0.010256 0.495833 0.049359 0.490705 0.08141 0.489423 0.092949 0.539423 0.071154 0.576603 0.070513 0.598397 0.039744 0.611218 0.016026 0.603526 0.003205 0.56891 0.001923 0.511218
0 0.008333 0.216346 0.044872 0.181731 0.051923 0.147115 0.017308 0.127885 0.005128 0.130449 0.001282 0.208654
0 0.214744 0.76891 0.184615 0.777885 0.185897 0.854808 0.187179 0.893269 0.192308 0.966346 0.179487 0.986859 0.295513 0.998397 0.310897 0.959936 0.305128 0.909936 0.244231 0.820192 0.239744 0.785577 0.23141 0.754808 0.219872 0.761218
0 0.504487 0.922756 0.551923 0.845833 0.573718 0.834295 0.603846 0.811218 0.627564 0.816346 0.64359 0.874038 0.664744 0.967628 0.684615 0.986859 0.523077 0.997115 0.512821 0.958654 0.5 0.934295
0 0.96859 0.235577 0.929487 0.249679 0.908974 0.303526 0.917308 0.381731 0.95 0.315064 0.980128 0.320192 0.997436 0.288141 0.997436 0.239423
