0 0.776267 0.216427 0.760783 0.225929 0.752337 0.233319 0.743187 0.238598 0.73826 0.249155 0.73263 0.25549 0.726999 0.272382 0.724184 0.290329 0.724184 0.302998 0.716441 0.308277 0.724184 0.323057 0.734037 0.32728 0.724887 0.335726 0.728407 0.350507 0.730518 0.365287 0.748818 0.365287 0.760783 0.367399 0.76219 0.386402 0.793863 0.410684 0.812162 0.417019 0.829758 0.417019 0.84665 0.391681 0.860726 0.367399 0.874099 0.341005 0.871284 0.329392 0.8375 0.331503 0.823423 0.337838 0.818497 0.310389 0.833277 0.314611 0.85228 0.3125 0.863542 0.308277 0.871284 0.293497 0.864245 0.272382 0.862838 0.239654 0.853688 0.221706 0.835389 0.219595 0.825535 0.199535 0.798789 0.200591
0 0.935332 0.177365 0.938148 0.221706 0.941667 0.236486 0.946593 0.243877 0.945186 0.271326 0.949409 0.288218 0.959966 0.294552 0.967708 0.300887 0.983896 0.30511 0.993046 0.301943 0.99375 0.280828 0.992342 0.249155 0.97897 0.240709 0.971931 0.217483 0.967005 0.194257 0.96982 0.175253 0.950113 0.166807
0 0.541188 0.269215 0.522185 0.285051 0.508812 0.292441 0.485586 0.292441 0.471509 0.294552 0.460248 0.294552 0.439133 0.289274 0.435614 0.289274 0.436318 0.310389 0.442652 0.318834 0.437725 0.345228 0.436318 0.366343 0.445467 0.382179 0.453209 0.406461 0.486289 0.427576 0.520073 0.449747 0.541892 0.458193 0.558784 0.458193 0.580602 0.421242 0.588345 0.401182 0.595383 0.371622 0.596791 0.352618 0.588345 0.324113 0.570045 0.291385 0.554561 0.274493
0 0.493328 0.209037 0.47362 0.222762 0.483474 0.243877 0.489105 0.250211 0.484882 0.261824 0.479251 0.267103 0.485586 0.280828 0.498255 0.282939 0.513035 0.282939 0.522889 0.273438 0.536261 0.253378 0.545411 0.230152 0.540484 0.219595 0.518666 0.234375 0.516554 0.22065 0.5067 0.210093
0 0.596791 0.226985 0.60031 0.241765 0.601014 0.263936 0.593975 0.286106 0.592568 0.304054 0.599606 0.323057 0.605236 0.330448 0.620017 0.322002 0.635501 0.299831 0.638316 0.269215 0.632686 0.236486 0.606644 0.217483
0 0.049212 0.355785 0.03795 0.366343 0.030912 0.387458 0.040766 0.405405 0.059065 0.41913 0.064696 0.429688 0.08933 0.43391 0.088626 0.429688 0.084403 0.390625 0.079476 0.370566 0.066104 0.358953
0 0.002055 0.408573 0.012613 0.400127 0.024578 0.399071 0.040766 0.418074 0.049916 0.449747 0.044989 0.463471 0.022466 0.480363 0.002759 0.499367
0 0.10411 0.342061 0.097776 0.371622 0.094961 0.386402 0.123114 0.422297 0.149859 0.450802 0.159009 0.470861 0.170974 0.486698 0.191385 0.485642 0.215315 0.458193 0.22728 0.437078 0.214611 0.403294 0.208277 0.383235 0.201239 0.364231 0.184347 0.364231 0.171678 0.371622 0.160417 0.368454 0.147044 0.355785 0.13156 0.353674
0 0.665766 0.343117 0.649578 0.343117 0.64817 0.351562 0.656616 0.3769 0.66295 0.381123 0.672804 0.383235 0.682658 0.366343 0.680546 0.352618
0 0.327224 0.428632 0.318074 0.464527 0.289217 0.481419 0.313851 0.515203 0.344116 0.527872 0.389865 0.552154 0.393384 0.514147 0.373677 0.463471 0.357489 0.441301
0 0.422945 0.230152 0.408868 0.243877 0.410276 0.272382 0.423649 0.283995 0.432095 0.276605 0.441244 0.2481 0.439837 0.238598
0 0.336374 0.366343 0.316667 0.367399 0.298367 0.366343 0.284291 0.345228 0.265991 0.352618 0.258249 0.363176 0.276548 0.402238 0.284994 0.403294 0.301886 0.385346 0.324409 0.387458 0.339893 0.386402
0 0.417314 0.334671 0.403941 0.344172 0.400422 0.367399 0.410276 0.382179 0.436318 0.390625 0.428575 0.368454 0.422945 0.349451
