0 0.769872 0.035577 0.725 0.066346 0.710256 0.125321 0.728846 0.194551 0.757692 0.171474 0.78141 0.166346 0.788462 0.239423 0.825 0.245833 0.861538 0.252244 0.888462 0.247115 0.948077 0.102244 0.950641 0.088141 0.884615 0.085577 0.842308 0.098397 0.813462 0.054808 0.802564 0.024038
0 0.466026 0.009936 0.503846 0.104808 0.496154 0.179167 0.530128 0.213782 0.537821 0.236859 0.547436 0.253526 0.571154 0.236859 0.576923 0.199679 0.583333 0.113782 0.578846 0.077885 0.574359 0.007372
0 0.261538 0.027885 0.166667 0.075321 0.189744 0.143269 0.20641 0.166346 0.241026 0.121474 0.276923 0.1625 0.28141 0.220192 0.325 0.25609 0.348077 0.270192 0.378205 0.225321 0.392308 0.186859 0.396154 0.143269 0.341667 0.083013 0.337179 0.009936 0.290385 0.017628
0 0.132692 0.159936 0.089103 0.190705 0.074359 0.233013 0.089744 0.381731 0.133974 0.416346 0.146154 0.436859 0.145513 0.45609 0.080128 0.517628 0.130769 0.567628 0.159615 0.580449 0.195513 0.598397 0.203846 0.661218 0.221795 0.648397 0.251923 0.599679 0.244872 0.550962 0.230769 0.520192 0.235897 0.489423 0.263462 0.458654 0.280769 0.403526 0.272436 0.335577 0.251923 0.325321 0.203205 0.400962 0.167308 0.31891 0.130128 0.307372 0.128205 0.275321 0.142308 0.245833 0.167949 0.184295 0.141667 0.147115
0 0.001282 0.425321 0.020513 0.443269 0.040385 0.434295 0.058333 0.500962 0.067949 0.543269 0.042949 0.600962 0.005128 0.617628 0.002564 0.586859
0 0.31859 0.426603 0.31859 0.450962 0.341026 0.500962 0.367308 0.479167 0.385256 0.470192 0.405128 0.463782 0.395513 0.421474 0.36859 0.422756 0.333333 0.407372
0 0.082051 0.680449 0.083974 0.736859 0.107051 0.7625 0.103205 0.8125 0.108333 0.870192 0.10641 0.884295 0.130769 0.879167 0.153846 0.880449 0.169872 0.861218 0.185256 0.793269 0.158974 0.724038 0.145513 0.683013 0.117949 0.707372 0.114103 0.70609 0.092308 0.675321
0 0.423077 0.6125 0.351282 0.644551 0.367949 0.694551 0.367308 0.758654 0.392949 0.850962 0.394872 0.90609 0.401282 0.954808 0.399359 0.995833 0.678205 0.988141 0.69359 0.865064 0.715385 0.816346 0.707051 0.727885 0.689744 0.693269 0.648718 0.733013 0.621795 0.817628 0.592308 0.871474 0.555769 0.866346 0.486538 0.903526 0.466667 0.90609 0.454487 0.891987 0.452564 0.875321 0.459615 0.848397 0.475 0.780449 0.476923 0.743269 0.471154 0.671474 0.451282 0.627885 0.429487 0.620192
0 0.605128 0.366346 0.623718 0.494551 0.625641 0.527885 0.669872 0.465064 0.692308 0.467628 0.716026 0.507372 0.773718 0.531731 0.782051 0.529167 0.801923 0.443269 0.833974 0.417628 0.875 0.340705 0.854487 0.322756 0.807692 0.344551 0.732051 0.348397 0.700641 0.343269 0.649359 0.366346
0 0.985256 0.275321 0.965385 0.335577 0.966026 0.359936 0.965385 0.390705 0.997436 0.444551 0.997436 0.277885
0 0.978205 0.659936 0.948718 0.694551 0.921154 0.700962 0.933333 0.754808 0.946154 0.779167 0.975641 0.820192 0.995513 0.820192 0.994231 0.675321
0 0.839744 0.809936 0.825 0.8625 0.829487 0.940705 0.83141 0.988141 0.896795 0.980449 0.89359 0.915064 0.869231 0.865064 0.846154 0.811218 0.836538 0.798397
