0 0.701923 0.017628 0.69359 0.067628 0.666667 0.107372 0.674359 0.174038 0.698718 0.163782 0.717949 0.217628 0.713462 0.258654 0.705769 0.26891 0.686538 0.234295 0.671795 0.202244 0.641026 0.193269 0.660897 0.217628 0.666026 0.249679 0.645513 0.244551 0.632692 0.221474 0.623077 0.222756 0.615385 0.258654 0.621795 0.288141 0.630769 0.316346 0.636538 0.326603 0.654487 0.341987 0.664744 0.377885 0.675641 0.398397 0.691026 0.411218 0.70641 0.427885 0.719872 0.409936 0.757051 0.390705 0.769872 0.363782 0.791026 0.3125 0.801282 0.263782 0.814103 0.226603 0.807051 0.172756 0.785897 0.129167 0.778846 0.070192 0.783974 0.004808 0.704487 0.004808
0 0.319231 0.008654 0.321795 0.031731 0.338462 0.030449 0.350641 0.035577 0.367308 0.048397 0.362179 0.074038 0.360256 0.090705 0.372436 0.10609 0.412179 0.145833 0.434615 0.102244 0.460897 0.057372 0.476923 0.003526 0.328846 0.00609
0 0.308974 0.1125 0.294231 0.121474 0.3 0.163782 0.282692 0.167628 0.265385 0.148397 0.25641 0.179167 0.233333 0.254808 0.216026 0.336859 0.246795 0.371474 0.273718 0.395833 0.307692 0.441987 0.320513 0.471474 0.325641 0.491987 0.329487 0.526603 0.339744 0.552244 0.369872 0.594551 0.373718 0.548397 0.351923 0.488141 0.349359 0.431731 0.391667 0.389423 0.419231 0.3125 0.403846 0.2625 0.396795 0.186859 0.36859 0.181731 0.341667 0.117628 0.33141 0.094551
0 0.085256 0.095833 0.058333 0.145833 0.048718 0.186859 0.060256 0.221474 0.092308 0.245833 0.11859 0.257372 0.123077 0.239423 0.119231 0.167628 0.147436 0.141987 0.160256 0.116346 0.149359 0.089423 0.120513 0.070192 0.1 0.089423
0 0.001282 0.2625 0.017949 0.280449 0.028846 0.289423 0.053846 0.324038 0.061538 0.353526 0.073718 0.333013 0.080128 0.333013 0.083974 0.376603 0.08141 0.390705 0.085256 0.403526 0.071795 0.443269 0.063462 0.459936 0.049359 0.4625 0.032692 0.440705 0.001923 0.484295
0 0.003846 0.684295 0.009615 0.677885 0.010897 0.657372 0.017308 0.652244 0.032051 0.648397 0.053205 0.647115 0.065385 0.659936 0.073718 0.702244 0.078846 0.709936 0.090385 0.717628 0.101282 0.731731 0.114103 0.730449 0.123077 0.772756 0.11859 0.808654 0.107051 0.838141 0.091026 0.849679 0.061538 0.9125 0.057692 0.930449 0.044231 0.889423 0.039103 0.8125 0.014103 0.757372 0.019231 0.872756 0.003205 0.898397
0 0.148718 0.870192 0.155128 0.838141 0.180128 0.813782 0.188462 0.8125 0.225 0.781731 0.232692 0.824038 0.235897 0.849679 0.257051 0.829167 0.284615 0.825321 0.285897 0.8625 0.282692 0.893269 0.26859 0.929167 0.241667 0.991987 0.19359 0.995833 0.194231 0.963782 0.194872 0.944551 0.178846 0.931731 0.171795 0.929167 0.162179 0.936859 0.161538 0.950962 0.160256 0.971474 0.144231 0.954808 0.144872 0.929167 0.142308 0.890705
0 0.466026 0.979167 0.49359 0.966346 0.50641 0.935577 0.510897 0.902244 0.519872 0.891987 0.539103 0.890705 0.566667 0.908654 0.582051 0.913782 0.610256 0.948397 0.619872 0.949679 0.624359 0.913782 0.619231 0.821474 0.662179 0.791987 0.683333 0.7625 0.689744 0.739423 0.698077 0.694551 0.703846 0.640705 0.705769 0.602244 0.720513 0.536859 0.735256 0.50609 0.759615 0.497115 0.772436 0.483013 0.814744 0.552244 0.819231 0.583013 0.816667 0.626603 0.827564 0.652244 0.810897 0.7125 0.804487 0.752244 0.797436 0.841987 0.796154 0.993269 0.448718 0.991987
0 0.867949 0.483013 0.875 0.535577 0.876282 0.627885 0.889744 0.707372 0.876923 0.774038 0.848077 0.813782 0.825 0.993269 0.946795 0.991987 0.955769 0.967628 0.951923 0.921474 0.964103 0.870192 0.972436 0.880449 0.980128 0.91891 0.995513 0.979167 0.992308 0.765064 0.973718 0.708654 0.990385 0.697115 0.995513 0.611218 0.966667 0.630449 0.932051 0.584295 0.925641 0.529167 0.926282 0.495833 0.883333 0.494551 0.857692 0.477885
0 0.862821 0.317628 0.85641 0.352244 0.838462 0.345833 0.847436 0.388141 0.855128 0.41891 0.85641 0.440705 0.873077 0.404808 0.883333 0.395833 0.905128 0.4125 0.907051 0.452244 0.932692 0.417628 0.941026 0.393269 0.907692 0.31891 0.879487 0.320192
