0 0.720513 0.231731 0.674359 0.2625 0.651923 0.277885 0.630128 0.302244 0.624359 0.3625 0.617949 0.394551 0.60641 0.433013 0.607051 0.440705 0.637179 0.447115 0.65641 0.436859 0.691667 0.430449 0.735256 0.402244 0.758974 0.357372 0.759615 0.333013 0.752564 0.275321 0.746154 0.248397
0 0.489103 0.439423 0.469231 0.454808 0.454487 0.497115 0.450641 0.530449 0.446154 0.563782 0.432051 0.576603 0.399359 0.559936 0.369872 0.589423 0.360897 0.602244 0.357051 0.65609 0.378846 0.734295 0.408333 0.745833 0.444231 0.616346 0.480769 0.631731 0.560256 0.666346 0.641026 0.650962 0.671795 0.66891 0.730128 0.691987 0.760256 0.683013 0.823077 0.648397 0.844231 0.603526 0.902564 0.561218 0.912179 0.50609 0.882692 0.448397 0.828205 0.450962 0.807051 0.476603 0.776923 0.534295 0.749359 0.547115 0.71859 0.548397 0.690385 0.536859 0.633333 0.522756 0.603846 0.507372 0.553846 0.46891 0.519231 0.450962
0 0.473718 0.102244 0.460256 0.186859 0.494231 0.226603 0.495513 0.2625 0.496154 0.289423 0.526923 0.257372 0.557051 0.188141 0.549359 0.148397 0.566667 0.1125 0.566667 0.06891 0.58141 0.045833 0.604487 0.035577 0.648718 0.008654 0.507051 0.00609 0.525641 0.038141 0.530128 0.083013 0.510897 0.148397 0.485897 0.099679
0 0.272436 0.00609 0.276282 0.044551 0.253846 0.080449 0.250641 0.116346 0.246795 0.154808 0.25 0.171474 0.269872 0.20609 0.285897 0.216346 0.300641 0.238141 0.307051 0.30609 0.314744 0.345833 0.350641 0.334295 0.35641 0.335577 0.370513 0.222756 0.353846 0.117628 0.347436 0.085577 0.355769 0.025321 0.378846 0.00609
0 0.075641 0.0125 0.084615 0.093269 0.103846 0.149679 0.094872 0.240705 0.072436 0.272756 0.047436 0.300962 0.053846 0.324038 0.059615 0.352244 0.096795 0.333013 0.16859 0.298397 0.199359 0.285577 0.220513 0.304808 0.244872 0.448397 0.235897 0.574038 0.235897 0.653526 0.233974 0.694551 0.251923 0.736859 0.228205 0.779167 0.235256 0.799679 0.260897 0.850962 0.234615 0.880449 0.205128 0.875321 0.160897 0.889423 0.15 0.839423 0.15641 0.765064 0.166667 0.75609 0.171795 0.726603 0.162179 0.698397 0.162821 0.659936 0.172436 0.574038 0.167308 0.550962 0.130769 0.497115 0.083974 0.466346 0.057692 0.448397 0.019231 0.400962 0.011538 0.357372 0.012821 0.30609 0.016026 0.190705 0.002564 0.170192 0.003205 0.00609
0 0.316026 0.693269 0.278205 0.690705 0.269872 0.717628 0.3 0.780449 0.314103 0.780449 0.34359 0.753526 0.341667 0.703526
0 0.064744 0.575321 0.067949 0.663782 0.059615 0.699679 0.101923 0.698397 0.102564 0.636859 0.079487 0.567628
0 0.336538 0.876603 0.328205 0.911218 0.296154 0.939423 0.315385 0.984295 0.321795 0.988141 0.369231 0.983013 0.382051 0.926603 0.367308 0.886859 0.369872 0.847115 0.369231 0.840705
0 0.716026 0.894551 0.648718 0.921474 0.658974 0.984295 0.662179 0.990705 0.705769 0.993269 0.719231 0.995833 0.724359 0.989423 0.716667 0.9125
0 0.95 0.713782 0.929487 0.748397 0.908333 0.802244 0.897436 0.834295 0.882692 0.848397 0.814103 0.852244 0.80641 0.888141 0.805769 0.924038 0.805128 0.970192 0.805128 0.997115 0.887179 0.993269 0.875 0.943269 0.882051 0.920192 0.911538 0.961218 0.920513 0.972756 0.952564 0.935577 0.979487 0.848397 0.980128 0.800962 0.960256 0.729167 0.950641 0.697115
0 0.894231 0.241987 0.880128 0.275321 0.888462 0.320192 0.886538 0.343269 0.878205 0.358654 0.901923 0.365064 0.957692 0.272756 0.965385 0.271474 0.919872 0.249679 0.890385 0.229167
