0 0.601282 0.199679 0.587821 0.227885 0.562179 0.241987 0.553205 0.238141 0.540385 0.220192 0.523077 0.240705 0.522436 0.2625 0.558974 0.358654 0.553205 0.391987 0.526282 0.427885 0.494872 0.470192 0.489103 0.494551 0.473718 0.539423 0.466026 0.563782 0.511538 0.536859 0.537821 0.50609 0.571154 0.45609 0.585256 0.4125 0.59359 0.390705 0.616026 0.385577 0.627564 0.322756 0.633333 0.266346 0.628205 0.234295 0.619231 0.200962
0 0.449359 0.259936 0.402564 0.279167 0.382051 0.290705 0.369231 0.357372 0.41859 0.388141 0.447436 0.380449 0.469231 0.338141 0.471154 0.274038
0 0.260897 0.05609 0.265385 0.0625 0.30641 0.093269 0.322436 0.147115 0.349359 0.224038 0.387179 0.261218 0.398077 0.216346 0.402564 0.1625 0.389103 0.116346 0.384615 0.079167 0.374359 0.031731 0.360897 0.004808 0.277083 0.0
0 0.113462 0.007372 0.101923 0.061218 0.109615 0.116346 0.117308 0.179167 0.137821 0.217628 0.18141 0.299679 0.196795 0.334295 0.221795 0.339423 0.228846 0.277885 0.23141 0.171474 0.200641 0.181731 0.198077 0.143269 0.203846 0.115064 0.207692 0.05609 0.21859 0.021474 0.224359 0.00609 0.119872 0.003526
0 0.001923 0.115064 0.011538 0.100962 0.020513 0.044551 0.030128 0.022756 0.05 0.016346 0.060897 0.049679 0.032692 0.152244 0.032051 0.207372 0.041667 0.286859 0.048077 0.297115 0.055128 0.315064 0.066667 0.433013 0.063462 0.477885 0.049359 0.498397 0.039744 0.486859 0.021795 0.433013 0.00641 0.374038 0.001923 0.322756
0 0.125 0.447115 0.103846 0.509936 0.116667 0.539423 0.129487 0.548397 0.152564 0.524038 0.144231 0.483013 0.139744 0.467628
0 0.230128 0.436859 0.194231 0.454808 0.205128 0.517628 0.217949 0.639423 0.196154 0.667628 0.189103 0.690705 0.192308 0.717628 0.200641 0.743269 0.244872 0.794551 0.236538 0.715064 0.285256 0.709936 0.300641 0.661218 0.310897 0.613782 0.309615 0.534295 0.305128 0.495833 0.279487 0.477885 0.258333 0.454808
0 0.353846 0.558654 0.339103 0.584295 0.340385 0.626603 0.352564 0.644551 0.357051 0.653526 0.384615 0.621474 0.366667 0.591987
0 0.341667 0.690705 0.33141 0.726603 0.305128 0.71891 0.303846 0.743269 0.297436 0.779167 0.302564 0.825321 0.316026 0.839423 0.328846 0.827885 0.342308 0.802244 0.35641 0.788141 0.367949 0.736859 0.358333 0.711218
0 0.740385 0.327885 0.722436 0.370192 0.707051 0.353526 0.684615 0.447115 0.682692 0.476603 0.703846 0.499679 0.766026 0.541987 0.78141 0.552244 0.815385 0.563782 0.842949 0.502244 0.846154 0.448397 0.828846 0.389423 0.800641 0.417628 0.794872 0.421474 0.773718 0.411218 0.75641 0.400962 0.75641 0.384295 0.760256 0.331731
0 0.994231 0.4625 0.977564 0.458654 0.924359 0.489423 0.917308 0.50609 0.911538 0.557372 0.909615 0.634295 0.883333 0.684295 0.808974 0.638141 0.792949 0.686859 0.791026 0.8125 0.805128 0.898397 0.837179 0.902244 0.9 0.916346 0.910897 0.972756 0.910897 0.991987 0.997436 0.994551 0.998718 0.475321
0 0.014744 0.633013 0.047436 0.630449 0.076923 0.653526 0.089744 0.689423 0.11859 0.715064 0.099359 0.766346 0.086538 0.7625 0.065385 0.725321 0.051923 0.703526 0.025641 0.71891 0.021795 0.725321
0 0.097436 0.913782 0.080769 0.977885 0.084615 0.989423 0.13141 0.995833 0.127564 0.950962 0.117308 0.917628
0 0.245513 0.834295 0.228205 0.863782 0.24359 0.916346 0.255769 0.871474 0.253846 0.839423
0 0.165385 0.944551 0.148718 0.953526 0.144231 0.963782 0.142308 0.975321 0.15 0.990705 0.207692 0.993269 0.223718 0.974038 0.224359 0.952244 0.203205 0.953526 0.180128 0.948397 0.174359 0.948397
0 0.496154 0.875321 0.477564 0.921474 0.450641 0.948397 0.421154 0.959936 0.423718 0.989423 0.49359 0.991987 0.517308 0.939423 0.532051 0.926603 0.513462 0.891987 0.511538 0.885577 0.489744 0.874038
