0 0.632051 0.158654 0.584615 0.216346 0.527564 0.336859 0.541667 0.371474 0.600641 0.454808 0.619231 0.475321 0.624359 0.548397 0.61859 0.558654 0.637821 0.584295 0.689103 0.586859 0.70641 0.576603 0.721795 0.557372 0.726282 0.489423 0.680769 0.484295 0.675 0.449679 0.702564 0.40609 0.727564 0.379167 0.749359 0.343269 0.758974 0.325321 0.789103 0.307372 0.821154 0.298397 0.841026 0.276603 0.86859 0.217628 0.862821 0.150962 0.854487 0.116346 0.808333 0.102244 0.752564 0.163782 0.719872 0.195833 0.698718 0.125321
0 0.196795 0.020192 0.159615 0.115064 0.18141 0.227885 0.147436 0.288141 0.102564 0.309936 0.090385 0.3125 0.073077 0.230449 0.058974 0.153526 0.001282 0.130449 0.003205 0.327885 0.034615 0.350962 0.055769 0.375321 0.074359 0.408654 0.125 0.490705 0.178205 0.499679 0.194231 0.479167 0.192949 0.424038 0.171154 0.372756 0.18141 0.344551 0.201282 0.307372 0.226923 0.26891 0.239103 0.233013 0.270513 0.227885 0.282692 0.243269 0.292949 0.240705 0.303846 0.186859 0.332051 0.143269 0.352564 0.089423 0.322436 0.007372 0.202564 0.008654
0 0.364103 0.249679 0.357051 0.290705 0.362179 0.350962 0.371795 0.375321 0.386538 0.395833 0.405769 0.421474 0.409615 0.453526 0.410256 0.490705 0.412179 0.503526 0.416667 0.571474 0.420513 0.599679 0.433974 0.616346 0.466026 0.613782 0.489744 0.595833 0.513462 0.522756 0.489744 0.489423 0.455128 0.467628 0.446795 0.398397 0.476923 0.425321 0.5 0.434295 0.511538 0.404808 0.45641 0.311218 0.416026 0.258654 0.391026 0.226603
0 0.137821 0.589423 0.135256 0.677885 0.137821 0.704808 0.151282 0.747115 0.167949 0.81891 0.178846 0.849679 0.211538 0.830449 0.238462 0.81891 0.258974 0.811218 0.277564 0.774038 0.303205 0.733013 0.31859 0.731731 0.333974 0.663782 0.296154 0.607372 0.248718 0.659936 0.232692 0.670192 0.237821 0.617628 0.236538 0.608654 0.198718 0.600962 0.175 0.633013 0.161538 0.597115
0 0.001282 0.599679 0.014103 0.625321 0.021154 0.638141 0.026923 0.648397 0.041667 0.616346 0.040385 0.595833 0.060256 0.611218 0.066026 0.665064 0.049359 0.675321 0.034615 0.707372 0.028846 0.727885 0.041026 0.761218 0.049359 0.786859 0.046795 0.834295 0.04359 0.863782 0.001282 0.881731
0 0.158333 0.989423 0.180769 0.949679 0.198718 0.927885 0.25 0.957372 0.264744 0.976603 0.273077 0.993269
0 0.719872 0.716346 0.669231 0.788141 0.649359 0.827885 0.670513 0.870192 0.682051 0.880449 0.704487 0.815064 0.732692 0.785577 0.732692 0.839423 0.742308 0.830449 0.751923 0.772756 0.759615 0.747115 0.729487 0.721474
0 0.882051 0.349679 0.819231 0.379167 0.847436 0.453526 0.846795 0.50609 0.880769 0.490705 0.933974 0.41891 0.914744 0.348397
0 0.880128 0.772756 0.855769 0.830449 0.852564 0.857372 0.857051 0.927885 0.878846 0.976603 0.898077 0.966346 0.909615 0.915064 0.924359 0.839423 0.923077 0.815064 0.914744 0.791987 0.884615 0.790705
0 0.916667 0.013782 0.916667 0.102244 0.912821 0.213782 0.929487 0.2125 0.951923 0.199679 0.995513 0.170192 0.996795 0.008654 0.930769 0.008654
0 0.423077 0.022756 0.407692 0.093269 0.444231 0.143269 0.458333 0.135577 0.490385 0.095833 0.505769 0.0625 0.539744 0.076603 0.586538 0.074038 0.616026 0.007372 0.425641 0.007372
0 0.017949 0.988141 0.035256 0.975321 0.041026 0.970192 0.054487 0.953526 0.067949 0.958654 0.084615 0.984295 0.088462 0.995833 0.023077 0.997115
0 0.489744 0.903526 0.476923 0.949679 0.478205 0.966346 0.473077 0.993269 0.538462 0.997115 0.526923 0.972756 0.507051 0.921474 0.503205 0.898397
0 0.751282 0.938141 0.746795 0.948397 0.736538 0.974038 0.736538 0.994551 0.780769 0.997115 0.780769 0.980449 0.771795 0.957372 0.764103 0.944551
