0 0.949359 0.222756 0.878846 0.2625 0.846154 0.274038 0.844231 0.309936 0.842308 0.352244 0.83141 0.347115 0.814744 0.321474 0.797436 0.352244 0.827564 0.404808 0.875641 0.444551 0.875 0.486859 0.857051 0.554808 0.836538 0.584295 0.837179 0.613782 0.898718 0.629167 0.95641 0.667628 0.953846 0.624038 0.904487 0.557372 0.926282 0.507372 0.962179 0.494551 0.983333 0.503526 0.995513 0.513782 0.99359 0.261218 0.974359 0.249679 0.95641 0.209936
0 0.723077 0.363782 0.714103 0.422756 0.69359 0.507372 0.686538 0.549679 0.688462 0.602244 0.687821 0.661218 0.676923 0.700962 0.661538 0.739423 0.655128 0.797115 0.655769 0.8625 0.664103 0.970192 0.699359 0.983013 0.773077 0.994551 0.813462 0.979167 0.807051 0.877885 0.784615 0.809936 0.755769 0.867628 0.732692 0.925321 0.711538 0.890705 0.721795 0.830449 0.732692 0.794551 0.726923 0.774038 0.712179 0.730449 0.717308 0.679167 0.732051 0.631731 0.762821 0.591987 0.769872 0.543269 0.783974 0.477885 0.794231 0.430449 0.785897 0.390705 0.762179 0.374038 0.740385 0.3625
0 0.488462 0.411218 0.485897 0.45609 0.462821 0.474038 0.453846 0.495833 0.442949 0.508654 0.458333 0.579167 0.464103 0.608654 0.482051 0.622756 0.535256 0.630449 0.554487 0.527885 0.533333 0.480449 0.512821 0.454808 0.503205 0.424038 0.495513 0.413782
0 0.294231 0.335577 0.296795 0.386859 0.298718 0.424038 0.287179 0.452244 0.267949 0.471474 0.255769 0.498397 0.245513 0.524038 0.236538 0.547115 0.260897 0.593269 0.269231 0.641987 0.285897 0.747115 0.303846 0.790705 0.346154 0.780449 0.357051 0.753526 0.383974 0.681731 0.402564 0.649679 0.413462 0.617628 0.417949 0.539423 0.414744 0.4625 0.380128 0.385577 0.35641 0.40609 0.353205 0.345833 0.35641 0.331731 0.315385 0.3125 0.308974 0.3125
0 0.142949 0.567628 0.117949 0.597115 0.145513 0.653526 0.158333 0.684295 0.166667 0.743269 0.201282 0.697115 0.210256 0.639423 0.219231 0.595833 0.195513 0.563782 0.183333 0.553526 0.151923 0.549679
0 0.239744 0.845833 0.195513 0.911218 0.187821 0.927885 0.183974 0.965064 0.199359 0.995833 0.334615 0.989423 0.304487 0.929167 0.295513 0.899679 0.269872 0.86891 0.249359 0.848397
0 0.001282 0.607372 0.025641 0.5625 0.025641 0.544551 0.051282 0.515064 0.071795 0.500962 0.072436 0.445833 0.083333 0.386859 0.083333 0.372756 0.084615 0.350962 0.076282 0.317628 0.063462 0.291987 0.044231 0.294551 0.020513 0.313782 0.001923 0.322756
0 0.607692 0.022756 0.605769 0.066346 0.583974 0.099679 0.591026 0.140705 0.602564 0.159936 0.614744 0.183013 0.634615 0.122756 0.634615 0.080449 0.648718 0.081731 0.660256 0.043269 0.660256 0.011218 0.603205 0.00609
0 0.405128 0.070192 0.399359 0.10609 0.385897 0.116346 0.372436 0.145833 0.389744 0.171474 0.407692 0.170192 0.429487 0.140705 0.436538 0.107372 0.437179 0.065064 0.442308 0.016346 0.440385 0.004808 0.399359 0.009936
0 0.162179 0.039423 0.144872 0.071474 0.147436 0.133013 0.142308 0.161218 0.13141 0.188141 0.132051 0.215064 0.144872 0.234295 0.15641 0.1625 0.164744 0.125321 0.185256 0.099679 0.189103 0.071474 0.179487 0.045833
0 0.071795 0.685577 0.055769 0.720192 0.033974 0.75609 0.033974 0.784295 0.036538 0.793269 0.057692 0.795833 0.078205 0.766346 0.082692 0.735577 0.096795 0.684295 0.087179 0.647115
