0 0.771795 0.463782 0.757692 0.486859 0.754487 0.547115 0.754487 0.574038 0.753846 0.586859 0.751282 0.611218 0.748718 0.633013 0.739103 0.653526 0.733333 0.681731 0.734615 0.725321 0.742949 0.735577 0.769872 0.739423 0.795513 0.724038 0.830128 0.694551 0.905128 0.691987 0.912179 0.649679 0.919872 0.583013 0.907692 0.565064 0.876923 0.567628 0.860897 0.529167 0.85 0.489423 0.803205 0.479167 0.782692 0.467628
0 0.734615 0.161218 0.711538 0.177885 0.694872 0.213782 0.695513 0.259936 0.695513 0.286859 0.698077 0.313782 0.707051 0.331731 0.710256 0.347115 0.730769 0.365064 0.74359 0.344551 0.742949 0.297115 0.746795 0.258654 0.773077 0.229167 0.779487 0.204808 0.792949 0.179167 0.792949 0.152244 0.782051 0.143269 0.749359 0.153526
0 0.578205 0.038141 0.588462 0.077885 0.590385 0.125321 0.587179 0.16891 0.600641 0.203526 0.602564 0.244551 0.60641 0.265064 0.60641 0.286859 0.610897 0.331731 0.608974 0.3625 0.598718 0.385577 0.589103 0.400962 0.599359 0.443269 0.614103 0.491987 0.626282 0.497115 0.648718 0.489423 0.660897 0.438141 0.664744 0.385577 0.676923 0.335577 0.682692 0.3125 0.673718 0.249679 0.662821 0.222756 0.675 0.140705 0.669872 0.067628 0.667308 0.008654 0.614103 0.01891 0.592308 0.017628
0 0.122436 0.233013 0.119231 0.26891 0.098077 0.271474 0.090385 0.274038 0.092308 0.313782 0.111538 0.327885 0.137179 0.336859 0.151923 0.372756 0.185256 0.347115 0.2 0.350962 0.221795 0.335577 0.228846 0.302244 0.228846 0.25609 0.211538 0.230449 0.203846 0.222756 0.189103 0.249679 0.171795 0.241987 0.166667 0.225321 0.153846 0.217628 0.132051 0.236859
0 0.205128 0.033013 0.202564 0.065064 0.189103 0.109936 0.185897 0.117628 0.20641 0.153526 0.216026 0.177885 0.230128 0.184295 0.250641 0.149679 0.266026 0.130449 0.280769 0.121474 0.290385 0.133013 0.294872 0.139423 0.294872 0.183013 0.304487 0.224038 0.311538 0.229167 0.330128 0.226603 0.355128 0.191987 0.366667 0.109936 0.33141 0.063782 0.323718 0.0125 0.303205 0.00609 0.217949 0.00609
0 0.870513 0.017628 0.873718 0.033013 0.900641 0.093269 0.896154 0.115064 0.890385 0.133013 0.878846 0.125321 0.871795 0.115064 0.873077 0.144551 0.871795 0.171474 0.864103 0.203526 0.858333 0.234295 0.862821 0.279167 0.875641 0.326603 0.880128 0.345833 0.895513 0.389423 0.903846 0.399679 0.923718 0.383013 0.928205 0.357372 0.912821 0.298397 0.912821 0.276603 0.930128 0.225321 0.949359 0.239423 0.970513 0.25609 0.985256 0.250962 0.979487 0.195833 0.982051 0.145833 0.996795 0.152244 0.996795 0.008654 0.883974 0.008654
0 0.257051 0.21891 0.258974 0.244551 0.248718 0.265064 0.266026 0.303526 0.285256 0.363782 0.292949 0.374038 0.280769 0.424038 0.257692 0.450962 0.238462 0.486859 0.230128 0.502244 0.252564 0.545833 0.257051 0.549679 0.276923 0.515064 0.295513 0.459936 0.328846 0.438141 0.332692 0.40609 0.326282 0.361218 0.324359 0.326603 0.325641 0.275321 0.305128 0.249679 0.290385 0.229167 0.266667 0.230449
0 0.063462 0.384295 0.080769 0.393269 0.115385 0.41891 0.135256 0.458654 0.129487 0.483013 0.105128 0.508654 0.069872 0.550962 0.060256 0.566346 0.050641 0.575321 0.041667 0.585577 0.025 0.575321 0.021154 0.517628 0.010897 0.503526 0.001923 0.495833 0.003846 0.385577 0.036538 0.381731
0 0.058974 0.816346 0.067308 0.85609 0.072436 0.879167 0.075641 0.938141 0.080769 0.954808 0.089744 0.988141 0.153205 0.989423 0.180128 0.90609 0.184615 0.876603 0.160897 0.844551 0.137179 0.816346 0.115385 0.788141 0.102564 0.788141 0.086538 0.790705
0 0.370513 0.553526 0.40641 0.533013 0.414103 0.600962 0.403846 0.657372 0.380769 0.699679 0.389103 0.729167 0.402564 0.757372 0.409615 0.771474 0.385256 0.817628 0.364103 0.821474 0.327564 0.80609 0.310256 0.776603 0.311538 0.726603 0.320513 0.66891 0.314103 0.633013 0.342308 0.559936 0.362821 0.566346
0 0.422436 0.067628 0.414744 0.131731 0.408974 0.174038 0.40641 0.183013 0.429487 0.190705 0.451923 0.172756 0.475641 0.098397 0.477564 0.059936 0.441026 0.054808 0.430769 0.066346
0 0.103205 0.041987 0.089744 0.049679 0.071154 0.071474 0.075 0.10609 0.08141 0.11891 0.092949 0.125321 0.101923 0.125321 0.127564 0.130449 0.142949 0.103526 0.130769 0.041987 0.120513 0.039423
0 0.814744 0.916346 0.784615 0.941987 0.764744 0.981731 0.841026 0.990705 0.859615 0.959936 0.844231 0.925321 0.841026 0.925321
0 0.503846 0.011218 0.507051 0.033013 0.519231 0.043269 0.540385 0.047115 0.551923 0.049679 0.575 0.004808 0.514744 0.008654
0 0.967949 0.776603 0.967308 0.833013 0.960897 0.86891 0.949359 0.898397 0.945513 0.929167 0.94359 0.957372 0.944872 0.989423 0.996154 0.989423 0.989744 0.779167
0 0.489744 0.336859 0.472436 0.353526 0.478846 0.399679 0.48141 0.41891 0.487179 0.439423 0.504487 0.422756 0.523718 0.391987 0.523718 0.359936 0.498077 0.347115
