0 0.522436 0.108654 0.471795 0.122756 0.452564 0.138141 0.469872 0.16891 0.460256 0.20609 0.452564 0.233013 0.485897 0.280449 0.519231 0.326603 0.540385 0.349679 0.549359 0.377885 0.557692 0.467628 0.576282 0.466346 0.598077 0.354808 0.592949 0.317628 0.594231 0.243269 0.605128 0.190705 0.621154 0.153526 0.629487 0.100962 0.603205 0.080449 0.563462 0.083013 0.532692 0.097115
0 0.183974 0.035577 0.142949 0.094551 0.112179 0.113782 0.135897 0.188141 0.170513 0.217628 0.214103 0.35609 0.237821 0.435577 0.273077 0.447115 0.297436 0.389423 0.289744 0.311218 0.276282 0.227885 0.260256 0.084295 0.23141 0.049679 0.201923 0.021474
0 0.148077 0.279167 0.117308 0.343269 0.109615 0.393269 0.108974 0.435577 0.112821 0.453526 0.169872 0.485577 0.20641 0.489423 0.199359 0.400962 0.185897 0.341987 0.175641 0.307372 0.158974 0.279167 0.149359 0.265064
0 0.357692 0.331731 0.312821 0.36891 0.350641 0.490705 0.355769 0.522756 0.384615 0.545833 0.403846 0.552244 0.416667 0.495833 0.416667 0.434295 0.395513 0.395833 0.378846 0.358654 0.357051 0.317628
0 0.203846 0.690705 0.139744 0.717628 0.130769 0.763782 0.141026 0.813782 0.195513 0.836859 0.215385 0.793269 0.221795 0.739423 0.217949 0.715064 0.203205 0.677885
0 0.0 0.599679 0.025 0.558654 0.042949 0.540705 0.085256 0.559936 0.091667 0.611218 0.080769 0.665064 0.039103 0.722756 0.021154 0.784295 0.003205 0.808654
0 0.003846 0.489423 0.037179 0.415064 0.052564 0.357372 0.041667 0.339423 0.026282 0.357372 0.012821 0.344551 0.007051 0.308654 0.001282 0.291987
0 0.546795 0.679167 0.512179 0.738141 0.532692 0.824038 0.548718 0.81891 0.576282 0.789423 0.625 0.804808 0.648077 0.821474 0.685256 0.920192 0.702564 0.95609 0.716026 0.995833 0.816667 0.989423 0.792949 0.889423 0.732692 0.781731 0.657692 0.681731 0.564103 0.685577
0 0.792949 0.389423 0.762179 0.436859 0.776923 0.548397 0.805128 0.584295 0.823718 0.603526 0.854487 0.533013 0.844231 0.45609 0.851282 0.409936 0.853205 0.394551 0.833974 0.388141 0.823718 0.393269
0 0.886538 0.588141 0.848718 0.645833 0.837179 0.699679 0.830128 0.771474 0.821795 0.822756 0.869872 0.86891 0.892308 0.881731 0.916026 0.877885 0.946154 0.724038 0.923077 0.640705 0.892308 0.602244
