0 0.705128 0.095833 0.694872 0.107372 0.709615 0.194551 0.711538 0.2125 0.713462 0.222756 0.726923 0.236859 0.741026 0.277885 0.746795 0.284295 0.771154 0.303526 0.78141 0.275321 0.802564 0.274038 0.819231 0.288141 0.832692 0.276603 0.849359 0.235577 0.866026 0.154808 0.894872 0.102244 0.878846 0.003526 0.737179 0.009936 0.773718 0.045833 0.792949 0.081731 0.794872 0.135577 0.780769 0.150962 0.765385 0.120192 0.740385 0.072756 0.717949 0.071474
0 0.373077 0.015064 0.358333 0.044551 0.336538 0.050962 0.313462 0.104808 0.29359 0.153526 0.287179 0.200962 0.298077 0.239423 0.310256 0.265064 0.380769 0.291987 0.389744 0.288141 0.385256 0.353526 0.400641 0.422756 0.421154 0.444551 0.437179 0.450962 0.446795 0.426603 0.423718 0.374038 0.437179 0.302244 0.457051 0.288141 0.474359 0.248397 0.490385 0.213782 0.471795 0.098397 0.417308 0.026603 0.421795 0.004808
0 0.137179 0.013782 0.125641 0.047115 0.122436 0.075321 0.144872 0.102244 0.153205 0.111218 0.166026 0.120192 0.185897 0.126603 0.200641 0.131731 0.196154 0.10609 0.191667 0.083013 0.205128 0.040705 0.224359 0.00609 0.14359 0.003526
0 0.001923 0.130449 0.052564 0.147115 0.067308 0.158654 0.092949 0.176603 0.121154 0.226603 0.133333 0.240705 0.153205 0.309936 0.132692 0.330449 0.075 0.347115 0.070513 0.377885 0.054487 0.395833 0.039103 0.394551 0.003846 0.390705
0 0.001282 0.557372 0.016026 0.589423 0.022436 0.603526 0.046795 0.607372 0.058333 0.584295 0.085897 0.5625 0.103846 0.543269 0.132692 0.526603 0.157692 0.591987 0.167308 0.615064 0.182692 0.666346 0.166667 0.724038 0.133974 0.800962 0.125 0.784295 0.105769 0.621474 0.098718 0.633013 0.078846 0.784295 0.084615 0.81891 0.090385 0.841987 0.103846 0.866346 0.121154 0.908654 0.094231 0.971474 0.076282 0.945833 0.047436 0.957372 0.049359 0.991987 0.003846 0.991987 0.004487 0.883013 0.030769 0.876603 0.030769 0.86891 0.021154 0.826603 0.037821 0.803526 0.040385 0.771474 0.036538 0.709936 0.002564 0.66891
0 0.225 0.721474 0.227564 0.757372 0.228205 0.784295 0.246795 0.800962 0.280128 0.830449 0.262821 0.904808 0.253846 0.883013 0.188462 0.809936 0.165385 0.845833 0.166667 0.902244 0.19359 0.961218 0.25641 0.991987 0.279487 0.963782 0.301282 0.913782 0.316026 0.845833 0.332692 0.790705 0.35 0.724038 0.335256 0.685577 0.282692 0.702244 0.254487 0.700962
0 0.914103 0.240705 0.924359 0.274038 0.926923 0.281731 0.960897 0.266346 0.982692 0.298397 0.989744 0.330449 0.998077 0.315064 0.997436 0.236859 0.980769 0.20609 0.954487 0.190705 0.937821 0.199679 0.919872 0.220192
0 0.839103 0.375321 0.795513 0.407372 0.776923 0.485577 0.759615 0.61891 0.751923 0.634295 0.730128 0.661218 0.715385 0.672756 0.697436 0.700962 0.714103 0.81891 0.689744 0.852244 0.648718 0.802244 0.601282 0.780449 0.578846 0.840705 0.528205 0.844551 0.528846 0.922756 0.562179 0.966346 0.598077 0.994551 0.882051 0.990705 0.872436 0.899679 0.873718 0.813782 0.876923 0.724038 0.878846 0.653526 0.891667 0.593269 0.894231 0.511218 0.865385 0.399679 0.851282 0.370192
0 0.980128 0.377885 0.944872 0.365064 0.939103 0.450962 0.948718 0.499679 0.95 0.550962 0.954487 0.639423 0.940385 0.693269 0.920513 0.713782 0.907692 0.757372 0.90641 0.815064 0.928205 0.915064 0.928205 0.953526 0.926923 0.991987 0.996795 0.991987 0.994872 0.383013
0 0.346795 0.980449 0.379487 0.945833 0.4 0.958654 0.411538 0.944551 0.442949 0.943269 0.476282 0.952244 0.486538 0.972756 0.485256 0.995833 0.340385 0.998397
