0 0.991026 0.063782 0.923718 0.143269 0.892949 0.148397 0.855769 0.194551 0.873077 0.263782 0.891667 0.313782 0.913462 0.331731 0.937179 0.304808 0.972436 0.248397 0.994872 0.230449 0.996795 0.080449
0 0.587179 0.008654 0.578205 0.039423 0.555769 0.097115 0.528205 0.208654 0.542949 0.239423 0.548718 0.250962 0.58141 0.235577 0.603846 0.188141 0.647436 0.131731 0.686538 0.081731 0.68141 0.029167 0.663462 0.004808
0 0.383974 0.21891 0.366667 0.222756 0.360256 0.289423 0.358333 0.358654 0.382051 0.383013 0.425 0.3625 0.433974 0.308654 0.430769 0.250962 0.403205 0.226603
0 0.005769 0.248397 0.055769 0.253526 0.083974 0.225321 0.109615 0.203526 0.123718 0.161218 0.116667 0.147115 0.15 0.11891 0.222436 0.088141 0.253205 0.06891 0.310256 0.066346 0.329487 0.085577 0.289744 0.181731 0.232692 0.21891 0.190385 0.267628 0.187179 0.35609 0.226282 0.398397 0.25 0.444551 0.212821 0.50609 0.176923 0.541987 0.137179 0.521474 0.133974 0.457372 0.099359 0.431731 0.079487 0.407372 0.053205 0.415064 0.002564 0.447115 0.003205 0.281731
0 0.215385 0.529167 0.187821 0.583013 0.163462 0.617628 0.151923 0.698397 0.15641 0.725321 0.157051 0.777885 0.176282 0.827885 0.185256 0.899679 0.182051 0.966346 0.194872 0.989423 0.416026 0.995833 0.426923 0.917628 0.430128 0.861218 0.402564 0.844551 0.392949 0.794551 0.430128 0.765064 0.457692 0.721474 0.446154 0.60609 0.466026 0.524038 0.466667 0.477885 0.444231 0.479167 0.378205 0.5625 0.375641 0.708654 0.357051 0.781731 0.357051 0.813782 0.333974 0.795833 0.320513 0.738141 0.325 0.631731 0.323077 0.571474 0.326282 0.476603 0.289103 0.508654 0.23141 0.5125
0 0.003846 0.724038 0.014103 0.743269 0.032051 0.780449 0.08141 0.897115 0.100641 0.985577 0.003846 0.990705 0.001923 0.785577
0 0.567308 0.81891 0.509615 0.861218 0.455769 0.891987 0.441026 0.922756 0.435256 0.967628 0.458333 0.995833 0.54359 0.994551 0.592308 0.934295 0.592949 0.86891 0.580128 0.836859 0.569231 0.80609
0 0.600641 0.4125 0.549359 0.466346 0.564103 0.535577 0.578205 0.663782 0.591026 0.689423 0.647436 0.688141 0.671795 0.576603 0.674359 0.504808 0.678846 0.454808 0.645513 0.424038 0.624359 0.409936
0 0.711538 0.700962 0.686538 0.717628 0.670513 0.758654 0.661538 0.791987 0.653205 0.830449 0.660897 0.867628 0.707051 0.865064 0.707051 0.836859 0.702564 0.790705 0.727564 0.729167 0.730128 0.711218
0 0.969231 0.615064 0.954487 0.715064 0.950641 0.757372 0.966667 0.798397 0.997436 0.799679 0.996795 0.602244
0 0.795513 0.850962 0.746154 0.881731 0.724359 0.907372 0.73141 0.931731 0.737821 0.953526 0.751923 0.984295 0.858333 0.988141 0.883333 0.924038 0.922436 0.929167 0.953205 0.921474 0.95641 0.853526 0.946795 0.809936 0.928205 0.785577 0.889103 0.829167 0.870513 0.866346 0.830128 0.872756
