0 0.516026 0.039423 0.522436 0.138141 0.494231 0.231731 0.499359 0.300962 0.517308 0.404808 0.544872 0.357372 0.612821 0.339423 0.647436 0.257372 0.69359 0.15609 0.728846 0.007372 0.526923 0.009936
0 0.258974 0.008654 0.244872 0.061218 0.220513 0.093269 0.216026 0.163782 0.249359 0.190705 0.341667 0.265064 0.378205 0.286859 0.382051 0.231731 0.376282 0.186859 0.394231 0.100962 0.38141 0.00609
0 0.057051 0.009936 0.09359 0.0625 0.061538 0.070192 0.074359 0.16891 0.101923 0.190705 0.139103 0.150962 0.199359 0.10609 0.205128 0.007372
0 0.002564 0.317628 0.036538 0.317628 0.038462 0.279167 0.088462 0.229167 0.101282 0.229167 0.114744 0.244551 0.119872 0.289423 0.125641 0.353526 0.11859 0.417628 0.096154 0.41891 0.070513 0.416346 0.062179 0.413782 0.048077 0.445833 0.003205 0.449679
0 0.289103 0.302244 0.264103 0.398397 0.319872 0.398397 0.294872 0.465064 0.321795 0.580449 0.309615 0.620192 0.266026 0.647115 0.217949 0.754808 0.262179 0.754808 0.312179 0.744551 0.370513 0.731731 0.408333 0.803526 0.420513 0.849679 0.451282 0.816346 0.446795 0.771474 0.457692 0.674038 0.455769 0.645833 0.441026 0.583013 0.433974 0.536859 0.392949 0.393269 0.367949 0.316346 0.344872 0.322756 0.333333 0.30609 0.294872 0.290705
0 0.616667 0.430449 0.620513 0.484295 0.624359 0.547115 0.619231 0.575321 0.596154 0.608654 0.566667 0.577885 0.505769 0.598397 0.480128 0.620192 0.486538 0.644551 0.490385 0.720192 0.529487 0.811218 0.550641 0.808654 0.578846 0.726603 0.599359 0.665064 0.657692 0.621474 0.691667 0.598397 0.7 0.547115 0.694231 0.502244 0.680128 0.461218 0.640385 0.402244
0 0.829487 0.393269 0.816667 0.439423 0.814103 0.497115 0.817949 0.513782 0.859615 0.536859 0.867308 0.552244 0.885256 0.554808 0.901282 0.530449 0.891026 0.45609 0.866667 0.421474 0.850641 0.386859
0 0.851923 0.015064 0.829487 0.061218 0.822436 0.088141 0.830128 0.120192 0.837821 0.141987 0.852564 0.140705 0.870513 0.133013 0.876282 0.086859 0.873077 0.007372 0.858974 0.002244
0 0.969872 0.00609 0.966667 0.036859 0.928205 0.045833 0.916667 0.083013 0.917308 0.129167 0.935256 0.197115 0.939744 0.216346 0.996154 0.339423 0.996795 0.00609
0 0.898077 0.589423 0.892949 0.615064 0.873077 0.617628 0.860897 0.615064 0.842308 0.708654 0.840385 0.720192 0.857692 0.758654 0.872436 0.793269 0.877564 0.799679 0.896795 0.811218 0.916667 0.8125 0.939744 0.793269 0.942949 0.758654 0.940385 0.707372 0.933974 0.650962 0.934615 0.584295 0.921154 0.590705
0 0.00641 0.895833 0.016667 0.865064 0.035897 0.831731 0.067308 0.817628 0.105128 0.815064 0.107692 0.840705 0.087179 0.874038 0.065385 0.933013 0.055769 0.991987 0.003846 0.993269 0.003205 0.9125
0 0.088462 0.959936 0.082051 0.934295 0.091026 0.941987 0.133974 0.941987 0.140385 0.941987 0.153205 0.908654 0.182051 0.903526 0.2 0.897115 0.209615 0.908654 0.2 0.935577 0.190385 0.9625 0.190385 0.995833 0.080128 0.994551
0 0.757051 0.975321 0.808974 0.926603 0.81859 0.899679 0.855128 0.889423 0.867308 0.897115 0.897436 0.908654 0.892949 0.993269 0.758974 0.993269
