0 0.623077 0.217628 0.599359 0.320192 0.569872 0.383013 0.548718 0.45609 0.563462 0.571474 0.583974 0.683013 0.589744 0.715064 0.601282 0.736859 0.65 0.689423 0.678205 0.658654 0.655769 0.574038 0.615385 0.511218 0.610897 0.484295 0.626923 0.438141 0.657051 0.400962 0.687821 0.354808 0.692308 0.321474 0.676923 0.266346 0.649359 0.217628
0 0.717308 0.203526 0.695513 0.261218 0.723718 0.30609 0.776282 0.259936 0.773718 0.21891
0 0.825 0.281731 0.810897 0.365064 0.780128 0.413782 0.757051 0.470192 0.730128 0.493269 0.700641 0.522756 0.688462 0.570192 0.719231 0.617628 0.787821 0.677885 0.80641 0.588141 0.805128 0.459936 0.835897 0.457372 0.866667 0.481731 0.901923 0.426603 0.925641 0.371474 0.924359 0.348397 0.894231 0.297115 0.875641 0.277885 0.849359 0.290705
0 0.955769 0.380449 0.950641 0.46891 0.928205 0.539423 0.878205 0.589423 0.892308 0.653526 0.914744 0.71891 0.998077 0.704808 0.996795 0.400962 0.974359 0.386859
0 0.588462 0.004808 0.033333 0.004808 0.023077 0.100962 0.007692 0.225321 0.023077 0.261218 0.076923 0.289423 0.135256 0.325321 0.194231 0.321474 0.234615 0.313782 0.274359 0.315064 0.339103 0.236859 0.347436 0.150962 0.369872 0.075321 0.401282 0.063782 0.413462 0.158654 0.436538 0.198397 0.496154 0.177885 0.535256 0.133013 0.560897 0.111218
0 0.007051 0.313782 0.001923 0.336859 0.002564 0.677885 0.026282 0.722756 0.062179 0.743269 0.078205 0.766346 0.089744 0.772756 0.105128 0.771474 0.133333 0.721474 0.204487 0.699679 0.215385 0.659936 0.194872 0.561218 0.196795 0.489423 0.196154 0.439423 0.142949 0.420192 0.117308 0.530449 0.096154 0.570192 0.057051 0.577885 0.033333 0.538141 0.026923 0.481731 0.023077 0.377885
0 0.780128 0.785577 0.755128 0.809936 0.725641 0.816346 0.728846 0.900962 0.762821 0.929167 0.789744 0.920192 0.807051 0.843269 0.796154 0.798397
0 0.330769 0.900962 0.339744 0.990705 0.400641 0.984295 0.405128 0.90609 0.396795 0.880449 0.366667 0.917628 0.337179 0.872756
0 0.478205 0.267628 0.523718 0.363782 0.523077 0.407372 0.51859 0.420192 0.548718 0.386859 0.566026 0.343269 0.55 0.26891 0.533333 0.243269 0.504487 0.259936
0 0.887821 0.017628 0.879487 0.047115 0.880128 0.072756 0.883974 0.089423 0.898077 0.102244 0.915385 0.085577 0.927564 0.05609 0.921795 0.016346
