0 0.347436 0.199679 0.332692 0.220192 0.272436 0.229167 0.266667 0.239423 0.275641 0.280449 0.258974 0.284295 0.238462 0.303526 0.235256 0.358654 0.226923 0.397115 0.229487 0.470192 0.239103 0.534295 0.251923 0.548397 0.287179 0.536859 0.303846 0.493269 0.298718 0.439423 0.319231 0.400962 0.367949 0.363782 0.380128 0.333013 0.398718 0.241987 0.446154 0.234295 0.480128 0.217628 0.484615 0.126603 0.485897 0.030449 0.480128 0.007372 0.453205 0.020192 0.439103 0.05609 0.419872 0.097115 0.409615 0.116346 0.376923 0.135577 0.373077 0.165064 0.370513 0.200962
0 0.535897 0.016346 0.534615 0.076603 0.535256 0.145833 0.511538 0.165064 0.524359 0.198397 0.535897 0.203526 0.545513 0.203526 0.603846 0.179167 0.63141 0.179167 0.639103 0.136859 0.655128 0.039423 0.651923 0.021474 0.586538 0.029167 0.584615 0.009936 0.544872 0.004808
0 0.61859 0.2125 0.580769 0.259936 0.583974 0.295833 0.587179 0.3125 0.597436 0.336859 0.579487 0.366346 0.563462 0.381731 0.559615 0.400962 0.567949 0.45609 0.576923 0.467628 0.617308 0.479167 0.630769 0.459936 0.621795 0.425321 0.616667 0.371474 0.625641 0.348397 0.64359 0.370192 0.654487 0.3625 0.703205 0.322756 0.700641 0.26891 0.641026 0.222756 0.630128 0.197115
0 0.707051 0.05609 0.701923 0.130449 0.707692 0.147115 0.74359 0.150962 0.776282 0.188141 0.779487 0.198397 0.826282 0.209936 0.845513 0.157372 0.827564 0.058654 0.814744 0.039423 0.792308 0.059936 0.777564 0.093269 0.757051 0.076603 0.751282 0.063782 0.746795 0.05609
0 0.973077 0.020192 0.960256 0.089423 0.952564 0.127885 0.945513 0.163782 0.970513 0.209936 0.996154 0.238141 0.996795 0.011218 0.985256 0.016346
0 0.796795 0.293269 0.790385 0.333013 0.767949 0.327885 0.761538 0.365064 0.764103 0.407372 0.766667 0.421474 0.775641 0.470192 0.773077 0.507372 0.760256 0.557372 0.771795 0.594551 0.771154 0.648397 0.794231 0.652244 0.80641 0.594551 0.811538 0.536859 0.800641 0.486859 0.805128 0.421474 0.826282 0.386859 0.842308 0.334295 0.848077 0.300962 0.835897 0.297115 0.812821 0.294551
0 0.483333 0.470192 0.489744 0.509936 0.496154 0.539423 0.500641 0.561218 0.496154 0.590705 0.51859 0.640705 0.541667 0.622756 0.530128 0.574038 0.53141 0.524038 0.530128 0.498397 0.522436 0.46891 0.497436 0.461218
0 0.646795 0.597115 0.64359 0.621474 0.662179 0.602244 0.673718 0.621474 0.672436 0.650962 0.660256 0.665064 0.653205 0.670192 0.653205 0.695833 0.677564 0.713782 0.696154 0.766346 0.699359 0.789423 0.701282 0.8125 0.708333 0.830449 0.725641 0.838141 0.730128 0.803526 0.722436 0.707372 0.717949 0.694551 0.701923 0.671474 0.698718 0.635577 0.705769 0.595833 0.696154 0.594551 0.664744 0.581731
0 0.08141 0.20609 0.086538 0.177885 0.086538 0.138141 0.094231 0.109936 0.113462 0.089423 0.123718 0.035577 0.134615 0.021474 0.146795 0.050962 0.159615 0.067628 0.170513 0.070192 0.165385 0.149679 0.180128 0.179167 0.19359 0.139423 0.207051 0.084295 0.225 0.093269 0.239103 0.179167 0.222436 0.204808 0.195513 0.225321 0.165385 0.25609 0.165385 0.303526 0.142949 0.389423 0.136538 0.458654 0.133333 0.46891 0.105128 0.436859 0.066026 0.403526 0.06859 0.340705 0.05 0.302244 0.053846 0.254808 0.080769 0.250962 0.101282 0.258654 0.109615 0.239423 0.09359 0.21891 0.078205 0.21891
0 0.155128 0.624038 0.128846 0.649679 0.125 0.683013 0.146795 0.703526 0.191667 0.681731 0.223077 0.639423 0.198718 0.633013
0 0.140385 0.744551 0.126923 0.817628 0.128205 0.870192 0.129487 0.888141 0.128846 0.986859 0.144872 0.991987 0.433974 0.994551 0.465385 0.920192 0.487179 0.889423 0.507692 0.816346 0.476923 0.848397 0.459615 0.831731 0.389744 0.781731 0.363462 0.802244 0.299359 0.840705 0.260897 0.830449 0.247436 0.858654 0.223077 0.874038 0.212821 0.849679 0.198718 0.802244 0.188462 0.767628 0.183974 0.754808 0.144872 0.761218
0 0.298718 0.595833 0.277564 0.635577 0.277564 0.677885 0.292949 0.729167 0.301282 0.791987 0.307692 0.808654 0.316026 0.81891 0.335256 0.803526 0.355769 0.771474 0.367308 0.759936 0.359615 0.716346 0.333333 0.731731 0.321795 0.688141 0.325641 0.633013 0.341026 0.591987 0.322436 0.595833
0 0.869872 0.725321 0.857692 0.784295 0.822436 0.807372 0.816026 0.81891 0.8 0.817628 0.804487 0.859936 0.807051 0.894551 0.810256 0.917628 0.819872 0.971474 0.84359 0.995833 0.867308 0.986859 0.857051 0.936859 0.838462 0.915064 0.837179 0.893269 0.871795 0.879167 0.889744 0.871474 0.897436 0.809936 0.904487 0.7625 0.890385 0.735577
0 0.988462 0.500962 0.971795 0.507372 0.966026 0.530449 0.976282 0.580449 0.977564 0.617628 0.995513 0.638141 0.998077 0.504808
0 0.669872 0.388141 0.662821 0.46891 0.659615 0.494551 0.659615 0.516346 0.666026 0.524038 0.679487 0.511218 0.701923 0.489423 0.701282 0.458654 0.686538 0.384295
0 0.677564 0.95609 0.644231 0.986859 0.692308 0.993269 0.691026 0.965064
