0 0.458333 0.086859 0.435256 0.094551 0.410897 0.10609 0.412821 0.131731 0.417308 0.170192 0.425 0.208654 0.427564 0.238141 0.429487 0.324038 0.429487 0.380449 0.430128 0.41891 0.416026 0.445833 0.39359 0.488141 0.405128 0.521474 0.415385 0.544551 0.446795 0.584295 0.475 0.611218 0.505769 0.615064 0.521795 0.547115 0.526282 0.488141 0.527564 0.431731 0.53141 0.372756 0.509615 0.3625 0.475 0.371474 0.461538 0.3625 0.461538 0.293269 0.460256 0.229167 0.465385 0.220192 0.475 0.231731 0.503846 0.271474 0.523718 0.26891 0.530769 0.180449 0.53141 0.145833 0.504487 0.148397 0.487179 0.157372 0.467308 0.141987 0.48141 0.116346 0.478205 0.095833
0 0.5 0.021474 0.520513 0.040705 0.519231 0.089423 0.516667 0.102244 0.539744 0.125321 0.539744 0.153526 0.541026 0.176603 0.546795 0.195833 0.572436 0.243269 0.599359 0.249679 0.633974 0.236859 0.644872 0.198397 0.623077 0.145833 0.628205 0.093269 0.607692 0.044551 0.591667 0.063782 0.579487 0.06891 0.578205 0.041987 0.59359 0.00609 0.503846 0.002244
0 0.630128 0.004808 0.617949 0.029167 0.611538 0.040705 0.624359 0.063782 0.642308 0.063782 0.654487 0.080449 0.671154 0.100962 0.694231 0.1125 0.732692 0.129167 0.757051 0.130449 0.769872 0.116346 0.773718 0.081731 0.773718 0.035577 0.762179 0.017628 0.740385 0.004808
0 0.740385 0.261218 0.745513 0.311218 0.744231 0.347115 0.737179 0.372756 0.758974 0.381731 0.769231 0.420192 0.787821 0.440705 0.805769 0.444551 0.826923 0.431731 0.848077 0.380449 0.842308 0.334295 0.824359 0.290705 0.812179 0.31891 0.803205 0.308654 0.791667 0.274038 0.778846 0.231731 0.766667 0.221474 0.766026 0.235577 0.751923 0.243269
0 0.912179 0.350962 0.895513 0.367628 0.879487 0.383013 0.898718 0.425321 0.922436 0.409936 0.930769 0.374038 0.941026 0.363782 0.948718 0.344551 0.937821 0.333013 0.923077 0.343269
0 0.637179 0.529167 0.61859 0.559936 0.594872 0.579167 0.587821 0.570192 0.569231 0.608654 0.567308 0.634295 0.551282 0.715064 0.548718 0.733013 0.562179 0.803526 0.567308 0.827885 0.587179 0.883013 0.607692 0.926603 0.624359 0.970192 0.625641 0.991987 0.698077 0.991987 0.705769 0.936859 0.705128 0.895833 0.688462 0.879167 0.664744 0.889423 0.647436 0.877885 0.632051 0.845833 0.626282 0.807372 0.628205 0.765064 0.65 0.721474 0.689103 0.679167 0.698077 0.61891 0.691667 0.579167 0.674359 0.563782 0.653205 0.567628
0 0.248718 0.004808 0.241667 0.045833 0.23141 0.122756 0.216026 0.149679 0.204487 0.188141 0.187821 0.249679 0.182692 0.299679 0.180769 0.327885 0.153205 0.316346 0.133974 0.31891 0.135256 0.397115 0.141667 0.472756 0.144872 0.503526 0.166026 0.530449 0.198077 0.535577 0.225641 0.479167 0.24359 0.430449 0.247436 0.366346 0.241026 0.297115 0.242949 0.250962 0.254487 0.258654 0.257692 0.244551 0.259615 0.208654 0.267949 0.195833 0.287821 0.176603 0.314744 0.158654 0.345513 0.131731 0.353846 0.080449 0.354487 0.034295 0.348718 0.007372
0 0.057692 0.007372 0.060256 0.044551 0.077564 0.094551 0.094231 0.103526 0.112821 0.103526 0.110256 0.170192 0.132051 0.188141 0.15 0.179167 0.177564 0.161218 0.185897 0.153526 0.189744 0.072756 0.164103 0.077885 0.150641 0.044551 0.141026 0.004808
0 0.001282 0.094551 0.030769 0.083013 0.048077 0.090705 0.071795 0.111218 0.094231 0.138141 0.102564 0.20609 0.112179 0.252244 0.116026 0.286859 0.125641 0.365064 0.112179 0.407372 0.096795 0.454808 0.082692 0.474038 0.06859 0.484295 0.042949 0.500962 0.012821 0.5125 0.001923 0.509936 0.003205 0.394551 0.014103 0.434295 0.021154 0.433013 0.025641 0.400962 0.024359 0.3625 0.016026 0.350962 0.002564 0.35609 0.002564 0.307372 0.010897 0.304808 0.022436 0.275321 0.017308 0.233013 0.003205 0.189423 0.001282 0.175321
0 0.002564 0.654808 0.028846 0.649679 0.042308 0.640705 0.044872 0.648397 0.046795 0.70609 0.05 0.738141 0.055769 0.741987 0.058974 0.715064 0.076923 0.753526 0.064744 0.779167 0.060897 0.807372 0.057692 0.820192 0.035897 0.857372 0.023718 0.8625 0.000641 0.861218
0 0.002564 0.927885 0.007692 0.953526 0.021795 0.950962 0.034615 0.931731 0.028846 0.989423 0.002564 0.995833
0 0.066667 0.909936 0.052564 0.948397 0.046154 0.993269 0.114103 0.998397 0.114744 0.976603 0.098718 0.939423 0.096154 0.911218
0 0.076923 0.66891 0.071795 0.708654 0.091667 0.71891 0.123718 0.752244 0.146154 0.748397 0.167308 0.734295 0.178205 0.731731 0.191667 0.740705 0.189744 0.7625 0.203205 0.798397 0.213462 0.803526 0.240385 0.797115 0.253205 0.767628 0.247436 0.727885 0.225641 0.720192 0.21859 0.700962 0.211538 0.688141 0.223077 0.644551 0.223077 0.629167 0.199359 0.643269 0.190385 0.661218 0.182051 0.654808 0.169231 0.640705 0.144872 0.60609 0.136538 0.6125 0.125 0.630449 0.085256 0.652244
0 0.290385 0.539423 0.290385 0.583013 0.267949 0.60609 0.271795 0.658654 0.284615 0.691987 0.302564 0.720192 0.316667 0.725321 0.337821 0.717628 0.346795 0.686859 0.349359 0.649679 0.332051 0.639423 0.310897 0.630449 0.310897 0.60609 0.317308 0.567628 0.336538 0.576603 0.346795 0.60609 0.366026 0.60609 0.385256 0.580449 0.387179 0.548397 0.380769 0.521474 0.357051 0.5125 0.333974 0.513782 0.30641 0.516346
0 0.267308 0.845833 0.258333 0.871474 0.253205 0.894551 0.253205 0.938141 0.253846 0.957372 0.249359 0.971474 0.242308 0.994551 0.282051 0.985577 0.295513 0.940705 0.305128 0.903526 0.298077 0.858654 0.289744 0.843269
0 0.387179 0.771474 0.375641 0.821474 0.369231 0.836859 0.352564 0.833013 0.346154 0.872756 0.348718 0.903526 0.352564 0.920192 0.358333 0.933013 0.358974 0.949679 0.353205 0.967628 0.341026 0.994551 0.409615 0.994551 0.423718 0.959936 0.417949 0.927885 0.416667 0.884295 0.423077 0.867628 0.439103 0.899679 0.44359 0.940705 0.457692 0.936859 0.483333 0.875321 0.462821 0.80609 0.410897 0.761218
0 0.542308 0.931731 0.524359 0.95609 0.516667 0.980449 0.516667 0.994551 0.584615 0.993269 0.589744 0.9625 0.582051 0.936859 0.562179 0.929167
0 0.782051 0.765064 0.787821 0.815064 0.79359 0.835577 0.810256 0.861218 0.830128 0.872756 0.844872 0.821474 0.846154 0.767628 0.819231 0.789423 0.798718 0.772756
0 0.987821 0.548397 0.973718 0.586859 0.960897 0.591987 0.962821 0.613782 0.962821 0.643269 0.980769 0.671474 0.978205 0.689423 0.987821 0.708654 0.996795 0.726603 0.998077 0.541987
0 0.964103 0.759936 0.942308 0.788141 0.939103 0.81891 0.939744 0.834295 0.942949 0.870192 0.946154 0.889423 0.95 0.909936 0.957051 0.925321 0.975641 0.936859 0.977564 0.9125 0.989744 0.870192 0.997436 0.86891 0.998718 0.813782 0.985256 0.824038 0.978846 0.8125 0.971154 0.774038
0 0.924359 0.641987 0.903846 0.649679 0.896795 0.639423 0.928205 0.666346 0.936538 0.681731 0.948077 0.657372 0.933974 0.641987
0 0.792949 0.485577 0.798077 0.533013 0.807051 0.55609 0.820513 0.5625 0.824359 0.559936 0.813462 0.533013 0.801923 0.517628 0.801923 0.466346 0.800641 0.457372 0.791667 0.459936
