0 0.665385 0.215064 0.624359 0.297115 0.577564 0.349679 0.562179 0.35609 0.607692 0.461218 0.641026 0.526603 0.692308 0.454808 0.710897 0.448397 0.757692 0.404808 0.783974 0.375321 0.769872 0.290705 0.766667 0.247115 0.736538 0.280449 0.719231 0.276603 0.724359 0.179167 0.708974 0.170192
0 0.619872 0.050962 0.603205 0.06891 0.596795 0.089423 0.628205 0.143269 0.657051 0.120192 0.685256 0.070192 0.68141 0.043269 0.639103 0.0625
0 0.329487 0.0125 0.344231 0.048397 0.360256 0.067628 0.373077 0.122756 0.39359 0.107372 0.400641 0.085577 0.41859 0.094551 0.414103 0.167628 0.416026 0.271474 0.451923 0.253526 0.480128 0.208654 0.505128 0.167628 0.528205 0.148397 0.535897 0.086859 0.536538 0.044551 0.485897 0.057372 0.439744 0.007372 0.401923 0.033013 0.389744 0.00609 0.339103 0.004808
0 0.154487 0.011218 0.119872 0.052244 0.098077 0.089423 0.075641 0.103526 0.001923 0.145833 0.0 0.003526
0 0.229487 0.094551 0.188462 0.121474 0.135256 0.143269 0.139103 0.177885 0.172436 0.20609 0.217949 0.270192 0.20641 0.326603 0.188462 0.402244 0.246154 0.516346 0.275641 0.500962 0.311538 0.450962 0.337821 0.420192 0.341026 0.381731 0.305128 0.308654 0.270513 0.21891 0.269872 0.175321 0.271154 0.129167 0.25 0.072756
0 0.005128 0.386859 0.046795 0.3625 0.125641 0.321474 0.104487 0.445833 0.121154 0.503526 0.145513 0.522756 0.162821 0.530449 0.235897 0.583013 0.210256 0.641987 0.169872 0.680449 0.14359 0.671474 0.098077 0.602244 0.063462 0.574038 0.039744 0.5625 0.003205 0.550962
0 0.341667 0.458654 0.326282 0.529167 0.310897 0.55609 0.279487 0.615064 0.273077 0.630449 0.315385 0.699679 0.345513 0.777885 0.348718 0.811218 0.357692 0.891987 0.378205 0.9125 0.399359 0.911218 0.414103 0.899679 0.426282 0.897115 0.485256 0.934295 0.548077 0.941987 0.595513 0.880449 0.596154 0.731731 0.562179 0.690705 0.514744 0.743269 0.50641 0.621474 0.512821 0.589423 0.505128 0.530449 0.399359 0.491987 0.344872 0.440705
0 0.677564 0.726603 0.64359 0.758654 0.653846 0.827885 0.649359 0.863782 0.633974 0.911218 0.630128 0.991987 0.832692 0.988141 0.830769 0.867628 0.816667 0.841987 0.775 0.857372 0.745513 0.886859 0.712821 0.907372 0.711538 0.839423 0.705769 0.738141 0.684615 0.724038
0 0.775641 0.40609 0.761538 0.497115 0.760897 0.602244 0.786538 0.648397 0.805769 0.748397 0.839744 0.730449 0.861538 0.693269 0.828846 0.541987 0.805769 0.41891 0.804487 0.347115
0 0.985256 0.733013 0.945513 0.779167 0.915385 0.777885 0.916026 0.830449 0.944872 0.915064 0.998077 0.965064 0.996154 0.736859
0 0.964744 0.172756 0.928846 0.207372 0.913462 0.244551 0.905769 0.271474 0.901923 0.297115 0.886538 0.344551 0.888462 0.366346 0.902564 0.376603 0.925641 0.334295 0.946795 0.347115 0.954487 0.344551 0.975 0.263782 0.980128 0.198397 0.99359 0.15609 0.962179 0.159936
