0 0.826923 0.133013 0.839744 0.194551 0.839744 0.236859 0.853205 0.295833 0.855128 0.335577 0.859615 0.359936 0.846154 0.397115 0.845513 0.426603 0.85641 0.495833 0.880128 0.509936 0.910256 0.5125 0.910897 0.436859 0.913462 0.36891 0.935256 0.340705 0.93141 0.297115 0.926923 0.221474 0.930769 0.152244 0.920513 0.086859 0.919872 0.040705 0.915385 0.015064 0.883333 0.025321 0.840385 0.021474 0.816026 0.025321 0.814103 0.054808 0.822436 0.097115
0 0.971154 0.181731 0.947436 0.217628 0.944231 0.281731 0.939744 0.308654 0.942308 0.339423 0.95641 0.3625 0.967949 0.386859 0.974359 0.390705 0.997436 0.380449 0.996795 0.159936 0.983333 0.174038
0 0.085897 0.06891 0.078205 0.109936 0.070513 0.149679 0.057692 0.176603 0.048077 0.184295 0.042308 0.217628 0.058974 0.270192 0.066667 0.297115 0.082051 0.313782 0.092308 0.31891 0.116026 0.291987 0.125641 0.254808 0.123077 0.222756 0.117308 0.204808 0.123718 0.153526 0.137179 0.15609 0.146154 0.167628 0.153846 0.213782 0.170513 0.266346 0.196795 0.247115 0.192949 0.177885 0.198718 0.148397 0.197436 0.134295 0.183333 0.115064 0.169231 0.081731 0.133974 0.057372 0.113462 0.039423 0.101923 0.058654
0 0.364744 0.250962 0.360256 0.297115 0.344231 0.285577 0.339103 0.316346 0.362821 0.345833 0.378205 0.367628 0.395513 0.380449 0.425641 0.353526 0.438462 0.35609 0.451282 0.361218 0.464744 0.345833 0.476923 0.3125 0.471154 0.258654 0.453846 0.241987 0.442308 0.266346 0.424359 0.258654 0.41859 0.221474 0.398077 0.222756 0.383333 0.238141
0 0.453205 0.027885 0.447436 0.080449 0.439103 0.1125 0.430769 0.136859 0.433974 0.153526 0.457692 0.183013 0.460897 0.188141 0.483333 0.165064 0.496154 0.159936 0.512821 0.149679 0.525641 0.143269 0.548718 0.147115 0.55 0.163782 0.559615 0.186859 0.566667 0.193269 0.585897 0.202244 0.608974 0.179167 0.626282 0.163782 0.601923 0.115064 0.592308 0.044551 0.583974 0.027885 0.573718 0.022756 0.553846 0.013782 0.516026 0.016346 0.480128 0.029167 0.464744 0.029167
0 0.682051 0.091987 0.657692 0.113782 0.661538 0.159936 0.657692 0.171474 0.648718 0.184295 0.641667 0.202244 0.640385 0.243269 0.645513 0.244551 0.662821 0.225321 0.678205 0.209936 0.7 0.195833 0.714744 0.177885 0.725 0.152244 0.732692 0.11891 0.730128 0.099679 0.703205 0.076603
0 0.202564 0.383013 0.210897 0.4625 0.216026 0.499679 0.223077 0.533013 0.239744 0.539423 0.253846 0.504808 0.254487 0.449679 0.244231 0.399679 0.238462 0.370192 0.232051 0.350962 0.215385 0.379167
0 0.285897 0.417628 0.260256 0.440705 0.257051 0.454808 0.264744 0.494551 0.271154 0.521474 0.273077 0.572756 0.28141 0.590705 0.285897 0.602244 0.291026 0.603526 0.310897 0.586859 0.330769 0.554808 0.344872 0.515064 0.376282 0.51891 0.382692 0.504808 0.382692 0.45609 0.358333 0.420192 0.324359 0.403526 0.296154 0.404808
0 0.507692 0.250962 0.521154 0.343269 0.536538 0.361218 0.539103 0.399679 0.51859 0.431731 0.499359 0.499679 0.496795 0.513782 0.498718 0.552244 0.526923 0.5125 0.552564 0.483013 0.571154 0.439423 0.576282 0.40609 0.562179 0.352244 0.567949 0.316346 0.56859 0.286859 0.548718 0.259936 0.520513 0.247115
0 0.003846 0.51891 0.021795 0.516346 0.039103 0.51891 0.055128 0.538141 0.083333 0.553526 0.091026 0.589423 0.089103 0.634295 0.079487 0.686859 0.064744 0.680449 0.023718 0.657372 0.014744 0.697115 0.001923 0.717628
0 0.007051 0.959936 0.025641 0.936859 0.037821 0.908654 0.041026 0.891987 0.042949 0.863782 0.059615 0.857372 0.092949 0.894551 0.108333 0.908654 0.127564 0.943269 0.137179 0.9625 0.147436 0.991987 0.003846 0.990705
0 0.312821 0.820192 0.305769 0.859936 0.325 0.938141 0.325641 0.966346 0.324359 0.990705 0.414103 0.991987 0.432692 0.925321 0.43141 0.903526 0.40641 0.86891 0.396154 0.829167 0.366026 0.813782 0.342949 0.813782 0.325641 0.813782
