0 0.863462 0.189423 0.833974 0.229167 0.81859 0.245833 0.820513 0.272756 0.838462 0.313782 0.825641 0.374038 0.836538 0.384295 0.867308 0.344551 0.892308 0.379167 0.910256 0.386859 0.923077 0.372756 0.939744 0.31891 0.945513 0.300962 0.935897 0.222756 0.922436 0.186859 0.9 0.199679 0.889103 0.199679
0 0.642308 0.115064 0.616667 0.166346 0.587179 0.176603 0.584615 0.211218 0.573718 0.261218 0.576923 0.3125 0.576923 0.326603 0.580128 0.349679 0.602564 0.336859 0.610256 0.321474 0.626282 0.304808 0.641026 0.286859 0.644231 0.285577 0.673077 0.241987 0.680128 0.20609 0.689103 0.144551 0.678205 0.121474 0.649359 0.1125
0 0.469872 0.008654 0.478846 0.067628 0.479487 0.113782 0.471154 0.144551 0.470513 0.152244 0.477564 0.158654 0.489103 0.138141 0.509615 0.127885 0.530128 0.076603 0.539103 0.003526 0.480769 0.007372
0 0.215385 0.021474 0.212179 0.070192 0.222436 0.115064 0.229487 0.175321 0.275641 0.222756 0.336538 0.271474 0.377564 0.283013 0.399359 0.257372 0.398718 0.2125 0.385897 0.199679 0.360897 0.133013 0.353205 0.10609 0.314103 0.004808 0.223077 0.00609
0 0.098718 0.020192 0.089744 0.070192 0.082051 0.095833 0.067949 0.136859 0.064744 0.1625 0.078205 0.200962 0.104487 0.230449 0.138462 0.247115 0.161538 0.224038 0.185897 0.199679 0.204487 0.138141 0.188462 0.109936 0.175 0.057372 0.160897 0.025321 0.150641 0.058654 0.136538 0.05609 0.132692 0.029167 0.110256 0.011218
0 0.075641 0.317628 0.045513 0.329167 0.027564 0.31891 0.030769 0.359936 0.017949 0.375321 0.011538 0.391987 0.017308 0.445833 0.057692 0.508654 0.075641 0.553526 0.097436 0.524038 0.097436 0.499679 0.096154 0.416346 0.092308 0.329167
0 0.396154 0.316346 0.377564 0.350962 0.378846 0.413782 0.375641 0.480449 0.372436 0.576603 0.374359 0.634295 0.376923 0.690705 0.398718 0.739423 0.428846 0.750962 0.445513 0.757372 0.503205 0.70609 0.533333 0.645833 0.541667 0.584295 0.499359 0.466346 0.473077 0.430449 0.462821 0.397115 0.458333 0.352244 0.426923 0.330449 0.411538 0.321474
0 0.702564 0.303526 0.670513 0.322756 0.638462 0.334295 0.614744 0.383013 0.602564 0.435577 0.592308 0.475321 0.580769 0.471474 0.579487 0.515064 0.590385 0.55609 0.616026 0.559936 0.638462 0.570192 0.666026 0.585577 0.710256 0.597115 0.738462 0.585577 0.753205 0.524038 0.751923 0.483013 0.760897 0.411218 0.747436 0.36891 0.747436 0.294551 0.721154 0.25609 0.708974 0.280449
0 0.742308 0.133013 0.725 0.167628 0.738462 0.198397 0.744231 0.25609 0.770513 0.259936 0.787179 0.204808 0.776923 0.175321
0 0.710897 0.0125 0.715385 0.045833 0.721154 0.054808 0.766026 0.079167 0.783974 0.089423 0.798718 0.0625 0.819231 0.004808 0.720513 0.007372
0 0.860897 0.008654 0.844231 0.039423 0.847436 0.066346 0.848718 0.083013 0.857051 0.093269 0.867308 0.090705 0.888462 0.053526 0.919231 0.024038 0.941667 0.003526
0 0.957051 0.007372 0.964744 0.066346 0.972436 0.102244 0.992308 0.098397 0.998718 0.076603 0.997436 0.007372
0 0.964103 0.581731 0.944231 0.624038 0.938462 0.6125 0.919872 0.586859 0.912821 0.616346 0.917949 0.6625 0.910256 0.689423 0.886538 0.753526 0.852564 0.802244 0.867949 0.829167 0.905769 0.8125 0.937821 0.744551 0.949359 0.693269 0.973718 0.644551 0.980769 0.6125 0.971154 0.591987
0 0.523718 0.902244 0.502564 0.945833 0.502564 0.984295 0.508974 0.997115 0.567308 0.990705 0.551923 0.931731
0 0.188462 0.461218 0.192308 0.511218 0.198077 0.536859 0.208974 0.549679 0.233333 0.493269 0.237179 0.465064 0.2 0.454808
0 0.161538 0.545833 0.146154 0.508654 0.132692 0.55609 0.141667 0.586859 0.160256 0.617628 0.169872 0.641987 0.179487 0.652244 0.198077 0.639423 0.205769 0.595833 0.191026 0.56891 0.180769 0.563782
0 0.99359 0.765064 0.975 0.845833 0.960256 0.898397 0.948077 0.939423 0.934615 0.983013 0.996795 0.989423
0 0.889744 0.491987 0.851923 0.520192 0.830769 0.60609 0.838462 0.672756 0.847436 0.695833 0.85641 0.71891 0.875641 0.702244 0.891026 0.657372 0.888462 0.593269 0.888462 0.533013
