0 0.080128 0.043269 0.057692 0.072756 0.041026 0.109936 0.044231 0.140705 0.029487 0.203526 0.054487 0.303526 0.094872 0.361218 0.137179 0.421474 0.150641 0.376603 0.162821 0.338141 0.157692 0.308654 0.142949 0.295833 0.130128 0.276603 0.132692 0.241987 0.137821 0.202244 0.142949 0.170192 0.151282 0.138141 0.162179 0.103526 0.166026 0.035577 0.164744 0.022756 0.158974 0.01891 0.132692 0.021474 0.100641 0.025321
0 0.233974 0.088141 0.213462 0.104808 0.190385 0.147115 0.2 0.177885 0.226282 0.229167 0.260897 0.283013 0.272436 0.330449 0.28141 0.349679 0.316667 0.376603 0.329487 0.341987 0.326923 0.304808 0.314744 0.235577 0.310897 0.191987 0.301923 0.152244 0.282051 0.129167 0.253205 0.107372 0.242308 0.089423
0 0.369231 0.371474 0.334615 0.381731 0.317949 0.398397 0.307692 0.40609 0.301923 0.472756 0.33141 0.484295 0.344872 0.494551 0.364103 0.502244 0.390385 0.459936 0.396795 0.429167 0.389744 0.381731
0 0.539744 0.321474 0.512179 0.343269 0.48141 0.352244 0.453205 0.349679 0.436538 0.354808 0.478846 0.420192 0.487821 0.433013 0.494872 0.467628 0.480128 0.502244 0.449359 0.553526 0.446154 0.567628 0.407692 0.586859 0.407051 0.665064 0.397436 0.688141 0.414744 0.66891 0.437821 0.645833 0.458333 0.633013 0.480128 0.597115 0.514744 0.527885 0.546154 0.498397 0.573718 0.457372 0.560897 0.394551 0.554487 0.350962 0.552564 0.321474
0 0.054487 0.558654 0.044872 0.597115 0.040385 0.634295 0.048718 0.677885 0.057692 0.691987 0.076923 0.679167 0.074359 0.658654 0.080769 0.643269 0.082051 0.590705 0.073718 0.567628
0 0.142308 0.565064 0.128846 0.607372 0.142949 0.667628 0.146154 0.720192 0.148077 0.758654 0.15 0.780449 0.129487 0.759936 0.117308 0.826603 0.108333 0.834295 0.121154 0.840705 0.13141 0.853526 0.146795 0.875321 0.148718 0.881731 0.173077 0.854808 0.166026 0.835577 0.173077 0.827885 0.189103 0.822756 0.204487 0.817628 0.225641 0.775321 0.232051 0.747115 0.239103 0.713782 0.241667 0.672756 0.246795 0.622756 0.204487 0.5625 0.176282 0.558654 0.160897 0.558654 0.148718 0.566346
0 0.278205 0.829167 0.266026 0.841987 0.232692 0.820192 0.219872 0.893269 0.226282 0.935577 0.233974 0.952244 0.242308 0.967628 0.253846 0.966346 0.273718 0.944551 0.291667 0.931731 0.296795 0.899679 0.304487 0.854808 0.296795 0.822756 0.282692 0.809936
0 0.283333 0.686859 0.275 0.748397 0.275 0.761218 0.292308 0.776603 0.302564 0.771474 0.311538 0.735577 0.296795 0.708654 0.294872 0.688141 0.290385 0.6625
0 0.001923 0.748397 0.01859 0.759936 0.012821 0.786859 0.012821 0.808654 0.032051 0.824038 0.038462 0.803526 0.067949 0.849679 0.070513 0.85609 0.046154 0.874038 0.044231 0.893269 0.030769 0.915064 0.020513 0.939423 0.001923 0.930449
0 0.673718 0.448397 0.65641 0.490705 0.639744 0.472756 0.621795 0.5125 0.614744 0.572756 0.622436 0.613782 0.626923 0.621474 0.644872 0.616346 0.655128 0.620192 0.665385 0.649679 0.703205 0.649679 0.725641 0.665064 0.740385 0.679167 0.75 0.680449 0.758974 0.636859 0.766667 0.579167 0.774359 0.544551 0.757692 0.500962 0.738462 0.525321 0.694231 0.530449 0.689744 0.494551 0.702564 0.467628 0.692949 0.453526
0 0.920513 0.575321 0.874359 0.571474 0.844231 0.588141 0.842308 0.657372 0.835897 0.683013 0.83141 0.70609 0.830769 0.744551 0.832692 0.767628 0.813462 0.791987 0.775641 0.777885 0.759615 0.771474 0.723718 0.766346 0.717949 0.817628 0.719231 0.899679 0.721795 0.945833 0.721795 0.985577 0.722436 0.988141 0.760897 0.990705 0.997436 0.990705 0.996154 0.6625 0.984615 0.633013 0.980128 0.586859 0.939103 0.581731 0.930128 0.574038
0 0.961538 0.015064 0.955128 0.074038 0.954487 0.117628 0.962821 0.139423 0.970513 0.157372 0.984615 0.176603 0.996154 0.175321 0.995513 0.00609
0 0.769231 0.027885 0.749359 0.079167 0.737821 0.121474 0.74359 0.149679 0.787179 0.143269 0.789744 0.124038 0.79359 0.075321 0.801282 0.047115 0.805769 0.020192 0.782051 0.026603
