0 0.00641 0.053526 0.030128 0.10609 0.034615 0.135577 0.037179 0.15609 0.059615 0.153526 0.126282 0.21891 0.236538 0.290705 0.259615 0.335577 0.198077 0.486859 0.128846 0.513782 0.112179 0.488141 0.069872 0.411218 0.042308 0.404808 0.002564 0.393269 0.001923 0.070192
0 0.492949 0.125321 0.459615 0.138141 0.461538 0.229167 0.455769 0.303526 0.453846 0.370192 0.484615 0.471474 0.494872 0.480449 0.532051 0.461218 0.594231 0.449679 0.632051 0.399679 0.65641 0.35609 0.66859 0.284295 0.654487 0.250962 0.602564 0.190705 0.557051 0.138141 0.55 0.115064 0.532051 0.116346 0.507051 0.131731
0 0.25 0.588141 0.221795 0.571474 0.216667 0.607372 0.212179 0.730449 0.183333 0.785577 0.212179 0.840705 0.25 0.820192 0.278205 0.754808 0.298077 0.71891 0.313462 0.690705 0.319872 0.615064 0.322436 0.575321 0.287179 0.583013 0.266667 0.595833
0 0.524359 0.670192 0.469872 0.753526 0.45641 0.795833 0.426923 0.775321 0.396795 0.685577 0.350641 0.774038 0.351282 0.824038 0.344872 0.907372 0.298077 0.994551 0.633333 0.994551 0.628205 0.957372 0.58141 0.938141 0.572436 0.899679 0.576923 0.847115 0.621154 0.822756 0.654487 0.750962 0.651282 0.704808 0.632051 0.677885 0.58141 0.704808 0.551282 0.694551 0.532051 0.683013
0 0.729487 0.638141 0.689103 0.639423 0.672436 0.66891 0.660256 0.683013 0.675 0.730449 0.678205 0.748397 0.694231 0.767628 0.725641 0.770192 0.742949 0.726603 0.742949 0.694551 0.740385 0.635577
0 0.830769 0.403526 0.744231 0.443269 0.757051 0.499679 0.764103 0.536859 0.791667 0.567628 0.88141 0.654808 0.907692 0.683013 0.907692 0.721474 0.899359 0.749679 0.891026 0.899679 0.885256 0.924038 0.900641 0.957372 0.958333 0.986859 0.996154 0.972756 0.996795 0.609936 0.980128 0.609936 0.966667 0.591987 0.950641 0.557372 0.926282 0.498397 0.904487 0.450962 0.848718 0.433013 0.837821 0.408654
0 0.960256 0.077885 0.919231 0.138141 0.910256 0.194551 0.876282 0.231731 0.891026 0.270192 0.919231 0.327885 0.917949 0.367628 0.941026 0.390705 0.964744 0.420192 0.984615 0.495833 0.992949 0.494551 0.995513 0.348397 0.978205 0.324038 0.976282 0.277885 0.998718 0.21891 0.998718 0.136859 0.987179 0.102244
0 0.012821 0.645833 0.037179 0.636859 0.046795 0.66891 0.057692 0.70609 0.048718 0.75609 0.066026 0.791987 0.109615 0.886859 0.136538 0.988141 0.074359 0.993269 0.065385 0.938141 0.057692 0.927885 0.001282 0.935577 0.003205 0.811218 0.003205 0.65609
0 0.819872 0.871474 0.798077 0.895833 0.796795 0.91891 0.813462 0.990705 0.874359 0.995833 0.864744 0.933013 0.844231 0.900962
0 0.460897 0.529167 0.437821 0.553526 0.412179 0.593269 0.412179 0.602244 0.450641 0.624038 0.467949 0.603526
