0 0.813462 0.363782 0.801923 0.379167 0.783974 0.383013 0.771154 0.359936 0.750641 0.413782 0.757692 0.480449 0.760256 0.497115 0.791026 0.51891 0.799359 0.538141 0.851923 0.548397 0.869231 0.585577 0.892949 0.586859 0.914103 0.553526 0.919872 0.513782 0.900641 0.413782 0.898718 0.390705 0.889744 0.422756 0.86859 0.425321 0.823718 0.420192 0.830128 0.389423 0.834615 0.380449 0.829487 0.363782
0 0.984615 0.50609 0.983333 0.577885 0.973077 0.600962 0.964103 0.534295 0.958974 0.493269 0.949359 0.548397 0.937179 0.639423 0.933974 0.6625 0.911538 0.65609 0.892949 0.659936 0.859615 0.679167 0.855128 0.757372 0.857051 0.81891 0.858333 0.891987 0.864103 0.915064 0.914103 0.893269 0.953205 0.909936 0.973718 0.943269 0.996795 0.988141 0.996154 0.504808
0 0.583974 0.291987 0.60641 0.326603 0.626282 0.3625 0.634615 0.403526 0.671154 0.408654 0.697436 0.394551 0.703205 0.345833 0.698718 0.267628 0.679487 0.222756 0.652564 0.245833 0.616667 0.248397 0.6 0.222756 0.58141 0.275321
0 0.507051 0.286859 0.467949 0.299679 0.451923 0.3125 0.442949 0.336859 0.441667 0.3625 0.453205 0.379167 0.487179 0.398397 0.502564 0.411218 0.517949 0.385577 0.537821 0.36891 0.535897 0.322756 0.528846 0.289423
0 0.61859 0.415064 0.602564 0.429167 0.591026 0.430449 0.594231 0.465064 0.567308 0.466346 0.558974 0.472756 0.537821 0.553526 0.548077 0.6125 0.574359 0.565064 0.617308 0.508654 0.642308 0.459936 0.644231 0.433013 0.627564 0.415064
0 0.330769 0.021474 0.346154 0.079167 0.389103 0.198397 0.421795 0.267628 0.445513 0.299679 0.465385 0.261218 0.466667 0.209936 0.471795 0.186859 0.449359 0.145833 0.446154 0.131731 0.437179 0.084295 0.425 0.058654 0.41859 0.034295 0.403846 0.009936
0 0.878846 0.007372 0.883974 0.06891 0.912821 0.088141 0.937179 0.015064 0.941667 0.004808
0 0.177564 0.013782 0.182051 0.054808 0.16859 0.120192 0.196154 0.204808 0.212179 0.261218 0.24359 0.31891 0.266667 0.348397 0.280128 0.358654 0.29359 0.315064 0.309615 0.231731 0.304487 0.190705 0.273718 0.200962 0.264103 0.189423 0.269872 0.139423 0.278205 0.084295 0.280128 0.066346 0.292949 0.038141 0.294872 0.00609 0.185897 0.004808
0 0.1 0.066346 0.090385 0.11891 0.06859 0.15609 0.051923 0.195833 0.057051 0.31891 0.059615 0.357372 0.088462 0.470192 0.098077 0.494551 0.121154 0.50609 0.135897 0.509936 0.14359 0.466346 0.140385 0.433013 0.125 0.383013 0.127564 0.359936 0.140385 0.311218 0.116667 0.304808 0.110256 0.300962 0.100641 0.249679 0.097436 0.222756 0.111538 0.190705 0.116026 0.153526 0.123077 0.120192 0.126923 0.081731
0 0.187821 0.459936 0.172436 0.483013 0.177564 0.538141 0.180128 0.574038 0.187821 0.599679 0.200641 0.600962 0.221795 0.557372 0.216026 0.531731 0.20641 0.477885
0 0.279487 0.472756 0.267308 0.516346 0.283333 0.572756 0.286538 0.611218 0.288462 0.684295 0.266667 0.677885 0.261538 0.720192 0.273077 0.754808 0.283333 0.781731 0.30641 0.753526 0.310256 0.735577 0.335897 0.733013 0.358333 0.711218 0.369231 0.693269 0.372436 0.649679 0.380128 0.595833 0.382051 0.55609 0.378205 0.525321 0.351923 0.476603 0.315385 0.467628 0.292949 0.471474
0 0.417308 0.743269 0.389103 0.750962 0.376282 0.748397 0.375641 0.817628 0.376923 0.847115 0.378205 0.865064 0.394231 0.867628 0.427564 0.835577 0.439103 0.783013 0.437179 0.750962
0 0.005128 0.847115 0.008974 0.833013 0.007692 0.798397 0.058333 0.788141 0.057051 0.817628 0.074359 0.804808 0.08141 0.771474 0.085897 0.722756 0.096795 0.674038 0.111538 0.645833 0.153205 0.721474 0.163462 0.734295 0.187821 0.757372 0.170513 0.790705 0.136538 0.861218 0.06859 0.917628 0.055128 0.938141 0.034615 0.958654 0.002564 0.977885
0 0.425641 0.6125 0.417949 0.654808 0.422436 0.665064 0.437821 0.675321 0.447436 0.636859 0.444872 0.61891 0.433333 0.607372
