0 0.516667 0.116346 0.482692 0.166346 0.471154 0.215064 0.466667 0.317628 0.482051 0.333013 0.546154 0.275321 0.564744 0.275321 0.599359 0.279167 0.615385 0.294551 0.655128 0.274038 0.672436 0.243269 0.634615 0.195833 0.623718 0.183013 0.624359 0.149679 0.639103 0.091987 0.660256 0.01891 0.663462 0.004808 0.602564 0.013782 0.602564 0.072756 0.588462 0.129167 0.583974 0.145833 0.553205 0.115064 0.532692 0.111218
0 0.278205 0.0125 0.262179 0.076603 0.25 0.121474 0.234615 0.127885 0.245513 0.202244 0.264103 0.241987 0.229487 0.303526 0.221795 0.343269 0.225 0.420192 0.205128 0.475321 0.175641 0.50609 0.158333 0.520192 0.145513 0.522756 0.130769 0.503526 0.121154 0.440705 0.090385 0.31891 0.053846 0.358654 0.003205 0.35609 0.005128 0.441987 0.007051 0.493269 0.027564 0.499679 0.065385 0.550962 0.117308 0.581731 0.123077 0.594551 0.162179 0.661218 0.180128 0.680449 0.21859 0.698397 0.273718 0.663782 0.255128 0.635577 0.226282 0.561218 0.23141 0.538141 0.257051 0.495833 0.283974 0.448397 0.325 0.440705 0.341026 0.408654 0.380769 0.322756 0.380769 0.267628 0.415385 0.252244 0.421154 0.159936 0.366026 0.221474 0.355769 0.172756 0.355769 0.121474 0.336538 0.009936 0.303846 0.034295
0 0.414744 0.448397 0.411538 0.499679 0.416026 0.549679 0.425 0.584295 0.451282 0.602244 0.457051 0.604808 0.460256 0.688141 0.464744 0.765064 0.476282 0.830449 0.479487 0.836859 0.504487 0.836859 0.536538 0.802244 0.548718 0.774038 0.523718 0.703526 0.509615 0.679167 0.496795 0.635577 0.508974 0.609936 0.516667 0.590705 0.520513 0.554808 0.502564 0.503526 0.467949 0.457372 0.435256 0.457372
0 0.685256 0.359936 0.639103 0.388141 0.615385 0.440705 0.580769 0.520192 0.569872 0.559936 0.616026 0.617628 0.632051 0.635577 0.665385 0.663782 0.673077 0.675321 0.674359 0.747115 0.671795 0.767628 0.699359 0.799679 0.713462 0.798397 0.742949 0.771474 0.770513 0.811218 0.787179 0.745833 0.777564 0.704808 0.737821 0.691987 0.720513 0.667628 0.735897 0.629167 0.764103 0.604808 0.789103 0.567628 0.801923 0.525321 0.840385 0.530449 0.876282 0.515064 0.912179 0.472756 0.929487 0.361218 0.889103 0.297115 0.829487 0.348397 0.820513 0.352244 0.787179 0.374038 0.767308 0.391987 0.741667 0.361218 0.710897 0.352244 0.69359 0.363782
0 0.985256 0.204808 0.964744 0.293269 0.962179 0.336859 0.964744 0.376603 0.971795 0.4125 0.997436 0.41891 0.995513 0.20609
0 0.939744 0.545833 0.886538 0.575321 0.884615 0.585577 0.876282 0.640705 0.892308 0.700962 0.921154 0.700962 0.96859 0.666346 0.96859 0.604808 0.970513 0.579167
0 0.007692 0.745833 0.029487 0.775321 0.047436 0.803526 0.062179 0.840705 0.073718 0.913782 0.098077 0.991987 0.002564 0.990705 0.001923 0.766346
0 0.19359 0.800962 0.195513 0.865064 0.198718 0.902244 0.20641 0.930449 0.208333 0.990705 0.327564 0.993269 0.346154 0.954808 0.362179 0.925321 0.363462 0.854808 0.329487 0.849679 0.310256 0.8625 0.298718 0.885577 0.296154 0.803526 0.292949 0.798397 0.272436 0.795833 0.246154 0.820192 0.233333 0.821474
0 0.776282 0.908654 0.746154 0.930449 0.725641 0.989423 0.799359 0.993269 0.808333 0.971474 0.785897 0.929167
0 0.9 0.722756 0.891667 0.759936 0.889103 0.809936 0.890385 0.821474 0.901923 0.793269 0.910897 0.771474 0.910897 0.747115 0.912179 0.711218 0.903846 0.7125
