0 0.122436 0.099679 0.108974 0.113782 0.095513 0.122756 0.077564 0.144551 0.060256 0.226603 0.057692 0.272756 0.055769 0.317628 0.08141 0.316346 0.096795 0.283013 0.123718 0.279167 0.177564 0.326603 0.203846 0.3625 0.25 0.338141 0.269872 0.329167 0.307692 0.335577 0.326282 0.326603 0.332051 0.285577 0.321154 0.229167 0.280769 0.236859 0.249359 0.270192 0.235897 0.253526 0.221795 0.236859 0.20641 0.202244 0.210897 0.166346 0.212179 0.129167 0.19359 0.122756 0.18141 0.143269 0.172436 0.116346 0.149359 0.097115 0.130128 0.100962
0 0.400641 0.054808 0.398077 0.088141 0.412821 0.10609 0.425 0.161218 0.401923 0.193269 0.382051 0.217628 0.373077 0.220192 0.385897 0.263782 0.396154 0.291987 0.411538 0.303526 0.435897 0.308654 0.462821 0.3125 0.471795 0.3125 0.486538 0.253526 0.508333 0.199679 0.513462 0.139423 0.514103 0.091987 0.508974 0.061218 0.480769 0.05609 0.458974 0.027885 0.436538 0.030449 0.421795 0.047115
0 0.541026 0.039423 0.527564 0.086859 0.541667 0.136859 0.544872 0.147115 0.573718 0.152244 0.621795 0.121474 0.628205 0.104808 0.632692 0.057372 0.619872 0.045833 0.585256 0.045833 0.564744 0.036859 0.558974 0.026603 0.546795 0.025321
0 0.838462 0.008654 0.862179 0.025321 0.891026 0.052244 0.899359 0.0625 0.909615 0.070192 0.935256 0.049679 0.941026 0.049679 0.954487 0.080449 0.948077 0.107372 0.950641 0.121474 0.983333 0.130449 0.997436 0.125321 0.996154 0.007372
0 0.876923 0.249679 0.84359 0.322756 0.830769 0.347115 0.825641 0.3625 0.837821 0.389423 0.871154 0.395833 0.892949 0.41891 0.919231 0.371474 0.937179 0.349679 0.952564 0.316346 0.951923 0.297115 0.919872 0.275321 0.891026 0.259936 0.887821 0.257372
0 0.589744 0.277885 0.577564 0.30609 0.576282 0.334295 0.582692 0.348397 0.582692 0.376603 0.566667 0.425321 0.567308 0.449679 0.577564 0.481731 0.596154 0.50609 0.612179 0.527885 0.619872 0.541987 0.637179 0.534295 0.667308 0.491987 0.68141 0.474038 0.696795 0.441987 0.705128 0.435577 0.721154 0.41891 0.730769 0.381731 0.732692 0.343269 0.717949 0.316346 0.686538 0.308654 0.674359 0.367628 0.651282 0.389423 0.644872 0.359936 0.641026 0.308654 0.614103 0.293269
0 0.410256 0.385577 0.405769 0.4125 0.405769 0.438141 0.417949 0.46891 0.422436 0.495833 0.436538 0.508654 0.449359 0.479167 0.46859 0.466346 0.469872 0.453526 0.449359 0.422756 0.437179 0.409936 0.426923 0.399679
0 0.777564 0.541987 0.769231 0.609936 0.754487 0.652244 0.770513 0.703526 0.790385 0.709936 0.804487 0.694551 0.801282 0.636859 0.81859 0.602244 0.823718 0.595833 0.826923 0.561218 0.796154 0.534295 0.78141 0.524038
0 0.310256 0.599679 0.334615 0.629167 0.323077 0.653526 0.301923 0.657372 0.302564 0.683013 0.302564 0.708654 0.3 0.759936 0.303205 0.784295 0.319231 0.804808 0.332692 0.821474 0.339744 0.830449 0.363462 0.763782 0.387179 0.727885 0.385256 0.667628 0.361538 0.640705 0.361538 0.609936 0.348718 0.579167 0.334615 0.571474 0.319872 0.574038
0 0.208974 0.686859 0.189103 0.695833 0.175641 0.717628 0.155769 0.709936 0.154487 0.753526 0.15641 0.826603 0.151923 0.857372 0.151282 0.880449 0.155769 0.904808 0.171154 0.91891 0.196795 0.945833 0.212821 0.916346 0.214103 0.8625 0.215385 0.811218 0.223077 0.759936 0.23141 0.730449 0.244872 0.653526 0.258974 0.639423 0.278846 0.613782 0.270513 0.576603 0.25 0.557372 0.237179 0.553526 0.233974 0.557372 0.230769 0.595833 0.220513 0.631731 0.210897 0.647115 0.210256 0.670192
0 0.005769 0.143269 0.038462 0.145833 0.05 0.126603 0.067949 0.095833 0.064103 0.065064 0.048077 0.035577 0.028205 0.009936 0.007692 0.035577 0.001282 0.049679
0 0.003205 0.50609 0.010897 0.525321 0.015385 0.547115 0.025 0.535577 0.030769 0.520192 0.04359 0.534295 0.041026 0.554808 0.050641 0.567628 0.065385 0.580449 0.073718 0.598397 0.045513 0.633013 0.036538 0.648397 0.001923 0.644551
0 0.497436 0.85609 0.486538 0.895833 0.458974 0.930449 0.436538 0.949679 0.433974 0.966346 0.440385 0.989423 0.560897 0.991987 0.567949 0.925321 0.552564 0.86891 0.525641 0.830449 0.519872 0.829167
0 0.780128 0.835577 0.778205 0.881731 0.772436 0.91891 0.787179 0.943269 0.804487 0.9625 0.817308 0.970192 0.846154 0.944551 0.842949 0.886859 0.835897 0.863782 0.803205 0.86891 0.788462 0.836859
