0 0.329487 0.153526 0.288462 0.15609 0.273077 0.167628 0.250641 0.202244 0.230769 0.227885 0.205128 0.274038 0.205128 0.302244 0.20641 0.352244 0.176282 0.402244 0.178205 0.41891 0.216026 0.536859 0.235897 0.593269 0.275641 0.561218 0.314103 0.388141 0.339744 0.352244 0.358974 0.330449 0.385897 0.309936 0.387179 0.229167 0.386538 0.171474 0.379487 0.152244 0.334615 0.1625
0 0.28141 0.0125 0.301923 0.049679 0.332051 0.036859 0.360256 0.026603 0.376923 0.054808 0.408333 0.0625 0.416026 0.009936 0.399359 0.003526 0.289744 0.003526
0 0.432051 0.004808 0.446154 0.035577 0.452564 0.083013 0.451282 0.149679 0.45 0.241987 0.474359 0.26891 0.495513 0.25609 0.509615 0.207372 0.526923 0.127885 0.535897 0.085577 0.564103 0.004808
0 0.482692 0.299679 0.474359 0.341987 0.489744 0.386859 0.45641 0.394551 0.433333 0.425321 0.414103 0.471474 0.422436 0.509936 0.427564 0.575321 0.467949 0.61891 0.480128 0.633013 0.522436 0.659936 0.532051 0.640705 0.529487 0.566346 0.529487 0.515064 0.575641 0.407372 0.565385 0.31891 0.500641 0.311218
0 0.655769 0.184295 0.645513 0.245833 0.633974 0.358654 0.635897 0.415064 0.628846 0.430449 0.598077 0.450962 0.603205 0.515064 0.600641 0.624038 0.596154 0.715064 0.619231 0.676603 0.635256 0.636859 0.658974 0.600962 0.685897 0.554808 0.698077 0.498397 0.69359 0.425321 0.714744 0.390705 0.755769 0.348397 0.751282 0.293269 0.723718 0.266346 0.697436 0.195833 0.669872 0.177885
0 0.604487 0.007372 0.623718 0.040705 0.660897 0.086859 0.699359 0.086859 0.726923 0.05609 0.733333 0.00609
0 0.757692 0.013782 0.771795 0.081731 0.789103 0.143269 0.802564 0.141987 0.825641 0.066346 0.847436 0.06891 0.874359 0.072756 0.872436 0.00609 0.764103 0.00609
0 0.887179 0.108654 0.850641 0.1625 0.841026 0.315064 0.839103 0.354808 0.864744 0.384295 0.871795 0.447115 0.807051 0.424038 0.750641 0.440705 0.746795 0.470192 0.796795 0.535577 0.826282 0.585577 0.837179 0.615064 0.861538 0.693269 0.894872 0.715064 0.897436 0.738141 0.940385 0.724038 0.969872 0.643269 0.977564 0.504808 0.937821 0.454808 0.905128 0.445833 0.883333 0.403526 0.910897 0.376603 0.942308 0.333013 0.959615 0.322756 0.98141 0.399679 0.996154 0.430449 0.996795 0.213782 0.969872 0.226603 0.949359 0.20609 0.95641 0.134295 0.939744 0.122756 0.899359 0.10609
0 0.042308 0.347115 0.033333 0.434295 0.026923 0.503526 0.022436 0.571474 0.004487 0.622756 0.003846 0.722756 0.023077 0.690705 0.034615 0.608654 0.057692 0.544551 0.058974 0.488141 0.067949 0.457372 0.098718 0.430449 0.101923 0.385577 0.098077 0.358654 0.058333 0.345833
0 0.153205 0.700962 0.152564 0.763782 0.125641 0.861218 0.144231 0.940705 0.141026 0.993269 0.203205 0.994551 0.194872 0.941987 0.205128 0.920192 0.227564 0.961218 0.246154 0.95609 0.260256 0.958654 0.294872 0.926603 0.313462 0.917628 0.323077 0.908654 0.325 0.86891 0.299359 0.833013 0.291026 0.780449 0.276923 0.725321 0.253205 0.685577 0.208333 0.691987 0.187821 0.702244 0.169231 0.699679
0 0.313462 0.789423 0.327564 0.829167 0.353205 0.872756 0.39359 0.908654 0.416667 0.947115 0.435897 0.966346 0.464103 0.963782 0.48141 0.933013 0.514103 0.894551 0.532051 0.858654 0.570513 0.743269 0.58141 0.659936 0.544231 0.683013 0.532692 0.748397 0.516667 0.800962 0.494231 0.776603 0.455128 0.736859 0.424359 0.804808 0.376282 0.826603 0.361538 0.835577 0.349359 0.800962
0 0.412821 0.577885 0.392308 0.650962 0.400641 0.707372 0.411538 0.724038 0.447436 0.709936 0.445513 0.650962 0.438462 0.611218
0 0.680769 0.734295 0.683333 0.800962 0.689103 0.81891 0.710897 0.866346 0.728205 0.840705 0.726923 0.784295 0.708333 0.753526 0.682692 0.720192
