0 0.860256 0.011218 0.832051 0.0625 0.797436 0.077885 0.780128 0.16891 0.780769 0.213782 0.835256 0.291987 0.811538 0.334295 0.803846 0.394551 0.826282 0.444551 0.833333 0.465064 0.874359 0.429167 0.913462 0.40609 0.932051 0.340705 0.932692 0.247115 0.925 0.193269 0.951923 0.094551 0.920513 0.080449 0.899359 0.053526 0.920513 0.00609 0.869872 0.004808
0 0.633333 0.231731 0.619231 0.280449 0.610897 0.361218 0.617308 0.403526 0.628205 0.420192 0.644872 0.375321 0.669872 0.341987 0.675641 0.281731 0.663462 0.245833
0 0.730128 0.35609 0.710256 0.343269 0.697436 0.353526 0.717949 0.4125 0.73141 0.425321 0.749359 0.40609
0 0.646795 0.508654 0.61859 0.549679 0.594872 0.563782 0.583333 0.590705 0.580128 0.634295 0.601923 0.683013 0.667308 0.690705 0.694231 0.657372 0.709615 0.584295 0.70641 0.56891 0.662821 0.533013
0 0.454487 0.122756 0.453846 0.157372 0.453846 0.211218 0.442308 0.208654 0.442949 0.250962 0.461538 0.336859 0.487179 0.390705 0.499359 0.431731 0.509615 0.450962 0.542308 0.453526 0.564744 0.411218 0.544231 0.363782 0.525641 0.341987 0.510897 0.221474 0.490385 0.185577 0.48141 0.116346 0.485256 0.004808 0.460256 0.0125 0.461538 0.080449 0.458333 0.111218
0 0.226923 0.01891 0.198718 0.036859 0.197436 0.124038 0.185256 0.165064 0.188462 0.195833 0.219231 0.216346 0.244872 0.185577 0.264103 0.159936 0.26859 0.103526 0.271795 0.044551 0.259615 0.00609 0.232051 0.003526
0 0.001282 0.035577 0.026923 0.039423 0.071795 0.043269 0.072436 0.076603 0.087179 0.107372 0.085256 0.189423 0.087821 0.240705 0.087821 0.294551 0.08141 0.3125 0.053205 0.271474 0.045513 0.283013 0.041026 0.313782 0.038462 0.397115 0.000641 0.461218 0.001923 0.309936 0.019231 0.311218 0.023077 0.258654 0.001923 0.252244
0 0.087821 0.607372 0.120513 0.615064 0.159615 0.591987 0.158974 0.641987 0.154487 0.688141 0.115385 0.720192 0.098077 0.695833 0.087821 0.658654 0.074359 0.595833
0 0.224359 0.563782 0.221154 0.607372 0.232692 0.711218 0.224359 0.724038 0.197436 0.740705 0.147436 0.767628 0.15641 0.833013 0.2 0.815064 0.235256 0.799679 0.262821 0.757372 0.280128 0.724038 0.291667 0.677885 0.291667 0.602244 0.240385 0.561218
0 0.29359 0.241987 0.264744 0.321474 0.221154 0.349679 0.207692 0.40609 0.248077 0.454808 0.265385 0.470192 0.303205 0.409936 0.332692 0.381731 0.364103 0.358654 0.394231 0.293269 0.379487 0.2625 0.344872 0.257372 0.325 0.221474 0.305128 0.2125
0 0.364744 0.440705 0.357692 0.524038 0.36859 0.55609 0.379487 0.5625 0.415385 0.533013 0.402564 0.467628 0.39359 0.441987 0.371795 0.440705
0 0.339744 0.680449 0.305769 0.713782 0.309615 0.747115 0.31859 0.802244 0.344872 0.826603 0.359615 0.845833 0.365385 0.859936 0.390385 0.86891 0.40641 0.836859 0.390385 0.784295 0.369872 0.758654 0.359615 0.708654 0.351923 0.666346
0 0.644872 0.750962 0.644872 0.807372 0.646154 0.841987 0.616667 0.883013 0.607051 0.931731 0.596795 0.989423 0.633974 0.991987 0.654487 0.944551 0.667949 0.911218 0.679487 0.848397 0.686538 0.820192 0.666667 0.790705
0 0.767308 0.779167 0.741667 0.802244 0.740385 0.826603 0.757051 0.847115 0.757051 0.865064 0.763462 0.893269 0.805128 0.920192 0.825 0.925321 0.844231 0.870192 0.829487 0.808654 0.804487 0.790705 0.786538 0.780449 0.771795 0.758654
0 0.942949 0.688141 0.914744 0.745833 0.899359 0.859936 0.905769 0.909936 0.928205 0.945833 0.949359 0.943269 0.933974 0.894551 0.945513 0.808654 0.964103 0.831731 0.966667 0.889423 0.978205 0.915064 0.996795 0.944551 0.994872 0.726603 0.974359 0.697115 0.964103 0.694551
0 0.003205 0.775321 0.016026 0.829167 0.040385 0.854808 0.05 0.935577 0.033974 0.939423 0.007692 0.911218 0.002564 0.879167
0 0.801282 0.535577 0.808974 0.621474 0.819872 0.685577 0.84359 0.615064 0.836538 0.55609 0.819231 0.548397
