0 0.865385 0.467628 0.816026 0.489423 0.767308 0.515064 0.760256 0.511218 0.748077 0.550962 0.727564 0.570192 0.728205 0.590705 0.730128 0.613782 0.707692 0.663782 0.716667 0.704808 0.74359 0.679167 0.776923 0.627885 0.786538 0.634295 0.839744 0.627885 0.885256 0.635577 0.892949 0.652244 0.894872 0.6125 0.867308 0.486859
0 0.933333 0.645833 0.891026 0.731731 0.865385 0.816346 0.887821 0.850962 0.928205 0.872756 0.933333 0.829167 0.914103 0.770192 0.946795 0.694551 0.966026 0.715064 0.98141 0.750962 0.992308 0.774038 0.991667 0.683013 0.972436 0.630449 0.941026 0.634295
0 0.862179 0.126603 0.803846 0.199679 0.849359 0.213782 0.864744 0.231731 0.873077 0.254808 0.917949 0.208654 0.890385 0.170192 0.877564 0.140705 0.871154 0.121474
0 0.352564 0.013782 0.373077 0.041987 0.38141 0.067628 0.423077 0.052244 0.427564 0.088141 0.432692 0.104808 0.455769 0.098397 0.482051 0.098397 0.494872 0.199679 0.521154 0.20609 0.542308 0.136859 0.546795 0.070192 0.549359 0.00609 0.358333 0.007372
0 0.342308 0.266346 0.341667 0.335577 0.322436 0.3625 0.304487 0.4125 0.292308 0.436859 0.340385 0.479167 0.350641 0.479167 0.35641 0.502244 0.36859 0.535577 0.350641 0.584295 0.323718 0.615064 0.329487 0.707372 0.335256 0.722756 0.369231 0.752244 0.361538 0.641987 0.392949 0.630449 0.403846 0.604808 0.413462 0.533013 0.417308 0.497115 0.433974 0.481731 0.464744 0.407372 0.426923 0.375321 0.392949 0.421474 0.380769 0.384295 0.376282 0.311218 0.371154 0.20609 0.349359 0.244551
0 0.004487 0.093269 0.060897 0.095833 0.10641 0.104808 0.133974 0.115064 0.130128 0.143269 0.122436 0.166346 0.148718 0.181731 0.196154 0.284295 0.200641 0.333013 0.183333 0.370192 0.173718 0.411218 0.155769 0.452244 0.152564 0.386859 0.123718 0.334295 0.094231 0.270192 0.083974 0.243269 0.058333 0.247115 0.037821 0.231731 0.014103 0.185577 0.004487 0.167628 0.008333 0.130449
0 0.213462 0.400962 0.199359 0.436859 0.192949 0.435577 0.178205 0.481731 0.185256 0.493269 0.203205 0.509936 0.217308 0.533013 0.230128 0.525321 0.230769 0.458654 0.240385 0.404808 0.240385 0.395833 0.21859 0.385577
0 0.198718 0.549679 0.197436 0.595833 0.204487 0.648397 0.219231 0.667628 0.241667 0.657372 0.259615 0.633013 0.264103 0.602244 0.258974 0.574038 0.217308 0.561218
0 0.439103 0.557372 0.485256 0.567628 0.507692 0.547115 0.546154 0.497115 0.577564 0.435577 0.600641 0.417628 0.601282 0.443269 0.607692 0.5625 0.612179 0.627885 0.576282 0.641987 0.472436 0.691987 0.445513 0.677885 0.432692 0.643269 0.425641 0.591987
0 0.644872 0.308654 0.637821 0.371474 0.621154 0.435577 0.630769 0.472756 0.630769 0.559936 0.633333 0.586859 0.635256 0.594551 0.694872 0.533013 0.711538 0.526603 0.723718 0.479167 0.713462 0.404808 0.699359 0.35609 0.675 0.335577 0.664744 0.307372
0 0.512821 0.739423 0.482692 0.802244 0.482051 0.816346 0.500641 0.852244 0.534615 0.853526 0.567308 0.802244 0.569231 0.748397 0.537821 0.720192 0.515385 0.722756
0 0.373077 0.791987 0.339744 0.850962 0.344231 0.876603 0.357051 0.925321 0.339744 0.949679 0.321154 0.986859 0.408974 0.950962 0.441026 0.947115 0.434615 0.877885 0.417308 0.795833 0.391667 0.797115
0 0.200641 0.911218 0.169231 0.9625 0.160897 0.990705 0.24359 0.994551 0.235897 0.961218 0.219872 0.938141 0.212821 0.921474
0 0.282692 0.875321 0.257692 0.913782 0.252564 0.940705 0.292949 0.954808 0.296795 0.930449 0.288462 0.895833
0 0.539103 0.979167 0.579487 0.929167 0.596154 0.917628 0.610256 0.952244 0.609615 0.965064 0.623077 0.986859 0.54359 0.994551
0 0.103205 0.46891 0.075 0.516346 0.047436 0.608654 0.071154 0.621474 0.111538 0.588141 0.142308 0.56891 0.153205 0.545833 0.107051 0.491987 0.107051 0.457372
