0 0.144231 0.152244 0.142308 0.220192 0.139744 0.266346 0.148718 0.285577 0.152564 0.31891 0.153205 0.330449 0.142949 0.343269 0.126923 0.343269 0.121154 0.336859 0.10641 0.335577 0.082051 0.358654 0.075 0.365064 0.076282 0.400962 0.098718 0.480449 0.103205 0.50609 0.113462 0.531731 0.136538 0.558654 0.145513 0.56891 0.187821 0.570192 0.20641 0.558654 0.226923 0.524038 0.239103 0.480449 0.253205 0.438141 0.253205 0.40609 0.257692 0.361218 0.239744 0.281731 0.226923 0.234295 0.209615 0.181731 0.185897 0.150962 0.173718 0.145833
0 0.328205 0.258654 0.314744 0.300962 0.319231 0.336859 0.314103 0.352244 0.289744 0.354808 0.276282 0.350962 0.273077 0.376603 0.270513 0.430449 0.276282 0.475321 0.303846 0.534295 0.319872 0.536859 0.341026 0.545833 0.367308 0.525321 0.378846 0.495833 0.383333 0.452244 0.377564 0.409936 0.389744 0.389423 0.390385 0.343269 0.392308 0.299679 0.417308 0.231731 0.433974 0.215064 0.463462 0.174038 0.466667 0.158654 0.483333 0.121474 0.478205 0.040705 0.475 0.002244 0.426923 0.016346 0.40641 0.047115 0.392308 0.100962 0.383333 0.148397 0.375641 0.171474 0.359615 0.181731 0.347436 0.20609 0.333974 0.235577
0 0.580128 0.145833 0.542308 0.183013 0.546795 0.21891 0.55641 0.304808 0.560256 0.363782 0.560256 0.453526 0.555128 0.495833 0.55 0.527885 0.554487 0.572756 0.578205 0.61891 0.598718 0.644551 0.632692 0.652244 0.657051 0.5625 0.661538 0.50609 0.664103 0.46891 0.651923 0.417628 0.605128 0.413782 0.591026 0.403526 0.588462 0.308654 0.590385 0.265064 0.628205 0.295833 0.651282 0.307372 0.662179 0.253526 0.61859 0.215064 0.605769 0.203526 0.605128 0.172756 0.611538 0.152244 0.595513 0.133013
0 0.65641 0.067628 0.649359 0.127885 0.65641 0.199679 0.686538 0.238141 0.730128 0.303526 0.775641 0.279167 0.778846 0.245833 0.74359 0.135577 0.739744 0.102244 0.712821 0.057372 0.680769 0.036859 0.665385 0.043269
0 0.771154 0.024038 0.758974 0.089423 0.764744 0.116346 0.812179 0.136859 0.849359 0.165064 0.891026 0.158654 0.905769 0.104808 0.871795 0.035577 0.862821 0.00609 0.780769 0.003526
0 0.766026 0.581731 0.750641 0.626603 0.723077 0.639423 0.701282 0.667628 0.694231 0.702244 0.683974 0.745833 0.676923 0.786859 0.694231 0.839423 0.719231 0.904808 0.730769 0.939423 0.739103 0.966346 0.746795 0.993269 0.828846 0.991987 0.816026 0.952244 0.782692 0.917628 0.757692 0.891987 0.758333 0.854808 0.776923 0.80609 0.803205 0.736859 0.832051 0.658654 0.801923 0.583013 0.782692 0.581731
0 0.897436 0.284295 0.885256 0.3125 0.88141 0.333013 0.879487 0.367628 0.888462 0.4125 0.904487 0.466346 0.920513 0.477885 0.926282 0.486859 0.942308 0.484295 0.955769 0.474038 0.966026 0.445833 0.967308 0.386859 0.963462 0.365064 0.952564 0.365064 0.937179 0.336859 0.911538 0.285577
0 0.094231 0.704808 0.087821 0.7625 0.080128 0.780449 0.077564 0.895833 0.073718 0.913782 0.067949 0.941987 0.070513 0.989423 0.135897 0.993269 0.130769 0.929167 0.139744 0.902244 0.153205 0.895833 0.162821 0.898397 0.182692 0.86891 0.191667 0.834295 0.195513 0.813782 0.183333 0.766346 0.180769 0.722756 0.180769 0.703526 0.157051 0.698397 0.135256 0.704808 0.115385 0.689423 0.107051 0.683013
0 0.223077 0.677885 0.196154 0.724038 0.222436 0.774038 0.241026 0.791987 0.264744 0.804808 0.312179 0.781731 0.332692 0.815064 0.337179 0.831731 0.375641 0.833013 0.385897 0.790705 0.369872 0.748397 0.339744 0.726603 0.334615 0.697115 0.301282 0.691987 0.272436 0.684295 0.241667 0.667628 0.230128 0.66891
0 0.530769 0.816346 0.503846 0.872756 0.487821 0.898397 0.483974 0.959936 0.49359 0.991987 0.53141 0.990705 0.541667 0.981731 0.545513 0.904808 0.554487 0.859936 0.554487 0.834295 0.539103 0.8125
0 0.446795 0.580449 0.43141 0.60609 0.421154 0.647115 0.419872 0.730449 0.43141 0.758654 0.444231 0.774038 0.457692 0.748397 0.460897 0.730449 0.457051 0.690705 0.449359 0.654808 0.451282 0.627885 0.469872 0.616346 0.480128 0.643269 0.505128 0.645833 0.523077 0.607372 0.517308 0.576603 0.496154 0.561218 0.475 0.563782 0.450641 0.5625
0 0.195513 0.026603 0.191667 0.083013 0.195513 0.116346 0.241026 0.139423 0.253846 0.075321 0.255769 0.031731 0.227564 0.015064 0.207692 0.015064
