0 0.00641 0.261218 0.01859 0.234295 0.034615 0.225321 0.041667 0.238141 0.058333 0.231731 0.073077 0.230449 0.082692 0.235577 0.090385 0.265064 0.100641 0.300962 0.110897 0.325321 0.116667 0.357372 0.092308 0.407372 0.06859 0.429167 0.057692 0.445833 0.028205 0.445833 0.001923 0.444551 0.003205 0.276603
0 0.128846 0.243269 0.14359 0.200962 0.145513 0.176603 0.155769 0.1625 0.197436 0.138141 0.203205 0.139423 0.214744 0.149679 0.212179 0.179167 0.192949 0.200962 0.162179 0.236859 0.166026 0.274038 0.180769 0.275321 0.202564 0.253526 0.207051 0.235577 0.217308 0.211218 0.242949 0.227885 0.280769 0.325321 0.289744 0.380449 0.294231 0.422756 0.319231 0.433013 0.298718 0.479167 0.259615 0.477885 0.242308 0.465064 0.205128 0.430449 0.175 0.409936 0.148077 0.389423 0.14359 0.366346 0.135897 0.322756 0.126923 0.271474
0 0.266026 0.077885 0.264744 0.120192 0.269872 0.154808 0.280128 0.179167 0.291667 0.184295 0.312179 0.190705 0.330769 0.159936 0.351282 0.109936 0.357051 0.075321 0.354487 0.057372 0.327564 0.05609 0.321795 0.061218 0.279487 0.057372
0 0.35641 0.163782 0.383333 0.184295 0.387179 0.207372 0.385256 0.281731 0.38141 0.333013 0.407692 0.35609 0.426282 0.326603 0.44359 0.279167 0.447436 0.233013 0.462821 0.153526 0.475 0.095833 0.458974 0.095833 0.436538 0.121474 0.426282 0.150962 0.398077 0.154808 0.371154 0.149679
0 0.470513 0.013782 0.469872 0.041987 0.470513 0.059936 0.489744 0.086859 0.501923 0.133013 0.508333 0.159936 0.517949 0.179167 0.537821 0.184295 0.558974 0.174038 0.578205 0.148397 0.586538 0.11891 0.592308 0.107372 0.58141 0.065064 0.564744 0.057372 0.554487 0.059936 0.541026 0.043269 0.521154 0.008654
0 0.689103 0.022756 0.689103 0.049679 0.675 0.085577 0.660897 0.117628 0.639103 0.131731 0.634615 0.189423 0.639103 0.227885 0.640385 0.236859 0.667308 0.276603 0.7 0.299679 0.708974 0.294551 0.720513 0.263782 0.742949 0.198397 0.753205 0.115064 0.748077 0.091987 0.748077 0.040705 0.751282 0.011218 0.694872 0.0125
0 0.863462 0.059936 0.875 0.097115 0.872436 0.167628 0.875 0.20609 0.878846 0.238141 0.880128 0.261218 0.890385 0.297115 0.898077 0.302244 0.912179 0.295833 0.932051 0.289423 0.944872 0.290705 0.960256 0.270192 0.974359 0.265064 0.984615 0.243269 0.991026 0.190705 0.987179 0.138141 0.970513 0.104808 0.966667 0.085577 0.983974 0.075321 0.982692 0.036859 0.963462 0.003526 0.933333 0.007372 0.937179 0.031731 0.933333 0.061218 0.898718 0.0625 0.876923 0.039423 0.862821 0.038141
0 0.562821 0.315064 0.533974 0.350962 0.533974 0.384295 0.510897 0.376603 0.503205 0.391987 0.48141 0.453526 0.492949 0.483013 0.498077 0.539423 0.525641 0.541987 0.539744 0.499679 0.549359 0.474038 0.558974 0.46891 0.561538 0.5125 0.582692 0.491987 0.601282 0.41891 0.60641 0.381731 0.594872 0.341987 0.592308 0.329167 0.575 0.322756
0 0.749359 0.407372 0.773077 0.402244 0.783974 0.393269 0.810256 0.395833 0.841667 0.393269 0.85641 0.426603 0.859615 0.472756 0.857692 0.509936 0.848077 0.548397 0.827564 0.567628 0.803846 0.550962 0.785897 0.545833 0.776923 0.565064 0.751923 0.590705 0.74359 0.535577 0.741667 0.521474 0.748077 0.425321
0 0.892308 0.385577 0.917949 0.389423 0.925 0.357372 0.923077 0.326603 0.953205 0.344551 0.960256 0.352244 0.947436 0.409936 0.953846 0.430449 0.976282 0.433013 0.992308 0.45609 0.990385 0.481731 0.960256 0.503526 0.942308 0.524038 0.921154 0.517628 0.889103 0.479167 0.892308 0.434295 0.89359 0.400962 0.892949 0.400962 0.898718 0.395833 0.885256 0.379167
0 0.637179 0.480449 0.585256 0.535577 0.550641 0.554808 0.53141 0.581731 0.519872 0.611218 0.494872 0.686859 0.496154 0.702244 0.507692 0.738141 0.554487 0.788141 0.574359 0.795833 0.60641 0.803526 0.633974 0.80609 0.651923 0.802244 0.669872 0.763782 0.676923 0.677885 0.680128 0.620192 0.666667 0.571474 0.650641 0.540705 0.653846 0.504808
0 0.311538 0.522756 0.289103 0.553526 0.292308 0.608654 0.287821 0.671474 0.285256 0.739423 0.287821 0.800962 0.288462 0.844551 0.302564 0.908654 0.321795 0.933013 0.347436 0.943269 0.367308 0.935577 0.423718 0.880449 0.451282 0.830449 0.460897 0.794551 0.438462 0.731731 0.417949 0.681731 0.390385 0.640705 0.377564 0.615064 0.367308 0.577885 0.339103 0.545833 0.327564 0.524038
0 0.665385 0.375321 0.651923 0.416346 0.65641 0.447115 0.663462 0.458654 0.684615 0.45609 0.694872 0.441987 0.708333 0.4125 0.694231 0.375321 0.689744 0.371474
0 0.876282 0.798397 0.862179 0.820192 0.838462 0.791987 0.827564 0.817628 0.830769 0.861218 0.823077 0.890705 0.813462 0.941987 0.804487 0.981731 0.83141 0.988141 0.849359 0.950962 0.869872 0.875321 0.894872 0.854808 0.892949 0.813782 0.883333 0.791987
0 0.80641 0.159936 0.782051 0.179167 0.763462 0.222756 0.763462 0.249679 0.775641 0.259936 0.789103 0.258654 0.807692 0.257372 0.828846 0.235577 0.842949 0.211218 0.858333 0.175321 0.846154 0.144551 0.825 0.131731 0.821795 0.167628
0 0.004487 0.522756 0.007051 0.554808 0.012821 0.566346 0.039103 0.575321 0.048077 0.597115 0.038462 0.658654 0.039103 0.694551 0.034615 0.709936 0.019872 0.720192 0.002564 0.744551 0.003205 0.547115
0 0.958333 0.934295 0.95 0.971474 0.91859 0.958654 0.903846 0.958654 0.904487 0.990705 0.987821 0.995833 0.967308 0.95609
