0 0.532051 0.015064 0.532692 0.081731 0.546795 0.133013 0.564744 0.171474 0.583974 0.191987 0.602564 0.216346 0.634615 0.202244 0.648077 0.175321 0.664744 0.124038 0.660256 0.065064 0.649359 0.0125 0.545513 0.00609
0 0.338462 0.05609 0.332692 0.117628 0.307051 0.163782 0.300641 0.197115 0.324359 0.239423 0.339103 0.25609 0.371795 0.265064 0.387179 0.263782 0.375641 0.208654 0.378846 0.149679 0.367949 0.108654
0 0.089744 0.354808 0.064744 0.397115 0.054487 0.466346 0.044231 0.511218 0.032051 0.559936 0.028846 0.580449 0.053205 0.659936 0.057051 0.672756 0.087179 0.675321 0.110897 0.639423 0.137179 0.591987 0.162179 0.558654 0.172436 0.533013 0.174359 0.491987 0.159615 0.441987 0.129487 0.35609 0.121795 0.325321
0 0.457051 0.413782 0.430769 0.480449 0.391667 0.529167 0.360256 0.677885 0.354487 0.749679 0.357051 0.808654 0.378846 0.866346 0.396795 0.9125 0.410256 0.95609 0.427564 0.949679 0.439744 0.927885 0.454487 0.895833 0.457692 0.791987 0.464103 0.71891 0.469231 0.716346 0.483333 0.735577 0.490385 0.789423 0.499359 0.825321 0.512179 0.836859 0.539103 0.850962 0.546154 0.849679 0.533333 0.770192 0.542308 0.739423 0.558333 0.671474 0.552564 0.624038 0.492949 0.590705 0.462179 0.540705 0.487821 0.493269 0.490385 0.449679 0.487179 0.40609 0.465385 0.408654
0 0.50641 0.3125 0.511538 0.381731 0.526923 0.420192 0.560897 0.438141 0.575 0.475321 0.56859 0.541987 0.56859 0.548397 0.589103 0.572756 0.619231 0.538141 0.629487 0.565064 0.634615 0.613782 0.633333 0.650962 0.65641 0.659936 0.703205 0.602244 0.703846 0.576603 0.689103 0.521474 0.685256 0.444551 0.680128 0.384295 0.635256 0.390705 0.605128 0.398397 0.583974 0.363782 0.579487 0.341987 0.55641 0.326603 0.544231 0.300962 0.533333 0.286859 0.521154 0.297115
0 0.834615 0.334295 0.796795 0.359936 0.760897 0.386859 0.742308 0.424038 0.75 0.481731 0.762179 0.543269 0.759615 0.595833 0.739103 0.661218 0.720513 0.684295 0.730769 0.729167 0.75641 0.776603 0.823718 0.8125 0.859615 0.775321 0.883333 0.758654 0.875 0.699679 0.846795 0.621474 0.824359 0.565064 0.822436 0.51891 0.849359 0.461218 0.867308 0.439423 0.876282 0.417628 0.859615 0.349679 0.851282 0.325321
0 0.690385 0.034295 0.712821 0.140705 0.725641 0.195833 0.741667 0.234295 0.775 0.265064 0.786538 0.294551 0.829487 0.229167 0.852564 0.208654 0.858974 0.122756 0.869872 0.071474 0.876282 0.015064 0.696795 0.008654
0 0.962821 0.344551 0.917308 0.3625 0.896154 0.367628 0.900641 0.407372 0.907051 0.436859 0.93141 0.45609 0.952564 0.45609 0.976923 0.426603 0.98141 0.377885 0.973077 0.347115 0.953846 0.335577
0 0.989103 0.191987 0.971154 0.245833 0.969231 0.285577 0.975 0.309936 0.991026 0.320192 0.992949 0.340705 0.998077 0.343269
0 0.984615 0.649679 0.977564 0.7625 0.964103 0.820192 0.959615 0.845833 0.957051 0.886859 0.958333 0.933013 0.976282 0.975321 0.983333 0.993269 0.992308 0.993269 0.997436 0.975321 0.996795 0.647115
