0 0.890385 0.211218 0.885897 0.244551 0.865385 0.239423 0.832692 0.244551 0.808974 0.289423 0.791026 0.326603 0.783974 0.371474 0.780769 0.408654 0.784615 0.445833 0.800641 0.457372 0.825 0.445833 0.830769 0.407372 0.846795 0.390705 0.869872 0.3625 0.897436 0.340705 0.914103 0.325321 0.925641 0.304808 0.927564 0.272756 0.930769 0.234295 0.916667 0.215064 0.901923 0.203526
0 0.848077 0.011218 0.851282 0.045833 0.852564 0.067628 0.835897 0.091987 0.832051 0.116346 0.851282 0.131731 0.855128 0.136859 0.862179 0.148397 0.869231 0.161218 0.879487 0.147115 0.887821 0.15609 0.887179 0.172756 0.894231 0.195833 0.89359 0.174038 0.898077 0.148397 0.904487 0.145833 0.891026 0.088141 0.880769 0.066346 0.88141 0.040705 0.88141 0.025321 0.885897 0.015064 0.889744 0.007372 0.859615 0.004808
0 0.950641 0.000962 0.927564 0.045833 0.925 0.083013 0.926282 0.117628 0.939744 0.139423 0.948077 0.1625 0.957051 0.163782 0.980769 0.120192 0.990385 0.113782 0.998718 0.11891 0.998077 0.008654
0 0.716026 0.025321 0.715385 0.053526 0.685256 0.06891 0.680128 0.072756 0.683333 0.115064 0.694231 0.149679 0.704487 0.161218 0.719231 0.161218 0.733974 0.163782 0.738462 0.154808 0.736538 0.107372 0.728846 0.063782 0.723718 0.040705
0 0.790385 0.549679 0.783974 0.602244 0.773718 0.625321 0.760897 0.653526 0.746795 0.657372 0.735897 0.675321 0.757692 0.709936 0.758974 0.744551 0.76859 0.767628 0.79359 0.771474 0.805769 0.76891 0.835897 0.745833 0.84359 0.702244 0.835897 0.649679 0.817949 0.599679 0.808974 0.558654 0.802564 0.544551
0 0.914103 0.930449 0.888462 0.9625 0.874359 0.979167 0.858974 0.997115 0.980769 0.998397 0.95 0.961218 0.928846 0.940705
0 0.504487 0.704808 0.491667 0.731731 0.494231 0.761218 0.502564 0.800962 0.50641 0.813782 0.512821 0.844551 0.505128 0.885577 0.496795 0.900962 0.483974 0.884295 0.480128 0.863782 0.480128 0.799679 0.476282 0.789423 0.445513 0.795833 0.419231 0.848397 0.414744 0.852244 0.396154 0.807372 0.391667 0.770192 0.371154 0.741987 0.353205 0.711218 0.330769 0.70609 0.308974 0.759936 0.313462 0.831731 0.33141 0.863782 0.362821 0.885577 0.360897 0.929167 0.360897 0.944551 0.360897 0.965064 0.358333 0.995833 0.549359 0.995833 0.552564 0.974038 0.564103 0.943269 0.573077 0.9125 0.573077 0.8625 0.55 0.852244 0.547436 0.844551 0.547436 0.815064 0.532051 0.745833 0.524359 0.725321
0 0.250641 0.629167 0.257692 0.676603 0.255128 0.689423 0.246795 0.695833 0.234615 0.691987 0.221795 0.683013 0.191667 0.695833 0.182051 0.733013 0.191667 0.795833 0.216026 0.809936 0.227564 0.799679 0.240385 0.793269 0.254487 0.800962 0.273718 0.811218 0.292308 0.804808 0.301923 0.781731 0.302564 0.752244 0.288462 0.711218 0.285897 0.671474 0.260256 0.643269
0 0.147436 0.426603 0.146795 0.444551 0.133974 0.453526 0.127564 0.449679 0.123077 0.477885 0.121154 0.488141 0.135897 0.513782 0.145513 0.533013 0.154487 0.575321 0.176923 0.608654 0.198077 0.61891 0.226282 0.635577 0.204487 0.597115 0.187179 0.566346 0.182692 0.517628 0.177564 0.489423 0.176923 0.481731 0.173718 0.454808 0.166026 0.447115 0.15641 0.422756
0 0.373077 0.289423 0.364103 0.335577 0.342308 0.386859 0.373718 0.433013 0.401282 0.450962 0.413462 0.457372 0.439744 0.422756 0.457051 0.344551 0.455769 0.317628 0.435256 0.298397 0.395513 0.281731
0 0.6 0.45609 0.591026 0.463782 0.609615 0.499679 0.633333 0.515064 0.634615 0.535577 0.634615 0.544551 0.664744 0.574038 0.653846 0.549679 0.653846 0.536859 0.673077 0.529167 0.660256 0.4625 0.658974 0.440705 0.619872 0.443269
0 0.625 0.563782 0.61859 0.589423 0.608974 0.586859 0.605128 0.613782 0.603205 0.663782 0.614103 0.677885 0.630769 0.686859 0.634615 0.721474 0.641667 0.717628 0.653205 0.697115 0.671154 0.676603 0.671154 0.635577 0.655128 0.621474 0.648718 0.620192 0.640385 0.586859 0.640385 0.563782
0 0.225 0.053526 0.209615 0.0625 0.197436 0.103526 0.201282 0.147115 0.210897 0.211218 0.213462 0.229167 0.213462 0.266346 0.205769 0.266346 0.19359 0.240705 0.185897 0.221474 0.173718 0.209936 0.155769 0.194551 0.155769 0.175321 0.16859 0.129167 0.162179 0.111218 0.139744 0.122756 0.132051 0.153526 0.137821 0.189423 0.132692 0.239423 0.130128 0.253526 0.121795 0.25609 0.116026 0.25609 0.096795 0.21891 0.089744 0.207372 0.071154 0.208654 0.062821 0.267628 0.067308 0.288141 0.091667 0.298397 0.105128 0.303526 0.107692 0.316346 0.107692 0.325321 0.129487 0.350962 0.155128 0.354808 0.183974 0.365064 0.198718 0.3625 0.21859 0.331731 0.225 0.309936 0.232051 0.274038 0.252564 0.258654 0.25641 0.284295 0.242308 0.308654 0.237179 0.321474 0.240385 0.374038 0.239744 0.397115 0.286538 0.436859 0.308333 0.433013 0.330128 0.422756 0.326282 0.370192 0.342949 0.352244 0.334615 0.31891 0.319872 0.289423 0.303846 0.30609 0.289744 0.285577 0.291667 0.2625 0.301282 0.238141 0.304487 0.236859 0.328846 0.217628 0.332692 0.208654 0.350641 0.191987 0.370513 0.184295 0.389744 0.167628 0.414744 0.150962 0.372436 0.103526 0.314744 0.107372 0.311538 0.081731 0.276923 0.036859 0.255128 0.065064 0.232051 0.059936
0 0.008974 0.565064 0.030769 0.593269 0.039103 0.645833 0.040385 0.674038 0.049359 0.698397 0.065385 0.721474 0.071795 0.736859 0.055769 0.776603 0.060897 0.804808 0.064103 0.81891 0.055128 0.9125 0.04359 0.961218 0.010897 0.953526 0.0 0.931731 0.000641 0.857372 0.017308 0.859936 0.027564 0.861218 0.035256 0.825321 0.027564 0.797115 0.014103 0.784295 0.00641 0.775321 0.007692 0.71891 0.005769 0.690705 0.007692 0.625321 0.003205 0.594551
0 0.108974 0.007372 0.108333 0.038141 0.117308 0.054808 0.153846 0.067628 0.135897 0.022756 0.138462 0.011218
