0 0.991667 0.080449 0.982051 0.121474 0.952564 0.202244 0.91859 0.217628 0.879487 0.333013 0.919231 0.370192 0.928846 0.377885 0.955128 0.400962 0.973718 0.485577 0.997436 0.553526 0.996154 0.097115
0 0.800641 0.344551 0.777564 0.374038 0.758974 0.403526 0.753846 0.430449 0.762179 0.497115 0.761538 0.522756 0.775 0.558654 0.790385 0.554808 0.791026 0.495833 0.798718 0.45609 0.810256 0.436859 0.814744 0.438141 0.833333 0.385577 0.832051 0.35609 0.828846 0.340705
0 0.616026 0.457372 0.608333 0.504808 0.623718 0.552244 0.626282 0.594551 0.632051 0.622756 0.682692 0.60609 0.690385 0.6125 0.705128 0.550962 0.716667 0.494551 0.662821 0.483013 0.632692 0.429167
0 0.601923 0.694551 0.561538 0.730449 0.505128 0.829167 0.491667 0.877885 0.466026 0.941987 0.503205 0.985577 0.530128 0.985577 0.576923 0.9125 0.611538 0.8625 0.639103 0.821474 0.640385 0.766346 0.642308 0.715064 0.635897 0.680449 0.612179 0.688141
0 0.692308 0.630449 0.689103 0.671474 0.70641 0.731731 0.726282 0.811218 0.764103 0.775321 0.854487 0.754808 0.858974 0.788141 0.857051 0.865064 0.826282 0.91891 0.885256 0.981731 0.908974 0.926603 0.933974 0.852244 0.94359 0.820192 0.942308 0.771474 0.914744 0.724038 0.887821 0.626603 0.883974 0.554808 0.828846 0.583013 0.797436 0.603526 0.750641 0.598397 0.702564 0.611218
0 0.957692 0.80609 0.950641 0.884295 0.925 0.953526 0.917308 0.989423 0.985256 0.997115 0.985256 0.961218 0.969231 0.921474 0.975641 0.881731 0.98141 0.845833 0.984615 0.8125 0.978846 0.80609
0 0.008974 0.308654 0.012821 0.331731 0.030128 0.290705 0.030769 0.276603 0.065385 0.26891 0.096154 0.265064 0.125641 0.234295 0.140385 0.275321 0.153205 0.333013 0.144231 0.386859 0.113462 0.386859 0.080128 0.409936 0.033974 0.509936 0.003205 0.552244 0.002564 0.326603
0 0.149359 0.661218 0.121154 0.695833 0.10641 0.722756 0.101282 0.794551 0.114744 0.830449 0.125 0.859936 0.163462 0.927885 0.228205 0.95609 0.212179 0.872756 0.214103 0.849679 0.227564 0.85609 0.237179 0.867628 0.260256 0.825321 0.246795 0.767628 0.210256 0.727885 0.146795 0.698397
0 0.089744 0.066346 0.126923 0.154808 0.164744 0.2125 0.165385 0.270192 0.175641 0.336859 0.189744 0.331731 0.212821 0.286859 0.238462 0.200962 0.255769 0.165064 0.266667 0.093269 0.248718 0.066346 0.186538 0.080449 0.163462 0.049679 0.148077 0.035577 0.10641 0.040705
0 0.294231 0.477885 0.258333 0.498397 0.266026 0.552244 0.271154 0.572756 0.278846 0.586859 0.314103 0.558654 0.311538 0.472756
0 0.375 0.65609 0.371795 0.675321 0.384615 0.70609 0.389103 0.721474 0.421154 0.729167 0.417308 0.704808 0.398718 0.667628 0.387179 0.661218
