0 0.670513 0.183013 0.635256 0.2625 0.642949 0.327885 0.641026 0.425321 0.676282 0.413782 0.704487 0.525321 0.712179 0.561218 0.725 0.615064 0.792308 0.61891 0.824359 0.603526 0.851923 0.549679 0.847436 0.481731 0.832692 0.40609 0.824359 0.327885 0.839744 0.274038 0.844872 0.197115 0.805128 0.248397 0.752564 0.2125 0.707692 0.181731
0 0.607051 0.266346 0.553846 0.299679 0.537179 0.30609 0.512179 0.313782 0.503205 0.385577 0.521154 0.415064 0.55641 0.403526 0.59359 0.349679 0.616026 0.338141 0.629487 0.297115 0.622436 0.275321
0 0.382692 0.097115 0.372436 0.172756 0.367949 0.21891 0.367949 0.304808 0.366026 0.393269 0.355128 0.445833 0.351923 0.491987 0.362821 0.539423 0.373718 0.577885 0.422436 0.545833 0.448718 0.491987 0.470513 0.393269 0.503846 0.204808 0.502564 0.131731 0.496154 0.030449 0.463462 0.059936 0.464744 0.102244 0.441667 0.117628 0.4 0.091987
0 0.789744 0.016346 0.790385 0.103526 0.789744 0.147115 0.816026 0.152244 0.844231 0.153526 0.867949 0.140705 0.886538 0.097115 0.914744 0.004808 0.799359 0.002244
0 0.887179 0.330449 0.860897 0.480449 0.862179 0.533013 0.864744 0.553526 0.898077 0.56891 0.939103 0.567628 0.997436 0.579167 0.996154 0.409936 0.930128 0.340705 0.897436 0.335577
0 0.672436 0.615064 0.598718 0.616346 0.537821 0.625321 0.509615 0.645833 0.505128 0.693269 0.533333 0.758654 0.55 0.790705 0.594872 0.8125 0.655128 0.831731 0.682051 0.870192 0.69359 0.800962 0.705769 0.690705 0.69359 0.609936
0 0.026923 0.308654 0.082692 0.313782 0.123718 0.286859 0.155128 0.330449 0.192949 0.348397 0.219231 0.380449 0.23141 0.407372 0.217949 0.476603 0.217949 0.509936 0.166667 0.571474 0.112179 0.554808 0.054487 0.511218 0.023718 0.453526 0.023718 0.390705 0.023718 0.327885
0 0.186538 0.011218 0.219231 0.050962 0.203205 0.108654 0.187179 0.141987 0.2 0.184295 0.25641 0.204808 0.275 0.152244 0.273077 0.085577 0.270513 0.029167 0.274359 0.008654 0.198718 0.004808
0 0.848077 0.736859 0.825 0.786859 0.762821 0.824038 0.751923 0.893269 0.769231 0.925321 0.779487 0.977885 0.826923 0.990705 0.829487 0.939423 0.844231 0.886859 0.861538 0.834295 0.877564 0.771474 0.880769 0.727885 0.861538 0.727885
0 0.898077 0.727885 0.908974 0.813782 0.953205 0.793269 0.972436 0.847115 0.985897 0.909936 0.996154 0.917628 0.996154 0.767628 0.961538 0.749679 0.917308 0.733013
0 0.889744 0.974038 0.886538 0.927885 0.919231 0.925321 0.947436 0.934295 0.957692 0.963782 0.948077 0.997115 0.90641 0.984295
