0 0.017949 0.040705 0.021795 0.109936 0.030769 0.165064 0.067949 0.222756 0.086538 0.240705 0.104487 0.280449 0.115385 0.324038 0.136538 0.347115 0.153846 0.352244 0.257692 0.344551 0.266667 0.349679 0.285897 0.348397 0.291667 0.316346 0.289103 0.230449 0.292949 0.183013 0.310897 0.1125 0.285897 0.061218 0.232692 0.067628 0.226282 0.057372 0.197436 0.007372 0.014103 0.011218
0 0.007692 0.457372 0.041026 0.398397 0.049359 0.365064 0.102564 0.377885 0.140385 0.399679 0.139744 0.465064 0.126282 0.524038 0.123077 0.529167 0.092308 0.516346 0.08141 0.516346 0.076282 0.530449 0.078846 0.575321 0.087179 0.659936 0.092949 0.689423 0.073077 0.766346 0.057692 0.848397 0.001923 0.790705 0.001923 0.480449
0 0.166026 0.480449 0.139744 0.531731 0.132051 0.688141 0.114744 0.709936 0.105769 0.71891 0.08141 0.779167 0.075641 0.833013 0.080769 0.854808 0.121154 0.844551 0.142949 0.872756 0.159615 0.950962 0.177564 0.945833 0.182692 0.844551 0.208333 0.795833 0.229487 0.777885 0.257051 0.740705 0.269231 0.675321 0.273718 0.640705 0.249359 0.626603 0.238462 0.579167 0.233333 0.508654 0.228205 0.495833 0.205769 0.491987 0.180128 0.503526
0 0.351923 0.033013 0.367949 0.076603 0.407692 0.136859 0.408333 0.175321 0.433333 0.193269 0.462821 0.222756 0.492308 0.230449 0.521795 0.208654 0.542949 0.157372 0.535256 0.098397 0.5 0.127885 0.450641 0.133013 0.457692 0.076603 0.469231 0.004808 0.360256 0.007372
0 0.322436 0.721474 0.266667 0.775321 0.210256 0.907372 0.216026 0.990705 0.408974 0.994551 0.394872 0.949679 0.403846 0.895833 0.415385 0.858654 0.413462 0.834295 0.367308 0.736859 0.351282 0.690705
0 0.371154 0.576603 0.371154 0.629167 0.36859 0.685577 0.366667 0.729167 0.383974 0.726603 0.412179 0.741987 0.430128 0.731731 0.439103 0.713782 0.439103 0.693269 0.417308 0.627885 0.398077 0.599679 0.390385 0.5625
0 0.555769 0.389423 0.536538 0.422756 0.529487 0.465064 0.530769 0.488141 0.555128 0.504808 0.567308 0.509936 0.577564 0.521474 0.585897 0.549679 0.60641 0.571474 0.617949 0.584295 0.636538 0.5625 0.623718 0.531731 0.610256 0.5125 0.603846 0.483013 0.600641 0.447115 0.598718 0.409936 0.570513 0.389423
0 0.711538 0.191987 0.664744 0.231731 0.662821 0.238141 0.691667 0.298397 0.708333 0.340705 0.721795 0.339423 0.726282 0.31891 0.742308 0.295833 0.745513 0.285577 0.748077 0.245833 0.748718 0.2125 0.759615 0.174038 0.766026 0.150962 0.766667 0.122756 0.757692 0.116346 0.737179 0.129167 0.730128 0.165064 0.725641 0.199679
0 0.680769 0.475321 0.667308 0.494551 0.63141 0.477885 0.641667 0.536859 0.664103 0.559936 0.678846 0.574038 0.695513 0.493269
0 0.566667 0.016346 0.579487 0.084295 0.580128 0.104808 0.587179 0.116346 0.63141 0.091987 0.675641 0.00609 0.578205 0.007372
0 0.888462 0.443269 0.877564 0.566346 0.871154 0.640705 0.876282 0.739423 0.892308 0.849679 0.917308 0.852244 0.948718 0.757372 0.997436 0.781731 0.997436 0.441987 0.986538 0.480449 0.971795 0.497115 0.947436 0.491987 0.928205 0.474038
0 0.769231 0.491987 0.751282 0.550962 0.762179 0.574038 0.785256 0.553526 0.798718 0.522756 0.816026 0.459936 0.807051 0.407372 0.790385 0.4125 0.787179 0.421474 0.779487 0.484295
0 0.727564 0.604808 0.716026 0.645833 0.712179 0.677885 0.728205 0.6625 0.733333 0.667628 0.737179 0.679167 0.753205 0.677885 0.763462 0.666346 0.760256 0.636859 0.747436 0.60609
0 0.60641 0.711218 0.588462 0.735577 0.586538 0.76891 0.585256 0.783013 0.592949 0.791987 0.624359 0.794551 0.637179 0.779167 0.647436 0.743269 0.61859 0.720192
0 0.767308 0.740705 0.766667 0.780449 0.760897 0.835577 0.767949 0.841987 0.780128 0.867628 0.801923 0.852244 0.823718 0.808654 0.832692 0.772756 0.816026 0.745833 0.794231 0.743269
0 0.969231 0.861218 0.951923 0.891987 0.944872 0.908654 0.957051 0.922756 0.979487 0.924038 0.995513 0.903526 0.998718 0.861218
