0 0.91281 0.274493 0.87973 0.309333 0.86143 0.320946 0.847354 0.326225 0.841019 0.36212 0.845242 0.388514 0.871284 0.406461 0.886064 0.410684 0.933221 0.430743 0.956447 0.425465 0.972635 0.395904 0.969116 0.343117 0.962078 0.323057 0.950113 0.302998 0.931813 0.292441
0 0.94237 0.229096 0.914921 0.249155 0.908587 0.254434 0.921959 0.263936 0.933221 0.261824 0.964893 0.258657 0.957151 0.268159 0.97545 0.280828 0.986712 0.292441 0.997269 0.29772 0.998677 0.229096 0.983193 0.229096 0.971931 0.232264 0.956447 0.225929
0 0.82272 0.247044 0.808643 0.250211 0.802309 0.252323 0.798086 0.251267 0.793863 0.25549 0.79527 0.266047 0.80442 0.271326 0.817089 0.269215 0.827646 0.261824
0 0.603829 0.17103 0.617905 0.196368 0.632686 0.225929 0.635501 0.235431 0.632686 0.254434 0.623536 0.260769 0.601717 0.273438 0.603829 0.287162 0.608052 0.306166 0.615794 0.31989 0.621425 0.334671 0.628463 0.339949 0.645355 0.342061 0.665766 0.34734 0.688288 0.339949 0.701661 0.336782 0.711515 0.326225 0.696734 0.318834 0.703069 0.29772 0.719257 0.285051 0.72911 0.267103 0.739668 0.256546 0.744595 0.228041 0.736852 0.218539 0.712922 0.20587 0.697438 0.206926 0.679842 0.204814 0.6721 0.183699 0.667173 0.158361 0.647466 0.152027 0.631278 0.146748 0.617202 0.136191 0.594679 0.137247 0.592568 0.158361
0 0.372269 0.127745 0.3779 0.154139 0.388457 0.16364 0.402534 0.162584 0.403941 0.180532 0.408164 0.195312 0.422241 0.203758 0.429983 0.207981 0.433502 0.225929 0.451098 0.233319 0.453913 0.221706 0.453913 0.195312 0.442652 0.172086 0.439133 0.158361 0.437725 0.127745 0.422241 0.109797 0.402534 0.11402
0 0.304702 0.135135 0.303998 0.157306 0.307517 0.179476 0.318778 0.194257 0.328632 0.200591 0.344116 0.187922 0.34482 0.157306 0.327928 0.136191 0.315259 0.134079
0 0.352562 0.190034 0.349043 0.211149 0.348339 0.231208 0.35397 0.249155 0.361712 0.249155 0.371565 0.234375 0.379307 0.215372 0.375084 0.197424 0.364527 0.19109
0 0.17942 0.206926 0.182939 0.236486 0.192089 0.261824 0.206869 0.240709 0.199831 0.206926
0 0.004167 0.092905 0.029505 0.084459 0.0471 0.09924 0.054139 0.116132 0.07103 0.12141 0.091441 0.119299 0.116779 0.129856 0.134375 0.139358 0.157601 0.149916 0.161824 0.177365 0.144932 0.199535 0.13156 0.214316 0.110445 0.21326 0.097072 0.21326 0.080884 0.216427 0.069623 0.228041 0.066807 0.233319 0.0654 0.240709 0.066104 0.252323 0.082292 0.260769 0.101999 0.264992 0.121002 0.264992 0.130152 0.276605 0.119595 0.299831 0.099184 0.317779 0.081588 0.324113 0.059769 0.324113 0.045693 0.306166 0.040766 0.260769 0.035135 0.216427 0.021762 0.184755 0.010501 0.173142 0.002759 0.168919
0 0.463063 0.249155 0.440541 0.243877 0.446171 0.272382 0.462359 0.286106 0.486993 0.275549 0.490512 0.263936
