0 0.708974 0.125321 0.710897 0.247115 0.716667 0.331731 0.721795 0.40609 0.685256 0.390705 0.676282 0.381731 0.662179 0.424038 0.707051 0.489423 0.739103 0.527885 0.787179 0.509936 0.792308 0.452244 0.813462 0.400962 0.83141 0.274038 0.796795 0.274038 0.761538 0.148397 0.720513 0.126603
0 0.630769 0.111218 0.585256 0.136859 0.566026 0.153526 0.585897 0.227885 0.587821 0.261218 0.619872 0.207372 0.647436 0.190705 0.644231 0.140705 0.66859 0.099679 0.625 0.103526
0 0.40641 0.094551 0.422436 0.176603 0.421154 0.338141 0.430128 0.386859 0.436538 0.453526 0.44359 0.51891 0.455128 0.583013 0.488462 0.545833 0.519872 0.544551 0.533333 0.671474 0.564744 0.630449 0.580128 0.552244 0.620513 0.46891 0.571154 0.465064 0.528205 0.488141 0.514103 0.450962 0.516026 0.353526 0.50641 0.297115 0.491026 0.247115 0.487821 0.195833 0.476923 0.133013 0.448077 0.098397
0 0.255769 0.21891 0.240385 0.266346 0.240385 0.304808 0.241667 0.347115 0.239103 0.390705 0.242308 0.408654 0.257692 0.425321 0.277564 0.399679 0.3 0.388141 0.312821 0.429167 0.328846 0.449679 0.342308 0.441987 0.335256 0.377885 0.328846 0.334295 0.295513 0.283013 0.271795 0.208654
0 0.330769 0.604808 0.3 0.680449 0.258333 0.788141 0.255128 0.826603 0.273718 0.921474 0.294231 0.976603 0.344231 0.947115 0.371154 0.947115 0.391667 0.941987 0.410897 0.902244 0.391026 0.836859 0.389744 0.772756 0.389103 0.731731 0.401923 0.683013 0.389103 0.609936 0.355769 0.56891 0.357051 0.627885 0.330128 0.629167
0 0.205128 0.652244 0.197436 0.713782 0.184615 0.727885 0.180128 0.744551 0.190385 0.76891 0.237821 0.783013 0.251282 0.733013 0.261538 0.654808 0.24359 0.650962 0.225 0.667628
0 0.058333 0.388141 0.047436 0.509936 0.047436 0.570192 0.051282 0.693269 0.082051 0.691987 0.094231 0.624038 0.1 0.489423 0.102564 0.4625 0.116667 0.422756 0.102564 0.379167
0 0.594872 0.648397 0.585897 0.721474 0.589744 0.76891 0.608974 0.777885 0.63141 0.724038 0.666026 0.648397 0.660256 0.629167 0.620513 0.653526
0 0.810256 0.844551 0.812179 0.900962 0.776282 0.958654 0.764103 0.966346 0.766026 0.997115 0.882051 0.994551 0.874359 0.927885 0.84359 0.890705 0.832692 0.870192 0.817308 0.833013
0 0.646154 0.866346 0.665385 0.925321 0.692308 0.95609 0.716667 0.952244 0.721154 0.909936 0.7 0.858654 0.683333 0.857372 0.658333 0.86891
0 0.88141 0.293269 0.864103 0.365064 0.862821 0.395833 0.880128 0.409936 0.889103 0.402244 0.909615 0.345833 0.911538 0.308654 0.891667 0.302244
0 0.237179 0.020192 0.222436 0.049679 0.175641 0.06891 0.164744 0.099679 0.144872 0.144551 0.147436 0.194551 0.160897 0.202244 0.240385 0.134295 0.262821 0.113782 0.284615 0.065064 0.279487 0.013782 0.244872 0.007372
