0 0.747436 0.009936 0.764744 0.044551 0.754487 0.080449 0.735256 0.102244 0.667308 0.10609 0.633974 0.072756 0.615385 0.102244 0.592949 0.066346 0.579487 0.088141 0.583974 0.148397 0.592308 0.231731 0.633974 0.202244 0.662179 0.222756 0.653205 0.302244 0.655128 0.348397 0.654487 0.397115 0.626282 0.41891 0.586538 0.445833 0.512821 0.365064 0.520513 0.276603 0.542949 0.271474 0.542949 0.216346 0.548077 0.150962 0.546154 0.111218 0.532051 0.061218 0.524359 0.003526
0 0.492949 0.050962 0.485897 0.148397 0.502564 0.197115 0.511538 0.241987 0.517308 0.263782 0.530769 0.265064 0.539103 0.203526 0.540385 0.153526 0.523718 0.131731 0.523077 0.111218 0.523077 0.074038 0.512179 0.063782
0 0.447436 0.349679 0.417308 0.376603 0.412821 0.4125 0.396795 0.436859 0.386538 0.461218 0.410897 0.563782 0.422436 0.565064 0.45 0.576603 0.463462 0.566346 0.477564 0.500962 0.457692 0.486859 0.435897 0.488141 0.432692 0.416346 0.458333 0.436859 0.482051 0.447115 0.498077 0.416346 0.499359 0.377885 0.485256 0.357372 0.467949 0.349679
0 0.741026 0.384295 0.698718 0.444551 0.673077 0.50609 0.65641 0.575321 0.675641 0.65609 0.692308 0.693269 0.703846 0.722756 0.729487 0.827885 0.729487 0.867628 0.742949 0.929167 0.787821 0.916346 0.80641 0.863782 0.832051 0.80609 0.825641 0.736859 0.783974 0.738141 0.766667 0.726603 0.753846 0.691987 0.748718 0.66891 0.775641 0.575321 0.807051 0.504808 0.815385 0.472756 0.808974 0.409936 0.780769 0.388141 0.753205 0.375321
0 0.862179 0.097115 0.867308 0.171474 0.873718 0.247115 0.898077 0.272756 0.916667 0.293269 0.945513 0.286859 0.969872 0.265064 0.955128 0.193269 0.923077 0.180449 0.905128 0.117628 0.894231 0.070192 0.886538 0.050962 0.876923 0.095833
0 0.255128 0.039423 0.24359 0.125321 0.246795 0.213782 0.254487 0.263782 0.254487 0.316346 0.258974 0.347115 0.298718 0.374038 0.312821 0.376603 0.341667 0.357372 0.367308 0.280449 0.374359 0.224038 0.392949 0.122756 0.383974 0.044551 0.440385 0.008654 0.300641 0.007372 0.30641 0.039423 0.309615 0.075321 0.303205 0.095833 0.303846 0.143269 0.291667 0.153526 0.276923 0.153526 0.26859 0.144551 0.267308 0.077885 0.278205 0.029167 0.275 0.011218 0.258974 0.008654 0.254487 0.015064
0 0.119231 0.0125 0.130128 0.103526 0.135256 0.138141 0.116026 0.135577 0.091026 0.116346 0.063462 0.165064 0.051923 0.198397 0.085897 0.286859 0.102564 0.353526 0.128846 0.36891 0.171795 0.359936 0.205128 0.3125 0.221795 0.270192 0.236538 0.227885 0.249359 0.172756 0.235256 0.116346 0.223077 0.093269 0.217308 0.063782 0.204487 0.008654
0 0.071154 0.484295 0.066667 0.602244 0.062179 0.699679 0.058333 0.75609 0.069231 0.80609 0.084615 0.829167 0.107692 0.835577 0.132692 0.843269 0.140385 0.899679 0.152564 0.921474 0.183974 0.935577 0.219872 0.839423 0.210897 0.747115 0.185897 0.813782 0.162179 0.836859 0.127564 0.799679 0.120513 0.739423 0.121154 0.697115 0.15 0.697115 0.170513 0.645833 0.183333 0.586859 0.167308 0.550962 0.167308 0.508654 0.146154 0.480449 0.117949 0.493269 0.085897 0.465064
0 0.230128 0.472756 0.195513 0.502244 0.189744 0.548397 0.235256 0.588141 0.278846 0.617628 0.325641 0.635577 0.362821 0.653526 0.367308 0.625321 0.358974 0.581731 0.340385 0.544551 0.346795 0.485577 0.325641 0.477885 0.310256 0.521474 0.284615 0.497115 0.289744 0.439423 0.258333 0.445833
0 0.376923 0.689423 0.367949 0.759936 0.369872 0.808654 0.398718 0.8125 0.411538 0.754808 0.40641 0.704808 0.371795 0.697115
0 0.514103 0.621474 0.473077 0.680449 0.469231 0.752244 0.470513 0.785577 0.479487 0.824038 0.522436 0.833013 0.583333 0.766346 0.612821 0.721474 0.58141 0.681731 0.553205 0.643269 0.535897 0.6125
0 0.394231 0.952244 0.382692 0.981731 0.376282 0.994551 0.450641 0.989423 0.43141 0.965064 0.407692 0.947115
0 0.673077 0.754808 0.64359 0.834295 0.639744 0.880449 0.666667 0.894551 0.694231 0.886859 0.713462 0.824038 0.70641 0.779167 0.692949 0.753526
0 0.966026 0.588141 0.937821 0.620192 0.902564 0.611218 0.896154 0.644551 0.914744 0.697115 0.942308 0.709936 0.951282 0.731731 0.971154 0.672756 0.973077 0.622756
0 0.937821 0.836859 0.925641 0.902244 0.923077 0.91891 0.940385 0.91891 0.948077 0.895833 0.948077 0.850962
