0 0.85 0.038141 0.846154 0.085577 0.851923 0.134295 0.854487 0.158654 0.853205 0.188141 0.847436 0.207372 0.859615 0.250962 0.871795 0.266346 0.885897 0.283013 0.916026 0.293269 0.905769 0.277885 0.878205 0.21891 0.894872 0.195833 0.912179 0.165064 0.930769 0.11891 0.959615 0.072756 0.951923 0.045833 0.925 0.038141 0.896795 0.040705 0.860897 0.035577
0 0.687821 0.215064 0.664744 0.253526 0.651923 0.297115 0.652564 0.313782 0.669872 0.329167 0.675641 0.336859 0.685256 0.359936 0.705769 0.379167 0.719872 0.397115 0.722436 0.389423 0.719872 0.316346 0.710897 0.263782 0.723077 0.230449 0.717949 0.217628 0.712179 0.20609 0.7 0.208654
0 0.826282 0.390705 0.817308 0.417628 0.812179 0.430449 0.801923 0.429167 0.764103 0.424038 0.75 0.443269 0.721154 0.488141 0.714744 0.579167 0.724359 0.599679 0.767308 0.625321 0.790385 0.657372 0.836538 0.684295 0.857692 0.647115 0.891667 0.641987 0.928846 0.600962 0.948077 0.574038 0.901923 0.500962 0.890385 0.454808 0.894872 0.433013 0.914103 0.411218 0.907051 0.386859 0.882051 0.353526 0.845513 0.345833 0.837179 0.339423
0 0.615385 0.425321 0.608333 0.503526 0.605128 0.552244 0.587179 0.615064 0.575641 0.615064 0.559615 0.643269 0.537179 0.658654 0.505128 0.629167 0.467949 0.647115 0.448077 0.674038 0.436538 0.759936 0.43141 0.815064 0.430128 0.838141 0.480128 0.872756 0.496795 0.876603 0.509615 0.871474 0.523077 0.845833 0.529487 0.803526 0.487821 0.763782 0.483974 0.733013 0.492949 0.690705 0.51859 0.689423 0.521795 0.700962 0.53141 0.720192 0.533333 0.749679 0.547436 0.76891 0.550641 0.799679 0.542308 0.836859 0.557692 0.863782 0.576282 0.885577 0.598077 0.85609 0.625 0.81891 0.658333 0.744551 0.691667 0.600962 0.669872 0.489423 0.649359 0.421474 0.625641 0.357372 0.608333 0.372756
0 0.314744 0.291987 0.283974 0.304808 0.3 0.398397 0.326282 0.452244 0.34359 0.471474 0.329487 0.536859 0.352564 0.581731 0.376282 0.553526 0.371795 0.489423 0.364103 0.400962 0.355769 0.325321 0.325 0.290705
0 0.454487 0.253526 0.435897 0.276603 0.433974 0.340705 0.428846 0.344551 0.435256 0.375321 0.441667 0.393269 0.426923 0.435577 0.432692 0.452244 0.457051 0.430449 0.482051 0.400962 0.503846 0.383013 0.490385 0.3125 0.491667 0.239423 0.482051 0.21891
0 0.312179 0.01891 0.319872 0.049679 0.317949 0.059936 0.31859 0.079167 0.328205 0.091987 0.339103 0.104808 0.374359 0.131731 0.39359 0.135577 0.424359 0.121474 0.480769 0.00609 0.316667 0.003526
0 0.103205 0.093269 0.064744 0.152244 0.051282 0.195833 0.040385 0.227885 0.061538 0.279167 0.067949 0.288141 0.105128 0.274038 0.125641 0.2625 0.158974 0.236859 0.157692 0.175321 0.167308 0.120192 0.153205 0.11891 0.139103 0.102244 0.111538 0.091987
0 0.057051 0.007372 0.05 0.054808 0.002564 0.107372 0.002564 0.007372
0 0.025 0.734295 0.039103 0.713782 0.051282 0.690705 0.06859 0.648397 0.082051 0.640705 0.10641 0.645833 0.130769 0.700962 0.161538 0.693269 0.184615 0.686859 0.19359 0.698397 0.172436 0.815064 0.154487 0.833013 0.126282 0.863782 0.098718 0.876603 0.072436 0.880449 0.048718 0.889423 0.038462 0.86891 0.030128 0.827885 0.030769 0.774038
0 0.219872 0.76891 0.212179 0.80609 0.198077 0.798397 0.189103 0.786859 0.186538 0.831731 0.194872 0.924038 0.209615 0.995833 0.259615 0.989423 0.278205 0.949679 0.300641 0.934295 0.292949 0.903526 0.271795 0.849679 0.263462 0.835577 0.241667 0.772756
0 0.249359 0.686859 0.255128 0.697115 0.272436 0.726603 0.273718 0.752244 0.295513 0.761218 0.319872 0.795833 0.332692 0.833013 0.342308 0.85609 0.357692 0.877885 0.362821 0.886859 0.378846 0.880449 0.378846 0.833013 0.388462 0.789423 0.394872 0.763782 0.391026 0.759936 0.369872 0.763782 0.333974 0.693269 0.289103 0.702244 0.263462 0.688141
0 0.80641 0.774038 0.779487 0.830449 0.754487 0.865064 0.764103 0.904808 0.778846 0.938141 0.804487 0.993269 0.892949 0.983013 0.936538 0.949679 0.959615 0.885577 0.970513 0.824038 0.948077 0.800962 0.896154 0.785577 0.845513 0.748397
