0 0.766667 0.036859 0.764103 0.115064 0.736538 0.154808 0.712821 0.202244 0.710897 0.248397 0.71859 0.338141 0.733333 0.321474 0.764744 0.347115 0.804487 0.385577 0.830128 0.420192 0.876923 0.453526 0.900641 0.415064 0.904487 0.374038 0.89359 0.338141 0.844231 0.307372 0.820513 0.276603 0.816667 0.233013 0.821154 0.215064 0.812179 0.148397 0.81859 0.099679 0.805769 0.0125 0.766667 0.007372
0 0.932692 0.148397 0.926282 0.244551 0.91859 0.374038 0.950641 0.430449 0.974359 0.427885 0.996154 0.389423 0.996795 0.158654 0.953846 0.149679
0 0.771795 0.50609 0.735897 0.533013 0.775 0.572756 0.786538 0.577885 0.797436 0.615064 0.810256 0.680449 0.81859 0.780449 0.845513 0.874038 0.857051 0.9625 0.891026 0.979167 0.901923 0.8625 0.876923 0.86891 0.867949 0.766346 0.875641 0.697115 0.855128 0.61891 0.827564 0.598397 0.817949 0.535577 0.785256 0.513782
0 0.904487 0.476603 0.887179 0.55609 0.891026 0.575321 0.921154 0.579167 0.928205 0.527885 0.911538 0.470192
0 0.392308 0.284295 0.394872 0.358654 0.386538 0.46891 0.388462 0.517628 0.4 0.588141 0.414103 0.702244 0.423718 0.743269 0.453846 0.736859 0.467308 0.688141 0.45 0.639423 0.436538 0.553526 0.439103 0.494551 0.454487 0.454808 0.479487 0.427885 0.475 0.384295 0.422436 0.285577
0 0.216667 0.007372 0.220513 0.0625 0.183974 0.111218 0.19359 0.254808 0.225 0.267628 0.228205 0.163782 0.242949 0.095833 0.258974 0.048397 0.285256 0.0625 0.311538 0.143269 0.31859 0.204808 0.337821 0.252244 0.337821 0.298397 0.358974 0.283013 0.354487 0.185577 0.353846 0.148397 0.335897 0.166346 0.323718 0.117628 0.341667 0.048397 0.345513 0.00609
0 0.010897 0.021474 0.021154 0.05609 0.038462 0.052244 0.033974 0.008654 0.088462 0.008654 0.10641 0.036859 0.126282 0.047115 0.14359 0.01891 0.151923 0.075321 0.155128 0.125321 0.170513 0.188141 0.146795 0.221474 0.121795 0.204808 0.108333 0.175321 0.094231 0.170192 0.055769 0.181731 0.003205 0.207372 0.002564 0.035577
0 0.171154 0.411218 0.141667 0.4625 0.132051 0.522756 0.15 0.588141 0.177564 0.624038 0.201923 0.6625 0.224359 0.684295 0.275641 0.626603 0.282692 0.561218 0.248718 0.531731 0.227564 0.522756 0.221795 0.466346 0.212179 0.385577 0.185256 0.4125
0 0.007692 0.26891 0.024359 0.288141 0.035897 0.294551 0.042308 0.299679 0.053846 0.253526 0.062821 0.220192 0.091026 0.359936 0.091667 0.424038 0.06859 0.448397 0.039744 0.454808 0.015385 0.430449 0.003846 0.376603 0.001923 0.281731
0 0.003846 0.729167 0.020513 0.704808 0.026923 0.707372 0.05641 0.733013 0.082051 0.757372 0.077564 0.802244 0.053846 0.872756 0.003846 0.974038
0 0.172436 0.804808 0.171154 0.857372 0.180128 0.915064 0.180769 0.970192 0.197436 0.972756 0.242949 0.974038 0.255769 0.953526 0.286538 0.933013 0.308333 0.934295 0.305769 0.871474 0.302564 0.833013 0.319872 0.815064 0.317308 0.749679 0.280769 0.777885 0.248718 0.772756 0.228205 0.758654 0.207692 0.789423 0.189103 0.802244
0 0.520513 0.625321 0.496154 0.680449 0.483974 0.70609 0.494872 0.776603 0.5 0.813782 0.524359 0.849679 0.538462 0.772756 0.552564 0.743269 0.570513 0.747115 0.579487 0.766346 0.592308 0.775321 0.601282 0.745833 0.59359 0.698397 0.615385 0.634295 0.612821 0.581731 0.580769 0.594551 0.55641 0.649679 0.537821 0.644551
0 0.659615 0.988141 0.659615 0.949679 0.658333 0.921474 0.685256 0.922756 0.698077 0.925321 0.714103 0.899679 0.720513 0.948397 0.716667 0.991987 0.671154 0.993269
