0 0.533974 0.036859 0.532692 0.125321 0.546795 0.2125 0.559615 0.276603 0.56859 0.338141 0.569231 0.434295 0.610897 0.476603 0.659615 0.565064 0.671154 0.579167 0.694231 0.549679 0.714744 0.493269 0.741667 0.448397 0.749359 0.366346 0.699359 0.375321 0.64359 0.385577 0.637821 0.279167 0.630769 0.194551 0.608974 0.115064 0.598718 0.059936 0.562179 0.030449 0.539103 0.024038
0 0.372436 0.135577 0.353846 0.211218 0.362821 0.259936 0.367308 0.316346 0.390385 0.331731 0.412821 0.284295 0.435256 0.321474 0.441667 0.361218 0.466667 0.35609 0.464744 0.280449 0.453205 0.239423 0.419872 0.225321 0.407051 0.154808 0.401282 0.135577
0 0.437821 0.00609 0.428846 0.049679 0.433974 0.085577 0.441026 0.084295 0.457692 0.054808 0.48141 0.007372 0.449359 0.002244
0 0.283333 0.009936 0.269872 0.047115 0.26859 0.075321 0.273077 0.095833 0.294872 0.11891 0.312179 0.090705 0.351923 0.048397 0.402564 0.004808 0.296154 0.003526
0 0.213462 0.285577 0.191667 0.324038 0.188462 0.376603 0.175641 0.453526 0.170513 0.55609 0.171154 0.581731 0.203846 0.586859 0.213462 0.533013 0.217308 0.457372 0.226282 0.395833 0.234615 0.333013 0.230769 0.276603
0 0.492949 0.504808 0.432692 0.586859 0.423718 0.643269 0.388462 0.716346 0.382692 0.795833 0.405769 0.858654 0.48141 0.8625 0.523077 0.843269 0.546154 0.797115 0.507692 0.763782 0.507051 0.684295 0.539744 0.594551 0.542949 0.565064 0.514744 0.498397
0 0.328205 0.577885 0.325641 0.636859 0.314103 0.644551 0.292949 0.693269 0.317308 0.7125 0.339744 0.70609 0.371795 0.672756 0.377564 0.590705 0.367949 0.563782 0.335897 0.570192
0 0.833974 0.050962 0.838462 0.176603 0.838462 0.261218 0.836538 0.353526 0.816026 0.309936 0.801282 0.272756 0.787179 0.341987 0.796795 0.358654 0.821795 0.397115 0.835897 0.429167 0.840385 0.438141 0.876923 0.431731 0.903846 0.443269 0.911538 0.372756 0.935256 0.326603 0.953205 0.254808 0.955128 0.211218 0.930128 0.202244 0.914103 0.116346 0.860897 0.063782 0.844872 0.036859
0 0.750641 0.01891 0.704487 0.0625 0.692308 0.088141 0.712179 0.135577 0.716667 0.16891 0.733974 0.143269 0.761538 0.131731 0.772436 0.053526 0.786538 0.016346 0.761538 0.016346
0 0.944872 0.766346 0.940385 0.840705 0.903205 0.880449 0.899359 0.903526 0.958333 0.903526 0.938462 0.963782 0.921795 0.991987 0.997436 0.994551 0.994231 0.826603 0.971154 0.793269 0.944872 0.753526
0 0.819872 0.765064 0.773718 0.770192 0.764103 0.774038 0.8 0.839423 0.813462 0.858654 0.835256 0.881731 0.850641 0.875321 0.833974 0.81891
0 0.746795 0.558654 0.716026 0.5625 0.704487 0.577885 0.696795 0.617628 0.71859 0.66891 0.728846 0.693269 0.739744 0.675321 0.773718 0.615064 0.780769 0.575321 0.760256 0.559936
0 0.578846 0.865064 0.585256 0.917628 0.58141 0.935577 0.547436 0.908654 0.51859 0.904808 0.512821 0.915064 0.516026 0.95609 0.516667 0.994551 0.653846 0.990705 0.647436 0.926603 0.630128 0.900962 0.592949 0.857372
0 0.005128 0.765064 0.051282 0.793269 0.076282 0.780449 0.045513 0.848397 0.004487 0.90609 0.001923 0.791987
