0 0.984615 0.230449 0.980769 0.311218 0.966026 0.347115 0.928846 0.3625 0.917949 0.377885 0.875641 0.55609 0.880128 0.611218 0.892949 0.66891 0.905769 0.709936 0.921795 0.798397 0.925 0.841987 0.991026 0.877885 0.997436 0.877885 0.996795 0.225321
0 0.614744 0.0125 0.607692 0.076603 0.598077 0.131731 0.667949 0.126603 0.699359 0.134295 0.724359 0.147115 0.71859 0.238141 0.741026 0.276603 0.81859 0.271474 0.846795 0.252244 0.875641 0.243269 0.883333 0.181731 0.857692 0.124038 0.830769 0.080449 0.751923 0.038141 0.742949 0.007372 0.623077 0.008654
0 0.427564 0.225321 0.389103 0.261218 0.346154 0.3625 0.367949 0.45609 0.392949 0.477885 0.410256 0.416346 0.41859 0.35609 0.429487 0.315064
0 0.003846 0.458654 0.019872 0.497115 0.033333 0.511218 0.076923 0.509936 0.052564 0.561218 0.085897 0.60609 0.083974 0.648397 0.078846 0.681731 0.087821 0.697115 0.112179 0.676603 0.119872 0.676603 0.133974 0.715064 0.102564 0.811218 0.09359 0.852244 0.06859 0.884295 0.022436 0.894551 0.003846 0.897115 0.005769 0.808654 0.035897 0.81891 0.040385 0.7125 0.024359 0.677885 0.003205 0.634295
0 0.035256 0.011218 0.045513 0.080449 0.059615 0.113782 0.083333 0.131731 0.114744 0.094551 0.134615 0.033013 0.144231 0.00609 0.046154 0.004808
0 0.316667 0.004808 0.308974 0.045833 0.310897 0.080449 0.316026 0.113782 0.325641 0.138141 0.332692 0.081731 0.342949 0.071474 0.358974 0.061218 0.357692 0.003526
0 0.658333 0.440705 0.625 0.454808 0.617308 0.471474 0.646154 0.526603 0.678205 0.574038 0.69359 0.543269 0.712179 0.494551 0.712179 0.475321 0.703205 0.467628
0 0.535256 0.486859 0.532051 0.522756 0.554487 0.585577 0.559615 0.599679 0.583974 0.608654 0.585897 0.557372 0.598718 0.522756 0.587821 0.493269 0.574359 0.485577 0.567949 0.509936 0.554487 0.494551
0 0.558974 0.635577 0.555128 0.731731 0.552564 0.795833 0.577564 0.822756 0.605769 0.772756 0.597436 0.708654 0.577564 0.626603
0 0.701923 0.676603 0.698077 0.741987 0.687179 0.808654 0.705769 0.831731 0.742308 0.835577 0.750641 0.800962 0.753205 0.741987 0.757051 0.666346 0.729487 0.654808
0 0.854487 0.771474 0.826923 0.759936 0.807051 0.767628 0.803205 0.786859 0.801282 0.81891 0.817308 0.829167 0.85641 0.821474 0.833333 0.86891 0.817949 0.897115 0.857692 0.915064 0.875 0.863782 0.886538 0.799679 0.855128 0.758654
0 0.90641 0.009936 0.936538 0.071474 0.896154 0.074038 0.890385 0.115064 0.913462 0.222756 0.917949 0.265064 0.919231 0.272756 0.940385 0.253526 0.962821 0.2125 0.967949 0.122756 0.99359 0.077885 0.995513 0.008654 0.912821 0.004808
0 0.644872 0.930449 0.620513 0.989423 0.741026 0.993269 0.735256 0.958654 0.684615 0.936859 0.638462 0.926603
0 0.480769 0.217628 0.476923 0.297115 0.487179 0.329167 0.507692 0.338141 0.504487 0.261218 0.508974 0.220192
0 0.017308 0.986859 0.051923 0.940705 0.075 0.945833 0.09359 0.993269 0.024359 0.991987
