0 0.003846 0.195833 0.048077 0.184295 0.05 0.235577 0.042949 0.333013 0.061538 0.358654 0.069231 0.283013 0.080769 0.227885 0.092949 0.172756 0.119231 0.008654 0.002564 0.007372
0 0.346154 0.154808 0.310256 0.190705 0.276282 0.348397 0.288462 0.372756 0.337821 0.367628 0.367308 0.394551 0.367308 0.35609 0.371795 0.295833 0.390385 0.185577 0.382692 0.152244 0.378205 0.145833
0 0.555128 0.298397 0.536538 0.365064 0.529487 0.40609 0.509615 0.431731 0.501923 0.471474 0.536538 0.500962 0.551282 0.522756 0.566667 0.520192 0.58141 0.476603 0.595513 0.461218 0.621154 0.431731 0.633333 0.379167 0.637821 0.289423 0.628846 0.270192 0.587821 0.300962
0 0.061538 0.422756 0.05 0.483013 0.057692 0.539423 0.087179 0.559936 0.097436 0.588141 0.112179 0.583013 0.142308 0.567628 0.146795 0.499679 0.139103 0.452244 0.103205 0.436859
0 0.084615 0.71891 0.067308 0.749679 0.053205 0.788141 0.058974 0.808654 0.060897 0.879167 0.051923 0.908654 0.050641 0.933013 0.090385 0.933013 0.119231 0.9125 0.142949 0.865064 0.136538 0.734295 0.116026 0.708654
0 0.208333 0.703526 0.210897 0.748397 0.216026 0.815064 0.208974 0.854808 0.212821 0.911218 0.258974 0.959936 0.280128 0.881731 0.278846 0.852244 0.245513 0.831731 0.258974 0.80609 0.273077 0.761218 0.255769 0.679167 0.210256 0.663782 0.199359 0.674038
0 0.385897 0.639423 0.383974 0.667628 0.367308 0.695833 0.35 0.733013 0.354487 0.771474 0.377564 0.825321 0.426282 0.849679 0.473718 0.776603 0.470513 0.699679 0.461538 0.652244 0.437821 0.624038 0.403205 0.616346
0 0.332051 0.788141 0.310897 0.833013 0.310256 0.85609 0.336538 0.911218 0.333974 0.958654 0.376923 0.985577 0.380128 0.965064 0.394231 0.933013 0.398718 0.898397 0.367949 0.824038 0.349359 0.794551
0 0.667949 0.366346 0.664103 0.4125 0.657051 0.508654 0.65641 0.550962 0.616667 0.589423 0.598718 0.629167 0.605128 0.647115 0.692308 0.672756 0.708333 0.665064 0.709615 0.584295 0.707051 0.549679 0.724359 0.507372 0.826282 0.484295 0.886538 0.466346 0.924359 0.422756 0.908974 0.340705 0.860256 0.321474 0.823077 0.36891 0.759615 0.395833 0.712821 0.374038
0 0.442308 0.025321 0.477564 0.077885 0.5 0.126603 0.500641 0.180449 0.519872 0.241987 0.54359 0.239423 0.563462 0.199679 0.607051 0.070192 0.623718 0.063782 0.653205 0.099679 0.675641 0.098397 0.680128 0.009936 0.441026 0.003526
0 0.826923 0.136859 0.807051 0.175321 0.804487 0.249679 0.841667 0.291987 0.864744 0.290705 0.866026 0.302244 0.867308 0.309936 0.890385 0.317628 0.891667 0.254808 0.903205 0.234295 0.928846 0.216346 0.935897 0.159936 0.912179 0.126603 0.835256 0.138141
0 0.967308 0.334295 0.953846 0.393269 0.939744 0.367628 0.942308 0.425321 0.946154 0.452244 0.951923 0.483013 0.971795 0.5125 0.994872 0.5125 0.996154 0.324038
0 0.721154 0.698397 0.71859 0.736859 0.680128 0.7625 0.630128 0.781731 0.642308 0.849679 0.636538 0.893269 0.661538 0.934295 0.683974 0.941987 0.732051 0.895833 0.744231 0.861218 0.737821 0.774038 0.739744 0.704808
0 0.804487 0.895833 0.797436 0.954808 0.782051 0.991987 0.889744 0.985577 0.870513 0.9125 0.858333 0.884295 0.812179 0.872756
0 0.964744 0.770192 0.946795 0.797115 0.932692 0.811218 0.939103 0.826603 0.96859 0.884295 0.964103 0.915064 0.944872 0.954808 0.952564 0.990705 0.996795 0.979167 0.996154 0.765064 0.989103 0.783013 0.978205 0.784295
0 0.889103 0.566346 0.878205 0.615064 0.867308 0.725321 0.895513 0.754808 0.898718 0.741987 0.923718 0.729167 0.923718 0.708654 0.922436 0.639423 0.919231 0.602244 0.896795 0.5625
