0 0.029487 0.274038 0.016667 0.363782 0.025641 0.425321 0.029487 0.459936 0.029487 0.472756 0.014744 0.483013 0.023077 0.525321 0.027564 0.527885 0.038462 0.557372 0.033333 0.61891 0.028846 0.622756 0.010256 0.643269 0.032051 0.694551 0.042949 0.708654 0.062821 0.695833 0.082692 0.671474 0.121154 0.589423 0.128846 0.549679 0.130128 0.463782 0.107051 0.404808 0.091667 0.335577 0.073718 0.288141 0.048718 0.261218
0 0.078846 0.1125 0.067308 0.203526 0.084615 0.261218 0.105128 0.267628 0.121795 0.274038 0.130128 0.285577 0.127564 0.222756 0.133333 0.202244 0.128846 0.165064 0.127564 0.131731 0.122436 0.111218 0.105128 0.097115 0.091667 0.102244
0 0.319872 0.125321 0.278205 0.159936 0.252564 0.216346 0.249359 0.248397 0.23141 0.295833 0.214103 0.326603 0.202564 0.36891 0.198718 0.411218 0.19359 0.434295 0.182051 0.495833 0.162821 0.493269 0.149359 0.493269 0.142308 0.520192 0.141667 0.580449 0.147436 0.61891 0.166667 0.680449 0.191026 0.690705 0.215385 0.676603 0.236538 0.631731 0.263462 0.599679 0.264103 0.565064 0.283333 0.45609 0.278846 0.393269 0.283333 0.35609 0.303846 0.350962 0.341667 0.309936 0.354487 0.276603 0.354487 0.239423 0.355769 0.189423 0.353205 0.143269 0.344231 0.109936
0 0.461538 0.263782 0.437821 0.281731 0.436538 0.404808 0.435897 0.438141 0.43141 0.525321 0.436538 0.591987 0.416667 0.665064 0.416667 0.679167 0.416667 0.704808 0.433974 0.713782 0.478205 0.759936 0.511538 0.744551 0.527564 0.736859 0.542949 0.717628 0.538462 0.657372 0.538462 0.609936 0.526282 0.5125 0.504487 0.538141 0.471795 0.533013 0.467949 0.502244 0.469231 0.447115 0.475 0.377885 0.505128 0.416346 0.526282 0.425321 0.545513 0.400962 0.540385 0.340705 0.489744 0.338141 0.480128 0.324038 0.492308 0.279167 0.483974 0.26891
0 0.512179 0.086859 0.519872 0.181731 0.526282 0.250962 0.540385 0.324038 0.578205 0.417628 0.610256 0.444551 0.644872 0.409936 0.660256 0.367628 0.604487 0.281731 0.587179 0.2125 0.583333 0.152244 0.538462 0.100962 0.527564 0.041987
0 0.664744 0.063782 0.653846 0.097115 0.652564 0.154808 0.646154 0.199679 0.63141 0.224038 0.653846 0.265064 0.687821 0.288141 0.710256 0.300962 0.759615 0.30609 0.796154 0.307372 0.791667 0.272756 0.763462 0.190705 0.741667 0.163782 0.730128 0.115064 0.729487 0.066346 0.729487 0.030449 0.713462 0.020192 0.684615 0.052244
0 0.767308 0.391987 0.75641 0.450962 0.754487 0.493269 0.760256 0.561218 0.785897 0.588141 0.833974 0.616346 0.832051 0.543269 0.815385 0.476603 0.792308 0.417628 0.785897 0.407372
0 0.641667 0.744551 0.612179 0.752244 0.584615 0.786859 0.575641 0.833013 0.563462 0.874038 0.551923 0.915064 0.561538 0.954808 0.578846 0.977885 0.6 0.993269 0.623718 0.998397 0.639744 0.976603 0.651923 0.920192 0.669231 0.886859 0.682051 0.857372 0.695513 0.80609 0.692949 0.785577 0.664103 0.736859 0.657692 0.736859
0 0.321154 0.686859 0.304487 0.748397 0.292949 0.780449 0.282051 0.813782 0.305128 0.863782 0.333333 0.907372 0.345513 0.897115 0.328205 0.797115 0.330769 0.738141 0.353205 0.748397 0.369231 0.765064 0.389744 0.744551 0.392308 0.698397 0.363462 0.690705 0.342308 0.694551
0 0.094872 0.820192 0.065385 0.854808 0.094231 0.884295 0.184615 0.939423 0.198718 0.931731 0.229487 0.970192 0.258333 0.959936 0.263462 0.938141 0.221154 0.871474 0.183333 0.820192 0.160256 0.815064 0.130769 0.817628
0 0.002564 0.829167 0.015385 0.843269 0.038462 0.826603 0.052564 0.838141 0.057051 0.870192 0.053846 0.899679 0.067308 0.935577 0.071154 0.950962 0.066026 0.990705 0.002564 0.991987
0 0.933333 0.013782 0.932692 0.06891 0.955769 0.109936 0.973718 0.133013 0.996795 0.176603 0.997436 0.009936
