0 0.780769 0.044551 0.754487 0.097115 0.762821 0.171474 0.755769 0.202244 0.750641 0.204808 0.695513 0.152244 0.635897 0.16891 0.584615 0.195833 0.524359 0.202244 0.517308 0.309936 0.526282 0.391987 0.598077 0.377885 0.626923 0.374038 0.596154 0.488141 0.598077 0.536859 0.609615 0.563782 0.685256 0.6125 0.701282 0.634295 0.701923 0.672756 0.689744 0.694551 0.675641 0.752244 0.657692 0.800962 0.653205 0.826603 0.687821 0.834295 0.733974 0.772756 0.751923 0.743269 0.758333 0.688141 0.742949 0.549679 0.726282 0.498397 0.694231 0.430449 0.71859 0.358654 0.771154 0.333013 0.784615 0.329167 0.859615 0.380449 0.916026 0.370192 0.94359 0.293269 0.944872 0.199679 0.948077 0.089423 0.958333 0.004808 0.635897 0.007372 0.651282 0.050962 0.684615 0.048397 0.748718 0.041987
0 0.984615 0.459936 0.959615 0.480449 0.937821 0.503526 0.919231 0.539423 0.919872 0.613782 0.936538 0.620192 0.947436 0.689423 0.960256 0.741987 0.978205 0.754808 0.997436 0.748397 0.99359 0.4625
0 0.875 0.589423 0.865385 0.577885 0.844872 0.620192 0.885256 0.689423 0.913462 0.667628 0.898077 0.625321
0 0.970513 0.824038 0.948718 0.890705 0.925641 0.929167 0.923718 0.970192 0.955128 0.972756 0.996795 0.971474 0.996154 0.849679
0 0.376923 0.089423 0.375641 0.231731 0.35641 0.200962 0.333974 0.281731 0.323718 0.298397 0.294231 0.311218 0.278205 0.338141 0.265385 0.420192 0.26859 0.452244 0.287179 0.444551 0.316026 0.430449 0.363462 0.407372 0.360897 0.335577 0.374359 0.297115 0.412821 0.276603 0.458333 0.20609 0.459615 0.115064 0.496795 0.081731 0.542308 0.06891 0.525 0.144551 0.542308 0.167628 0.572436 0.11891 0.571154 0.044551 0.564744 0.007372 0.385897 0.011218
0 0.159615 0.0125 0.148718 0.144551 0.116667 0.148397 0.075641 0.202244 0.075 0.226603 0.116026 0.322756 0.130128 0.384295 0.164103 0.400962 0.194231 0.380449 0.196154 0.300962 0.188462 0.171474 0.208974 0.130449 0.223077 0.098397 0.25641 0.011218 0.176282 0.007372
0 0.005128 0.436859 0.042308 0.394551 0.060897 0.403526 0.069231 0.45609 0.05641 0.500962 0.051282 0.539423 0.063462 0.580449 0.057692 0.634295 0.041026 0.588141 0.019231 0.554808 0.014103 0.602244 0.013462 0.624038 0.019231 0.657372 0.017308 0.708654 0.003205 0.713782
0 0.142949 0.484295 0.142308 0.557372 0.119231 0.621474 0.104487 0.730449 0.145513 0.783013 0.20641 0.786859 0.220513 0.793269 0.232051 0.841987 0.222436 0.915064 0.223077 0.941987 0.214103 0.995833 0.396154 0.991987 0.378846 0.941987 0.340385 0.940705 0.310897 0.958654 0.30641 0.954808 0.297436 0.911218 0.295513 0.888141 0.304487 0.8625 0.321154 0.8625 0.357051 0.848397 0.378846 0.824038 0.407692 0.790705 0.424359 0.721474 0.445513 0.667628 0.439744 0.536859 0.419231 0.563782 0.391026 0.670192 0.351923 0.713782 0.305769 0.716346 0.275 0.659936 0.217308 0.507372 0.208333 0.474038 0.162821 0.499679 0.150641 0.474038
0 0.003846 0.881731 0.025 0.894551 0.041026 0.874038 0.076282 0.820192 0.137179 0.920192 0.149359 0.963782 0.141026 0.991987 0.014744 0.997115 0.008974 0.965064 0.002564 0.950962
0 0.535256 0.5125 0.521795 0.559936 0.534615 0.594551 0.513462 0.652244 0.508974 0.667628 0.492308 0.704808 0.519872 0.713782 0.559615 0.641987 0.571154 0.524038
