0 0.673077 0.033013 0.697436 0.058654 0.712821 0.095833 0.737179 0.144551 0.741026 0.148397 0.794231 0.099679 0.803846 0.139423 0.839744 0.158654 0.85 0.131731 0.855769 0.075321 0.85641 0.003526 0.651923 0.008654
0 0.580769 0.207372 0.579487 0.289423 0.582692 0.35609 0.598077 0.380449 0.607692 0.467628 0.622436 0.467628 0.621154 0.425321 0.619231 0.381731 0.642949 0.330449 0.657692 0.216346 0.642949 0.267628 0.600641 0.266346 0.585256 0.25609
0 0.503205 0.238141 0.465385 0.299679 0.458333 0.367628 0.469231 0.399679 0.480769 0.485577 0.474359 0.548397 0.517949 0.60609 0.523718 0.609936 0.547436 0.583013 0.564744 0.509936 0.548077 0.45609 0.539744 0.381731 0.533333 0.340705 0.533974 0.288141 0.534615 0.267628 0.512179 0.249679
0 0.285256 0.226603 0.276923 0.280449 0.300641 0.338141 0.321795 0.345833 0.359615 0.321474 0.371154 0.298397 0.369872 0.220192 0.358333 0.140705 0.338462 0.165064 0.346795 0.21891 0.328846 0.240705 0.292308 0.229167
0 0.203205 0.507372 0.164744 0.567628 0.137179 0.630449 0.110256 0.684295 0.144231 0.720192 0.141667 0.822756 0.173718 0.827885 0.186538 0.776603 0.208974 0.727885 0.234615 0.643269 0.226282 0.595833 0.223077 0.497115
0 0.351923 0.55609 0.352564 0.635577 0.353846 0.709936 0.367308 0.750962 0.38141 0.779167 0.411538 0.781731 0.432051 0.76891 0.458974 0.71891 0.472436 0.6625 0.437821 0.567628 0.421795 0.547115 0.392308 0.553526 0.35 0.543269
0 0.671795 0.536859 0.647436 0.585577 0.641026 0.616346 0.648077 0.665064 0.667308 0.691987 0.696154 0.727885 0.704487 0.772756 0.707692 0.790705 0.722436 0.816346 0.757692 0.821474 0.785256 0.779167 0.775 0.771474 0.751282 0.76891 0.741026 0.741987 0.723718 0.676603 0.739103 0.6125 0.719231 0.576603
0 0.928846 0.404808 0.899359 0.484295 0.89359 0.493269 0.88141 0.520192 0.878846 0.5625 0.885897 0.579167 0.894872 0.65609 0.904487 0.700962 0.909615 0.729167 0.923077 0.740705 0.961538 0.730449 0.976282 0.661218 0.996795 0.622756 0.992308 0.527885 0.955769 0.51891 0.962179 0.483013 0.969231 0.459936 0.949359 0.417628
0 0.989103 0.798397 0.969231 0.843269 0.946795 0.822756 0.919231 0.893269 0.910897 0.915064 0.914103 0.952244 0.944231 0.953526 0.997436 0.929167 0.997436 0.816346
0 0.229487 0.981731 0.227564 0.922756 0.266026 0.898397 0.317949 0.891987 0.334615 0.943269 0.338462 0.993269 0.235256 0.994551
0 0.004487 0.008654 0.115385 0.007372 0.121154 0.063782 0.114744 0.120192 0.103205 0.140705 0.096154 0.215064 0.105769 0.224038 0.075 0.225321 0.057051 0.25609 0.035256 0.239423 0.044231 0.180449 0.002564 0.229167
0 0.141667 0.044551 0.146795 0.144551 0.178205 0.15609 0.18141 0.216346 0.187821 0.240705 0.221154 0.234295 0.266667 0.213782 0.271795 0.176603 0.241026 0.133013 0.197436 0.140705 0.191667 0.121474 0.196154 0.072756 0.183974 0.044551 0.158974 0.044551
0 0.051282 0.302244 0.019231 0.326603 0.026282 0.345833 0.049359 0.371474 0.067308 0.391987 0.090385 0.40609 0.115385 0.411218 0.094231 0.365064 0.091026 0.313782 0.070513 0.290705
0 0.007051 0.402244 0.026923 0.429167 0.016667 0.484295 0.007692 0.516346 0.032051 0.553526 0.067949 0.593269 0.058333 0.66891 0.001282 0.684295 0.001923 0.422756
0 0.003846 0.863782 0.014744 0.881731 0.025641 0.857372 0.033974 0.821474 0.062179 0.822756 0.075641 0.826603 0.076282 0.867628 0.072436 0.909936 0.070513 0.975321 0.064103 0.993269 0.001923 0.988141 0.001923 0.883013
0 0.258333 0.645833 0.253846 0.730449 0.250641 0.777885 0.285897 0.754808 0.332051 0.684295 0.332051 0.657372 0.301282 0.6625 0.283333 0.659936
0 0.405769 0.904808 0.357051 0.900962 0.371154 0.948397 0.391667 0.958654 0.402564 0.993269 0.439103 0.963782 0.455769 0.922756 0.434615 0.875321 0.419872 0.885577
0 0.525641 0.798397 0.496795 0.829167 0.486538 0.847115 0.508974 0.877885 0.512179 0.888141 0.527564 0.886859 0.54359 0.838141 0.550641 0.820192 0.537821 0.807372
0 0.105769 0.967628 0.117949 0.913782 0.132051 0.916346 0.132692 0.847115 0.157051 0.8625 0.190385 0.859936 0.176923 0.897115 0.153205 0.941987 0.154487 0.994551 0.103846 0.991987
0 0.607692 0.890705 0.599359 0.959936 0.591667 0.995833 0.625641 0.991987 0.621154 0.925321
