0 0.424359 0.071474 0.398077 0.113782 0.387179 0.235577 0.382051 0.280449 0.403205 0.353526 0.425641 0.41891 0.432051 0.429167 0.469231 0.429167 0.479487 0.391987 0.483974 0.30609 0.491667 0.254808 0.494872 0.236859 0.514744 0.248397 0.528846 0.315064 0.536538 0.329167 0.551282 0.336859 0.580769 0.321474 0.570513 0.20609 0.56859 0.153526 0.539744 0.104808 0.489103 0.066346 0.453205 0.045833 0.432051 0.045833
0 0.083333 0.013782 0.075 0.075321 0.070513 0.091987 0.085256 0.161218 0.086538 0.189423 0.105769 0.213782 0.123077 0.207372 0.155128 0.15609 0.169231 0.107372 0.198718 0.085577 0.224359 0.066346 0.21859 0.008654 0.089103 0.004808
0 0.151282 0.222756 0.141667 0.272756 0.129487 0.293269 0.134615 0.330449 0.149359 0.361218 0.18141 0.324038 0.18141 0.286859 0.176282 0.243269 0.169231 0.225321
0 0.002564 0.102244 0.01859 0.136859 0.01859 0.185577 0.023077 0.202244 0.036538 0.20609 0.026923 0.258654 0.002564 0.317628
0 0.244872 0.6125 0.233333 0.666346 0.234615 0.729167 0.239103 0.739423 0.258974 0.744551 0.276923 0.721474 0.296795 0.691987 0.280128 0.649679 0.262179 0.626603 0.251282 0.607372
0 0.519231 0.524038 0.509615 0.617628 0.496795 0.652244 0.496154 0.672756 0.505128 0.697115 0.545513 0.666346 0.560256 0.629167 0.564103 0.572756 0.541026 0.536859 0.532692 0.5125
0 0.625 0.503526 0.583333 0.536859 0.600641 0.56891 0.628205 0.577885 0.625 0.622756 0.633974 0.647115 0.639103 0.672756 0.655128 0.671474 0.678205 0.622756 0.676282 0.571474 0.657692 0.539423 0.645513 0.525321
0 0.794872 0.01891 0.808333 0.054808 0.800641 0.115064 0.766667 0.179167 0.760256 0.224038 0.779487 0.263782 0.787821 0.293269 0.810897 0.327885 0.814744 0.345833 0.875641 0.336859 0.891667 0.311218 0.912179 0.289423 0.917308 0.241987 0.880128 0.20609 0.873077 0.198397 0.876923 0.174038 0.86859 0.134295 0.857692 0.097115 0.857051 0.088141 0.871795 0.015064 0.822436 0.020192
0 0.679487 0.020192 0.672436 0.040705 0.664744 0.063782 0.660256 0.095833 0.659615 0.153526 0.667308 0.186859 0.679487 0.2125 0.694231 0.199679 0.719231 0.149679 0.748718 0.1125 0.73141 0.054808 0.713462 0.038141 0.710897 0.020192 0.685897 0.007372
0 0.789103 0.561218 0.766667 0.586859 0.755769 0.627885 0.759615 0.667628 0.742949 0.680449 0.767308 0.726603 0.791026 0.726603 0.807051 0.698397 0.825 0.653526 0.837179 0.617628 0.816667 0.571474 0.803846 0.5625
0 0.467308 0.009936 0.482051 0.035577 0.485256 0.05609 0.505128 0.041987 0.519231 0.009936
0 0.547436 0.774038 0.564744 0.809936 0.548718 0.847115 0.533974 0.879167 0.545513 0.924038 0.562821 0.936859 0.592949 0.917628 0.602564 0.833013 0.608333 0.785577 0.596154 0.763782 0.560256 0.759936
