0 0.064744 0.443269 0.1 0.439423 0.125 0.407372 0.155769 0.370192 0.177564 0.3625 0.188462 0.324038 0.194231 0.274038 0.195513 0.185577 0.265385 0.152244 0.275641 0.129167 0.291026 0.202244 0.294231 0.208654 0.295513 0.2125 0.287179 0.267628 0.278205 0.281731 0.247436 0.325321 0.241026 0.354808 0.247436 0.398397 0.261538 0.416346 0.300641 0.486859 0.326282 0.541987 0.319231 0.629167 0.289744 0.609936 0.272436 0.550962 0.264103 0.557372 0.167949 0.533013 0.161538 0.548397 0.169231 0.571474 0.162821 0.603526 0.164744 0.617628 0.20641 0.650962 0.216667 0.645833 0.237179 0.686859 0.207051 0.752244 0.178205 0.765064 0.159615 0.745833 0.126282 0.747115 0.083974 0.720192 0.062179 0.708654 0.032051 0.671474 0.025 0.604808 0.002564 0.511218 0.002564 0.181731 0.015385 0.213782 0.025641 0.280449 0.034615 0.354808 0.040385 0.458654
0 0.037821 0.126603 0.050641 0.139423 0.058333 0.136859 0.06859 0.090705 0.066667 0.048397 0.060256 0.016346 0.025 0.0125 0.005769 0.026603 0.001923 0.11891
0 0.342949 0.144551 0.317949 0.193269 0.300641 0.248397 0.291667 0.279167 0.307051 0.3625 0.31859 0.384295 0.349359 0.408654 0.394231 0.424038 0.389744 0.404808 0.369872 0.341987 0.367308 0.30609 0.377564 0.249679 0.382692 0.193269 0.378846 0.170192 0.378846 0.133013 0.377564 0.117628
0 0.542308 0.103526 0.53141 0.143269 0.528846 0.165064 0.528205 0.220192 0.576923 0.220192 0.569231 0.139423 0.569872 0.100962
0 0.514103 0.276603 0.487821 0.329167 0.517949 0.393269 0.529487 0.420192 0.552564 0.393269 0.567308 0.376603 0.565385 0.329167 0.533974 0.263782 0.51859 0.266346
0 0.504487 0.474038 0.480769 0.493269 0.48141 0.516346 0.485256 0.561218 0.49359 0.679167 0.453846 0.724038 0.447436 0.726603 0.458333 0.759936 0.464744 0.775321 0.453205 0.811218 0.478205 0.790705 0.5 0.780449 0.510256 0.744551 0.551282 0.639423 0.558333 0.591987 0.545513 0.535577 0.552564 0.491987 0.557051 0.474038 0.529487 0.465064
0 0.003205 0.848397 0.010256 0.848397 0.022436 0.829167 0.055769 0.850962 0.037821 0.903526 0.037821 0.915064 0.060256 0.957372 0.069231 0.891987 0.121795 0.874038 0.161538 0.8625 0.185256 0.920192 0.176282 0.959936 0.148077 0.993269 0.005128 0.995833 0.001282 0.938141
0 0.267308 0.826603 0.264103 0.897115 0.264103 0.954808 0.285256 0.993269 0.332692 0.998397 0.359615 0.967628 0.375641 0.943269 0.391026 0.941987 0.403205 0.965064 0.413462 0.993269 0.439103 0.926603 0.459615 0.885577 0.464103 0.890705 0.466026 0.940705 0.478846 0.949679 0.504487 0.984295 0.523718 0.991987 0.532051 0.981731 0.527564 0.934295 0.524359 0.885577 0.502564 0.833013 0.490385 0.808654 0.416667 0.821474 0.352564 0.863782 0.320513 0.890705 0.3 0.865064
0 0.621795 0.453526 0.608974 0.458654 0.592308 0.5125 0.627564 0.565064 0.642949 0.579167 0.679487 0.589423 0.695513 0.585577 0.705128 0.607372 0.695513 0.697115 0.717308 0.733013 0.734615 0.770192 0.730128 0.841987 0.730769 0.904808 0.744872 0.90609 0.76859 0.875321 0.789744 0.874038 0.805128 0.841987 0.79359 0.763782 0.772436 0.707372 0.760256 0.576603 0.739103 0.591987 0.732692 0.5625 0.748077 0.541987 0.738462 0.516346 0.701923 0.491987 0.672436 0.502244 0.669231 0.500962 0.660256 0.476603 0.641667 0.445833 0.624359 0.466346
0 0.608333 0.821474 0.590385 0.847115 0.569231 0.875321 0.571795 0.941987 0.575641 0.993269 0.699359 0.995833 0.692949 0.963782 0.632051 0.908654 0.620513 0.85609
0 0.839744 0.765064 0.829487 0.789423 0.819872 0.881731 0.828846 0.902244 0.88141 0.948397 0.903846 0.903526 0.894231 0.827885 0.869231 0.776603
0 0.619872 0.724038 0.607051 0.738141 0.605128 0.749679 0.614744 0.761218 0.619872 0.766346 0.628205 0.747115
0 0.784615 0.252244 0.766667 0.335577 0.758333 0.354808 0.739744 0.388141 0.755128 0.4125 0.775641 0.421474 0.788462 0.439423 0.791026 0.470192 0.8 0.471474 0.812179 0.457372 0.807051 0.397115 0.802564 0.359936 0.80641 0.322756 0.808333 0.259936
0 0.957051 0.358654 0.923718 0.365064 0.923718 0.425321 0.913462 0.440705 0.905769 0.441987 0.865385 0.448397 0.927564 0.516346 0.966667 0.544551 0.974359 0.563782 0.994872 0.609936 0.997436 0.413782 0.988462 0.377885
0 0.948077 0.621474 0.900641 0.621474 0.921154 0.683013 0.925641 0.694551 0.948077 0.667628
0 0.703846 0.026603 0.725641 0.077885 0.735897 0.100962 0.764103 0.079167 0.774359 0.057372 0.785256 0.024038 0.741026 0.003526 0.712179 0.003526
0 0.894231 0.172756 0.864103 0.195833 0.847436 0.209936 0.873077 0.25609 0.885256 0.279167 0.912179 0.289423 0.915385 0.272756 0.910256 0.227885 0.901923 0.191987 0.898077 0.183013
