0 0.673077 0.013782 0.694231 0.052244 0.735256 0.044551 0.763462 0.088141 0.758333 0.121474 0.759615 0.204808 0.789744 0.20609 0.812179 0.21891 0.841667 0.127885 0.880128 0.065064 0.901923 0.053526 0.908333 0.003526 0.755128 0.007372 0.68141 0.003526
0 0.335897 0.002244 0.345513 0.075321 0.361538 0.109936 0.382692 0.179167 0.401923 0.200962 0.430769 0.181731 0.464744 0.143269 0.48141 0.111218 0.475641 0.059936 0.457051 0.01891 0.430128 0.052244 0.410897 0.048397 0.408333 0.004808
0 0.998077 0.041987 0.996795 0.198397 0.974359 0.189423 0.942949 0.153526 0.929487 0.125321 0.923718 0.088141 0.951282 0.077885 0.966026 0.0625 0.982692 0.047115
0 0.700641 0.285577 0.702564 0.322756 0.684615 0.316346 0.664103 0.320192 0.653846 0.359936 0.660897 0.413782 0.685897 0.470192 0.685256 0.485577 0.688462 0.535577 0.719872 0.552244 0.720513 0.485577 0.751923 0.363782 0.735897 0.336859 0.722436 0.327885 0.726923 0.295833 0.726923 0.274038 0.715385 0.272756
0 0.448718 0.277885 0.434615 0.322756 0.429487 0.388141 0.446154 0.463782 0.480128 0.481731 0.501923 0.515064 0.512179 0.544551 0.516667 0.488141 0.537821 0.472756 0.544231 0.457372 0.569231 0.435577 0.576923 0.375321 0.569872 0.340705 0.532692 0.344551 0.516667 0.365064 0.495513 0.393269 0.482692 0.367628 0.477564 0.297115
0 0.260897 0.252244 0.253846 0.300962 0.244872 0.308654 0.226282 0.303526 0.235256 0.365064 0.237821 0.376603 0.21859 0.379167 0.191026 0.386859 0.164744 0.408654 0.157051 0.425321 0.137821 0.472756 0.101282 0.463782 0.055769 0.536859 0.082692 0.590705 0.094872 0.599679 0.125 0.581731 0.148718 0.565064 0.216026 0.516346 0.219872 0.493269 0.242308 0.51891 0.262821 0.502244 0.269231 0.498397 0.301923 0.4625 0.307692 0.409936 0.320513 0.335577 0.30641 0.267628 0.273718 0.25609
0 0.362821 0.46891 0.362179 0.51891 0.355769 0.574038 0.335256 0.608654 0.348077 0.640705 0.373077 0.635577 0.387179 0.594551 0.398718 0.563782 0.394872 0.517628 0.357692 0.502244
0 0.496795 0.550962 0.500641 0.590705 0.53141 0.608654 0.539103 0.685577 0.537821 0.75609 0.513462 0.797115 0.503846 0.834295 0.508333 0.902244 0.55 0.884295 0.564744 0.849679 0.571795 0.799679 0.596154 0.759936 0.614744 0.671474 0.605128 0.647115 0.580128 0.61891 0.560897 0.598397 0.540385 0.597115 0.529487 0.548397
0 0.679487 0.650962 0.673718 0.704808 0.691026 0.733013 0.691667 0.757372 0.7 0.826603 0.696795 0.858654 0.721795 0.886859 0.742949 0.889423 0.762179 0.807372 0.776282 0.754808 0.819231 0.66891 0.842308 0.595833 0.832692 0.635577 0.816026 0.639423 0.805128 0.607372 0.783333 0.579167 0.760256 0.598397 0.751282 0.670192 0.733974 0.679167 0.728205 0.652244 0.726923 0.622756 0.699359 0.634295 0.685897 0.658654 0.672436 0.653526
0 0.308974 0.743269 0.320513 0.799679 0.333974 0.821474 0.34359 0.848397 0.35 0.86891 0.362821 0.859936 0.366667 0.804808 0.366667 0.759936 0.351282 0.738141 0.337179 0.729167
0 0.132692 0.779167 0.164103 0.839423 0.182051 0.889423 0.212821 0.909936 0.235897 0.865064 0.260897 0.811218 0.258974 0.76891 0.152564 0.770192
0 0.005769 0.585577 0.030769 0.588141 0.028846 0.617628 0.008333 0.688141 0.000641 0.738141
0 0.00641 0.334295 0.032692 0.357372 0.03141 0.379167 0.019231 0.427885 0.005769 0.498397 0.002564 0.363782
