0 0.019231 0.008654 0.025 0.035577 0.071795 0.075321 0.087179 0.077885 0.111538 0.05609 0.133333 0.00609
0 0.255769 0.0125 0.255769 0.057372 0.239103 0.115064 0.244231 0.174038 0.253846 0.2125 0.257051 0.297115 0.216667 0.353526 0.216667 0.379167 0.237179 0.391987 0.3 0.374038 0.317949 0.325321 0.332051 0.311218 0.310256 0.248397 0.317949 0.226603 0.330769 0.213782 0.342308 0.199679 0.357692 0.191987 0.361538 0.225321 0.380128 0.230449 0.419231 0.202244 0.44359 0.166346 0.45 0.158654 0.442308 0.254808 0.430128 0.31891 0.429487 0.438141 0.445513 0.470192 0.463462 0.477885 0.498718 0.421474 0.510897 0.416346 0.552564 0.436859 0.583974 0.452244 0.608333 0.443269 0.644872 0.400962 0.679487 0.270192 0.682692 0.229167 0.622436 0.081731 0.600641 0.1125 0.553846 0.194551 0.551923 0.222756 0.516026 0.208654 0.508333 0.191987 0.5 0.143269 0.489744 0.091987 0.487821 0.067628 0.492949 0.004808
0 0.892308 0.265064 0.877564 0.261218 0.821154 0.290705 0.801923 0.325321 0.773718 0.339423 0.773718 0.349679 0.795513 0.426603 0.816026 0.472756 0.828205 0.483013 0.857051 0.470192 0.889103 0.444551 0.95 0.407372 0.971154 0.384295 0.980128 0.348397 0.967949 0.309936 0.949359 0.289423 0.921795 0.259936 0.90641 0.254808
0 0.653846 0.004808 0.642308 0.043269 0.666026 0.093269 0.690385 0.109936 0.733974 0.127885 0.750641 0.134295 0.725 0.063782 0.744231 0.035577 0.773718 0.01891 0.771795 0.009936
0 0.80641 0.022756 0.84359 0.034295 0.859615 0.036859 0.889103 0.041987 0.899359 0.053526 0.901923 0.075321 0.932051 0.059936 0.946795 0.033013 0.940385 0.007372 0.812821 0.007372
0 0.005769 0.36891 0.057692 0.302244 0.063462 0.247115 0.062179 0.21891 0.047436 0.197115 0.007692 0.211218 0.00641 0.211218
0 0.360256 0.558654 0.333333 0.55609 0.328205 0.634295 0.358974 0.633013 0.391667 0.590705 0.375641 0.566346
0 0.126282 0.499679 0.108333 0.491987 0.078846 0.503526 0.095513 0.553526 0.097436 0.589423 0.120513 0.589423 0.153205 0.599679 0.191026 0.608654 0.195513 0.531731 0.2 0.503526 0.169231 0.504808 0.147436 0.516346 0.141026 0.494551
0 0.058974 0.626603 0.04359 0.627885 0.028846 0.652244 0.008974 0.674038 0.009615 0.693269 0.013462 0.71891 0.029487 0.808654 0.030128 0.824038 0.069231 0.753526 0.104487 0.738141 0.104487 0.697115 0.097436 0.658654 0.091667 0.635577 0.08141 0.620192
0 0.335256 0.788141 0.3 0.821474 0.292308 0.85609 0.294872 0.885577 0.289103 0.9625 0.3 0.96891 0.316026 0.922756 0.315385 0.908654 0.341026 0.907372 0.344872 0.938141 0.341667 0.950962 0.337179 0.967628 0.34359 0.993269 0.462821 0.999679 0.446154 0.931731 0.435897 0.881731 0.36859 0.833013 0.355769 0.788141
0 0.672436 0.726603 0.673077 0.766346 0.649359 0.784295 0.632051 0.793269 0.621795 0.749679 0.617949 0.754808 0.603205 0.811218 0.604487 0.847115 0.608333 0.890705 0.616667 0.9125 0.635897 0.974038 0.628846 0.993269 0.670513 0.990705 0.680128 0.948397 0.699359 0.913782 0.702564 0.861218 0.70641 0.829167 0.717949 0.788141 0.742308 0.765064 0.758974 0.776603 0.760897 0.634295 0.734615 0.639423 0.710256 0.659936 0.7 0.707372 0.683333 0.716346
0 0.835256 0.747115 0.820513 0.80609 0.837179 0.848397 0.842949 0.859936 0.853846 0.890705 0.850641 0.934295 0.850641 0.961218 0.851282 0.977885 0.860256 0.995833 0.872436 0.985577 0.863462 0.950962 0.861538 0.917628 0.870513 0.885577 0.897436 0.784295 0.898718 0.761218 0.864103 0.749679 0.842949 0.75609
0 0.457692 0.689423 0.464103 0.716346 0.440385 0.708654 0.439744 0.670192 0.426282 0.726603 0.436538 0.784295 0.45 0.81891 0.458333 0.829167 0.497436 0.797115 0.503205 0.738141 0.505128 0.704808 0.49359 0.707372 0.469872 0.700962
0 0.067949 0.891987 0.041026 0.913782 0.03141 0.930449 0.035897 0.954808 0.076282 0.989423 0.102564 0.911218 0.091026 0.894551 0.064744 0.872756
0 0.157051 0.85609 0.145513 0.883013 0.148077 0.931731 0.154487 0.940705 0.173077 0.90609 0.176282 0.867628 0.166026 0.857372
