0 0.895513 0.436859 0.876282 0.4625 0.865385 0.46891 0.852564 0.475321 0.836538 0.545833 0.839103 0.56891 0.864103 0.597115 0.882051 0.611218 0.911538 0.643269 0.942949 0.65609 0.954487 0.658654 0.983333 0.6625 0.988462 0.658654 0.992949 0.599679 0.985256 0.525321 0.966667 0.51891 0.941026 0.522756 0.919231 0.515064 0.910256 0.481731 0.913462 0.450962 0.901923 0.421474
0 0.664744 0.35609 0.705128 0.41891 0.712179 0.436859 0.712821 0.450962 0.712179 0.476603 0.704487 0.498397 0.697436 0.507372 0.68141 0.525321 0.65 0.559936 0.635897 0.585577 0.630769 0.609936 0.628846 0.648397 0.628205 0.665064 0.673718 0.625321 0.710897 0.571474 0.733974 0.515064 0.735897 0.507372 0.773077 0.485577 0.773718 0.435577 0.773718 0.361218 0.771154 0.330449 0.762821 0.299679 0.726282 0.322756 0.699359 0.326603 0.677564 0.321474 0.653205 0.327885
0 0.410897 0.165064 0.428205 0.186859 0.450641 0.2125 0.485897 0.284295 0.492949 0.313782 0.514744 0.340705 0.530769 0.366346 0.553846 0.311218 0.538462 0.254808 0.528205 0.209936 0.516667 0.141987 0.503846 0.099679 0.457051 0.089423 0.433974 0.103526 0.424359 0.120192 0.421154 0.138141
0 0.301923 0.026603 0.269231 0.080449 0.263462 0.111218 0.260897 0.1625 0.255128 0.203526 0.291026 0.270192 0.305128 0.299679 0.314744 0.330449 0.33141 0.386859 0.375641 0.398397 0.370513 0.331731 0.352564 0.281731 0.357692 0.189423 0.363462 0.120192 0.376282 0.059936 0.31859 0.020192
0 0.182692 0.1625 0.167949 0.204808 0.142949 0.233013 0.132051 0.30609 0.152564 0.385577 0.154487 0.441987 0.172436 0.545833 0.189103 0.591987 0.216667 0.581731 0.222436 0.513782 0.19359 0.433013 0.18141 0.345833 0.175641 0.288141 0.189103 0.239423 0.194872 0.180449
0 0.362179 0.536859 0.340385 0.599679 0.367949 0.689423 0.377564 0.739423 0.382051 0.770192 0.357051 0.790705 0.344231 0.791987 0.362179 0.876603 0.375641 0.9125 0.383333 0.853526 0.395513 0.809936 0.41859 0.807372 0.442949 0.783013 0.469231 0.70609 0.465385 0.60609 0.434615 0.559936 0.391667 0.534295
0 0.003846 0.35609 0.029487 0.371474 0.055769 0.381731 0.033333 0.425321 0.032692 0.441987 0.042949 0.485577 0.060897 0.500962 0.061538 0.552244 0.042949 0.593269 0.066026 0.634295 0.055769 0.700962 0.032051 0.75609 0.004487 0.781731 0.0 0.653526 0.015385 0.647115 0.035256 0.611218 0.002564 0.584295
0 0.26859 0.554808 0.262179 0.629167 0.267949 0.663782 0.291026 0.666346 0.307692 0.590705 0.280128 0.5625
0 0.101282 0.886859 0.094231 0.895833 0.083974 0.944551 0.070513 0.950962 0.053846 0.977885 0.051282 0.995833 0.140385 0.993269 0.136538 0.939423 0.171154 0.929167 0.138462 0.899679 0.121154 0.888141
0 0.465385 0.826603 0.453846 0.838141 0.452564 0.920192 0.45641 0.938141 0.469231 0.944551 0.499359 0.916346 0.516667 0.900962 0.523077 0.8125 0.520513 0.793269 0.491026 0.81891
0 0.946795 0.757372 0.940385 0.897115 0.930769 0.933013 0.961538 0.970192 0.996154 0.959936 0.996795 0.789423 0.975 0.759936
0 0.573718 0.377885 0.528205 0.394551 0.525641 0.431731 0.546154 0.463782 0.575641 0.479167 0.585256 0.498397 0.591667 0.452244 0.612821 0.439423 0.612179 0.4125 0.604487 0.376603
0 0.167949 0.761218 0.162821 0.816346 0.161538 0.857372 0.175 0.889423 0.182051 0.870192 0.195513 0.813782 0.210897 0.824038 0.219231 0.861218 0.223077 0.883013 0.229487 0.899679 0.261538 0.876603 0.266026 0.839423 0.257051 0.821474 0.238462 0.80609 0.230769 0.759936 0.185897 0.729167 0.179487 0.741987
