0 0.419231 0.577885 0.458974 0.554808 0.462179 0.508654 0.43141 0.461218 0.410897 0.459936 0.379487 0.508654 0.364744 0.539423 0.348718 0.577885 0.301923 0.577885 0.297436 0.621474 0.305128 0.694551 0.316667 0.747115 0.348718 0.7625 0.383333 0.726603 0.387179 0.66891 0.394872 0.615064 0.408333 0.566346
0 0.541026 0.541987 0.505769 0.570192 0.503846 0.594551 0.525 0.640705 0.534615 0.653526 0.551282 0.649679 0.587821 0.621474 0.587821 0.597115 0.578846 0.554808 0.544231 0.527885
0 0.00641 0.600962 0.030128 0.584295 0.057051 0.60609 0.091026 0.636859 0.127564 0.665064 0.169231 0.802244 0.160256 0.854808 0.151923 0.86891 0.127564 0.854808 0.086538 0.824038 0.048077 0.831731 0.028846 0.815064 0.028846 0.766346 0.032051 0.731731 0.020513 0.708654 0.004487 0.703526 0.000641 0.616346
0 0.180769 0.81891 0.167949 0.830449 0.169872 0.875321 0.167949 0.889423 0.162821 0.90609 0.149359 0.929167 0.157692 0.966346 0.15641 0.990705 0.241026 0.990705 0.251282 0.954808 0.26859 0.966346 0.287179 0.991987 0.384615 0.990705 0.395513 0.924038 0.416667 0.908654 0.44359 0.897115 0.457692 0.876603 0.463462 0.831731 0.44359 0.808654 0.389744 0.833013 0.366667 0.794551 0.337821 0.766346 0.320513 0.771474 0.307051 0.809936 0.29359 0.827885 0.28141 0.829167 0.236538 0.853526 0.222436 0.835577 0.195513 0.804808
0 0.559615 0.071474 0.487821 0.152244 0.453846 0.143269 0.449359 0.191987 0.475641 0.229167 0.49359 0.258654 0.504487 0.291987 0.513462 0.295833 0.549359 0.288141 0.614103 0.243269 0.655769 0.215064 0.673077 0.148397 0.667308 0.095833 0.620513 0.074038 0.591667 0.072756 0.578205 0.05609
0 0.724359 0.016346 0.724359 0.057372 0.726282 0.135577 0.736538 0.179167 0.75 0.217628 0.782051 0.189423 0.802564 0.172756 0.819872 0.138141 0.815385 0.052244 0.810897 0.026603 0.80641 0.007372 0.739103 0.008654
0 0.710897 0.211218 0.728846 0.294551 0.728846 0.359936 0.73141 0.415064 0.725641 0.46891 0.742308 0.541987 0.751282 0.589423 0.767949 0.600962 0.801282 0.598397 0.819872 0.541987 0.79359 0.431731 0.810897 0.36891 0.823077 0.391987 0.850641 0.430449 0.880769 0.439423 0.875641 0.376603 0.866667 0.338141 0.853205 0.302244 0.835256 0.241987 0.803205 0.252244 0.730769 0.286859 0.721795 0.241987
0 0.835897 0.030449 0.832051 0.143269 0.860897 0.253526 0.871795 0.329167 0.894872 0.357372 0.912821 0.357372 0.932051 0.286859 0.905769 0.188141 0.878846 0.108654 0.873077 0.071474 0.887179 0.021474 0.879167 0.0 0.857051 0.008654 0.842308 0.011218
0 0.975641 0.383013 0.946795 0.417628 0.942949 0.452244 0.936538 0.535577 0.935897 0.583013 0.966026 0.671474 0.973718 0.709936 0.998077 0.716346 0.996154 0.393269
0 0.764744 0.750962 0.704487 0.815064 0.664103 0.843269 0.617308 0.850962 0.576282 0.839423 0.621795 0.940705 0.634615 0.949679 0.676282 0.924038 0.689744 0.934295 0.676282 0.963782 0.676282 0.980449 0.677564 0.993269 0.752564 0.993269 0.791667 0.972756 0.791667 0.90609 0.787179 0.876603 0.8 0.866346 0.814103 0.884295 0.838462 0.8625 0.853205 0.822756 0.848077 0.795833 0.817308 0.780449 0.791026 0.7625 0.783974 0.758654
0 0.142949 0.00609 0.138462 0.095833 0.160256 0.135577 0.125641 0.167628 0.121154 0.186859 0.126923 0.245833 0.128846 0.281731 0.167308 0.283013 0.182051 0.281731 0.191026 0.240705 0.215385 0.230449 0.229487 0.235577 0.260897 0.279167 0.291667 0.274038 0.383333 0.172756 0.376923 0.080449 0.374359 0.040705 0.358333 0.009936 0.157051 0.009936
