0 0.228846 0.427885 0.208974 0.463782 0.213462 0.530449 0.234615 0.55609 0.271154 0.577885 0.271795 0.615064 0.260897 0.722756 0.288462 0.802244 0.301923 0.817628 0.33141 0.785577 0.373718 0.758654 0.403846 0.691987 0.378205 0.61891 0.346795 0.534295 0.339103 0.493269 0.339103 0.41891 0.314744 0.391987 0.280128 0.424038 0.235897 0.420192
0 0.173718 0.638141 0.127564 0.681731 0.055769 0.7125 0.040385 0.788141 0.057051 0.841987 0.069231 0.884295 0.099359 0.893269 0.124359 0.895833 0.152564 0.925321 0.217949 0.989423 0.285897 0.926603 0.285256 0.863782 0.227564 0.81891 0.178846 0.784295 0.175 0.704808 0.176282 0.666346
0 0.057692 0.283013 0.087821 0.313782 0.103205 0.307372 0.119872 0.257372 0.128205 0.241987 0.164744 0.300962 0.19359 0.298397 0.2 0.327885 0.185897 0.403526 0.132692 0.415064 0.098718 0.445833 0.065385 0.461218 0.039744 0.433013 0.033333 0.485577 0.004487 0.440705 0.007051 0.384295 0.022436 0.375321 0.037179 0.359936 0.035256 0.339423 0.046154 0.302244 0.065385 0.281731
0 0.125 0.049679 0.120513 0.065064 0.129487 0.135577 0.148077 0.122756 0.169231 0.079167 0.157051 0.043269 0.129487 0.039423
0 0.166026 0.013782 0.175641 0.05609 0.214103 0.058654 0.229487 0.057372 0.237821 0.008654 0.171795 0.004808
0 0.296154 0.009936 0.287821 0.058654 0.277564 0.093269 0.300641 0.120192 0.322436 0.139423 0.328205 0.111218 0.333974 0.071474 0.36859 0.00609
0 0.392949 0.340705 0.430128 0.398397 0.423718 0.458654 0.442949 0.45609 0.462821 0.420192 0.475 0.400962 0.491667 0.494551 0.483974 0.544551 0.491026 0.591987 0.525641 0.554808 0.575641 0.488141 0.614744 0.41891 0.608974 0.370192 0.535897 0.3625 0.501282 0.334295 0.462821 0.339423 0.446795 0.311218 0.423718 0.320192
0 0.638462 0.153526 0.576282 0.167628 0.641026 0.243269 0.662179 0.279167 0.660897 0.30609 0.687179 0.298397 0.682692 0.222756 0.675641 0.165064
0 0.722436 0.343269 0.664744 0.372756 0.65641 0.4125 0.682692 0.441987 0.714744 0.453526 0.733333 0.402244 0.753205 0.36891
0 0.654487 0.015064 0.678205 0.079167 0.708974 0.089423 0.735897 0.072756 0.757692 0.036859 0.751923 0.003526 0.664744 0.007372
0 0.742308 0.5125 0.698718 0.595833 0.654487 0.648397 0.614103 0.677885 0.644872 0.748397 0.675 0.804808 0.721795 0.829167 0.755128 0.789423 0.81859 0.724038 0.830769 0.617628 0.844231 0.550962 0.810897 0.591987 0.784615 0.595833 0.779487 0.493269 0.755128 0.525321
0 0.371154 0.835577 0.348077 0.885577 0.337179 0.974038 0.369231 0.995833 0.447436 0.993269 0.439744 0.935577 0.429487 0.8625 0.473718 0.870192 0.497436 0.986859 0.566667 0.995833 0.577564 0.958654 0.588462 0.86891 0.557051 0.833013 0.502564 0.824038 0.429487 0.734295 0.396154 0.761218 0.378846 0.841987
0 0.838462 0.721474 0.83141 0.839423 0.832051 0.885577 0.833333 0.926603 0.854487 0.989423 0.925641 0.995833 0.917949 0.950962 0.887179 0.880449 0.872436 0.813782 0.867949 0.704808 0.857692 0.652244 0.847436 0.686859
0 0.989744 0.517628 0.961538 0.583013 0.95 0.609936 0.957692 0.661218 0.964744 0.75609 0.967308 0.840705 0.995513 0.843269 0.989744 0.743269 0.971154 0.671474 0.995513 0.648397 0.996154 0.527885
0 0.889744 0.20609 0.862821 0.234295 0.842949 0.265064 0.872436 0.281731 0.917949 0.300962 0.907051 0.217628
