0 0.764744 0.015064 0.757692 0.102244 0.757692 0.144551 0.785897 0.131731 0.787821 0.089423 0.801282 0.109936 0.805128 0.124038 0.804487 0.152244 0.80641 0.197115 0.801923 0.229167 0.789103 0.243269 0.78141 0.265064 0.78141 0.279167 0.792308 0.295833 0.816026 0.298397 0.84359 0.286859 0.873077 0.283013 0.873077 0.261218 0.871154 0.217628 0.854487 0.176603 0.845513 0.149679 0.836538 0.109936 0.828846 0.067628 0.828846 0.029167 0.821795 0.004808
0 0.551282 0.00609 0.546154 0.079167 0.55 0.115064 0.535897 0.141987 0.510256 0.133013 0.530128 0.177885 0.544231 0.216346 0.548718 0.215064 0.547436 0.190705 0.572436 0.183013 0.570513 0.170192 0.570513 0.141987 0.578205 0.099679 0.583974 0.083013 0.599359 0.066346 0.611538 0.016346 0.607692 0.004808
0 0.512179 0.226603 0.48141 0.239423 0.463462 0.254808 0.408333 0.272756 0.374359 0.304808 0.346795 0.244551 0.321795 0.186859 0.323718 0.274038 0.330769 0.321474 0.363462 0.380449 0.378846 0.40609 0.422436 0.365064 0.451282 0.345833 0.478846 0.3625 0.519231 0.294551 0.528205 0.316346 0.520513 0.349679 0.519872 0.370192 0.539103 0.3625 0.564103 0.425321 0.555128 0.45609 0.546795 0.490705 0.547436 0.50609 0.571154 0.511218 0.591667 0.485577 0.594872 0.440705 0.592308 0.394551 0.599359 0.353526 0.58141 0.293269 0.563462 0.249679 0.542949 0.231731
0 0.666026 0.245833 0.632692 0.281731 0.637179 0.343269 0.64359 0.400962 0.649359 0.435577 0.657692 0.444551 0.700641 0.493269 0.726923 0.504808 0.755128 0.472756 0.763462 0.416346 0.760897 0.375321 0.710256 0.330449 0.689103 0.31891 0.685256 0.272756 0.679487 0.245833
0 0.921795 0.183013 0.878846 0.202244 0.885897 0.297115 0.89359 0.326603 0.912179 0.348397 0.93141 0.358654 0.953846 0.329167 0.965385 0.26891 0.953205 0.225321 0.946795 0.203526
0 0.98141 0.027885 0.964744 0.050962 0.980128 0.065064 0.986538 0.094551 0.997436 0.100962 0.998718 0.029167 0.973718 0.024038
0 0.078205 0.011218 0.078846 0.057372 0.095513 0.1125 0.110256 0.115064 0.150641 0.107372 0.172436 0.116346 0.182692 0.135577 0.201282 0.152244 0.239744 0.143269 0.251282 0.147115 0.28141 0.145833 0.3 0.113782 0.301282 0.081731 0.274359 0.052244 0.237821 0.058654 0.219872 0.031731 0.217308 0.007372 0.180769 0.008654
0 0.032051 0.263782 0.076282 0.266346 0.102564 0.241987 0.103205 0.280449 0.103846 0.303526 0.112179 0.315064 0.121795 0.31891 0.147436 0.313782 0.170513 0.274038 0.207051 0.277885 0.225641 0.257372 0.238462 0.350962 0.199359 0.404808 0.185256 0.439423 0.150641 0.440705 0.123718 0.416346 0.112821 0.415064 0.085256 0.417628 0.074359 0.398397 0.055128 0.325321 0.026282 0.358654 0.023077 0.293269
0 0.083974 0.458654 0.080769 0.520192 0.073718 0.550962 0.074359 0.589423 0.079487 0.685577 0.078205 0.707372 0.089744 0.745833 0.09359 0.749679 0.116667 0.747115 0.130128 0.689423 0.163462 0.685577 0.180769 0.629167 0.188462 0.567628 0.182051 0.495833 0.169231 0.470192 0.141667 0.46891 0.117308 0.434295 0.09359 0.425321 0.075641 0.431731
0 0.005769 0.844551 0.023718 0.813782 0.038462 0.833013 0.049359 0.839423 0.078846 0.824038 0.076282 0.789423 0.082692 0.781731 0.117308 0.798397 0.127564 0.822756 0.121795 0.86891 0.107692 0.893269 0.091667 0.898397 0.057692 0.911218 0.001923 0.936859 0.003205 0.861218
0 0.467308 0.50609 0.454487 0.511218 0.458333 0.584295 0.462821 0.599679 0.473077 0.607372 0.498077 0.598397 0.514103 0.570192 0.523077 0.549679 0.494872 0.51891
0 0.398718 0.529167 0.351282 0.533013 0.360897 0.567628 0.367308 0.594551 0.401923 0.567628 0.423077 0.543269
0 0.785897 0.470192 0.829487 0.509936 0.857692 0.516346 0.863462 0.500962 0.845513 0.453526 0.816026 0.434295 0.790385 0.444551
0 0.828846 0.75609 0.796154 0.785577 0.798718 0.847115 0.803846 0.886859 0.825 0.945833 0.860897 0.913782 0.875 0.86891 0.855769 0.799679
0 0.932051 0.56891 0.912179 0.667628 0.91859 0.683013 0.961538 0.698397 0.996795 0.697115 0.994872 0.607372 0.95641 0.557372 0.933974 0.549679
