0 0.892308 0.066346 0.888462 0.136859 0.877564 0.16891 0.874359 0.265064 0.889744 0.289423 0.93141 0.289423 0.964744 0.247115 0.969231 0.208654 0.975641 0.171474 0.997917 0.0875 0.994231 0.024038 0.969872 0.048397 0.944872 0.086859 0.91859 0.035577 0.890385 0.020192 0.887179 0.050962
0 0.754487 0.345833 0.702564 0.371474 0.678205 0.427885 0.658974 0.471474 0.646154 0.503526 0.64359 0.553526 0.667308 0.633013 0.663462 0.684295 0.65641 0.709936 0.671154 0.729167 0.686538 0.729167 0.708974 0.683013 0.741667 0.640705 0.76859 0.583013 0.798077 0.521474 0.814744 0.471474 0.809615 0.366346 0.790385 0.333013
0 0.815385 0.504808 0.803205 0.590705 0.757692 0.665064 0.721795 0.722756 0.700641 0.7625 0.721795 0.774038 0.750641 0.781731 0.779487 0.70609 0.828846 0.640705 0.855769 0.55609 0.853205 0.524038 0.828205 0.513782
0 0.929487 0.358654 0.907051 0.391987 0.907692 0.471474 0.916026 0.481731 0.932051 0.493269 0.948718 0.443269 0.940385 0.385577
0 0.545513 0.188141 0.504487 0.199679 0.498077 0.326603 0.495513 0.36891 0.483333 0.389423 0.459615 0.391987 0.403846 0.394551 0.398718 0.441987 0.411538 0.488141 0.419872 0.545833 0.449359 0.629167 0.45641 0.720192 0.483333 0.767628 0.501923 0.790705 0.51859 0.808654 0.564103 0.765064 0.583333 0.733013 0.551282 0.675321 0.538462 0.639423 0.539744 0.585577 0.592308 0.529167 0.6 0.465064 0.588462 0.266346 0.576923 0.221474 0.557051 0.180449
0 0.242308 0.052244 0.237821 0.125321 0.259615 0.161218 0.282051 0.195833 0.289103 0.238141 0.311538 0.249679 0.328205 0.252244 0.367308 0.175321 0.369231 0.131731 0.359615 0.080449 0.316667 0.044551 0.285897 0.036859 0.253205 0.049679
0 0.139103 0.021474 0.126923 0.104808 0.126282 0.154808 0.148077 0.298397 0.159615 0.325321 0.186538 0.35609 0.198718 0.383013 0.234615 0.344551 0.234615 0.250962 0.233333 0.236859 0.210897 0.163782 0.20641 0.115064 0.205769 0.035577 0.208333 0.009936 0.163462 0.009936
0 0.286538 0.731731 0.296795 0.695833 0.348077 0.658654 0.362179 0.680449 0.376282 0.707372 0.361538 0.76891 0.339744 0.820192 0.340385 0.844551 0.344872 0.872756 0.308974 0.789423 0.289744 0.75609
0 0.061538 0.983013 0.05641 0.927885 0.079487 0.890705 0.091667 0.920192 0.138462 0.924038 0.198718 0.96891 0.23141 0.974038 0.237821 0.991987 0.072436 0.995833
0 0.933974 0.666346 0.925 0.690705 0.89359 0.683013 0.885897 0.681731 0.867308 0.739423 0.875 0.767628 0.886538 0.802244 0.864744 0.8125 0.850641 0.8625 0.841026 0.900962 0.830769 0.91891 0.853846 0.9625 0.901282 0.974038 0.920513 0.921474 0.922436 0.847115 0.925641 0.824038 0.945513 0.797115 0.964744 0.767628 0.980769 0.717628 0.985897 0.672756 0.973077 0.65609 0.944872 0.653526
0 0.975641 0.795833 0.953846 0.826603 0.955769 0.848397 0.955769 0.907372 0.955128 0.917628 0.966667 0.933013 0.995513 0.972756 0.996154 0.807372
0 0.214744 0.497115 0.220513 0.598397 0.223718 0.608654 0.235256 0.635577 0.244231 0.635577 0.262821 0.584295 0.259615 0.550962 0.237179 0.516346 0.232051 0.507372
0 0.616667 0.020192 0.607692 0.095833 0.616026 0.186859 0.633333 0.141987 0.634615 0.111218 0.653846 0.111218 0.696154 0.070192 0.697436 0.040705 0.687179 0.009936 0.623718 0.008654
0 0.125 0.470192 0.091667 0.490705 0.074359 0.527885 0.128205 0.576603 0.137179 0.60609 0.148718 0.559936 0.150641 0.485577 0.140385 0.471474
0 0.269872 0.871474 0.252564 0.871474 0.247436 0.944551 0.264103 0.965064 0.299359 0.952244 0.298718 0.925321 0.283974 0.867628
