0 0.952564 0.020192 0.933974 0.070192 0.951923 0.108654 0.916026 0.190705 0.867308 0.203526 0.846154 0.224038 0.873077 0.286859 0.899359 0.335577 0.913462 0.343269 0.996795 0.289423 0.996795 0.007372 0.976282 0.025321
0 0.979487 0.448397 0.951282 0.493269 0.929487 0.522756 0.857051 0.545833 0.782692 0.590705 0.796795 0.641987 0.826923 0.689423 0.839744 0.741987 0.935897 0.743269 0.996154 0.749679 0.998077 0.463782
0 0.753846 0.107372 0.735256 0.170192 0.737821 0.234295 0.760256 0.302244 0.767308 0.338141 0.78141 0.226603 0.776282 0.159936 0.773718 0.102244
0 0.592949 0.003526 0.601923 0.075321 0.588462 0.133013 0.564103 0.147115 0.546154 0.20609 0.514744 0.331731 0.492308 0.467628 0.554487 0.499679 0.596154 0.394551 0.607051 0.358654 0.617308 0.331731 0.650641 0.35609 0.664744 0.386859 0.690385 0.349679 0.687821 0.283013 0.669231 0.225321 0.661538 0.103526 0.660897 0.007372
0 0.338462 0.070192 0.341026 0.108654 0.330128 0.15609 0.340385 0.208654 0.345513 0.235577 0.433974 0.265064 0.489103 0.275321 0.517949 0.199679 0.512821 0.139423 0.537821 0.098397 0.55 0.054808 0.555769 0.00609 0.430128 0.007372 0.405128 0.053526 0.383974 0.079167 0.372436 0.079167 0.367308 0.072756 0.361538 0.045833 0.351282 0.007372 0.289103 0.022756 0.332692 0.054808
0 0.010897 0.2125 0.054487 0.202244 0.133974 0.177885 0.18141 0.20609 0.177564 0.291987 0.130128 0.359936 0.065385 0.439423 0.030769 0.472756 0.020513 0.488141 0.003205 0.483013 0.002564 0.227885
0 0.098718 0.575321 0.069872 0.583013 0.055769 0.6125 0.125 0.716346 0.132051 0.757372 0.148718 0.80609 0.166026 0.817628 0.171154 0.829167 0.199359 0.739423 0.217949 0.627885 0.203846 0.598397 0.158333 0.5625 0.120513 0.553526
0 0.166026 0.835577 0.161538 0.904808 0.142949 0.971474 0.139744 0.990705 0.258333 0.988141 0.223077 0.900962 0.198077 0.849679 0.184615 0.822756
0 0.307692 0.744551 0.294231 0.853526 0.300641 0.908654 0.303846 0.972756 0.287179 0.994551 0.503846 0.994551 0.526923 0.943269 0.574359 0.940705 0.596795 0.941987 0.560897 0.834295 0.540385 0.843269 0.460256 0.903526 0.430128 0.900962 0.382692 0.772756 0.363462 0.738141 0.335897 0.734295
0 0.001923 0.76891 0.021795 0.783013 0.03141 0.841987 0.035897 0.854808 0.048718 0.888141 0.047436 0.929167 0.033974 0.966346 0.020513 0.986859 0.005769 0.991987 0.0 0.838141
0 0.663462 0.524038 0.608333 0.527885 0.589744 0.733013 0.609615 0.7625 0.664744 0.709936 0.685897 0.700962 0.666026 0.786859 0.667949 0.875321 0.694231 0.890705 0.70641 0.940705 0.725641 0.9625 0.742949 0.965064 0.748718 0.879167 0.736538 0.797115 0.737179 0.721474 0.739744 0.657372 0.689744 0.575321 0.675641 0.526603
0 0.98141 0.811218 0.962179 0.857372 0.946154 0.839423 0.942308 0.839423 0.930769 0.909936 0.929487 0.929167 0.935897 0.939423 0.964744 0.975321 0.975641 0.961218 0.989744 0.938141 0.991026 0.889423 0.991667 0.85609
