0 0.728205 0.015064 0.746154 0.026603 0.758333 0.045833 0.778846 0.079167 0.794231 0.113782 0.796795 0.140705 0.774359 0.167628 0.760897 0.191987 0.757051 0.208654 0.771154 0.252244 0.791667 0.274038 0.807051 0.316346 0.798718 0.371474 0.780769 0.344551 0.758333 0.302244 0.753205 0.349679 0.746154 0.344551 0.727564 0.308654 0.717308 0.340705 0.714744 0.3625 0.754487 0.474038 0.766667 0.509936 0.789744 0.520192 0.8 0.483013 0.820513 0.507372 0.837179 0.502244 0.860897 0.483013 0.874359 0.430449 0.882051 0.397115 0.887821 0.36891 0.907051 0.317628 0.902564 0.276603 0.885897 0.243269 0.877564 0.181731 0.875641 0.1125 0.887179 0.050962 0.883333 0.008654 0.741026 0.007372
0 0.422436 0.01891 0.442949 0.085577 0.448077 0.152244 0.458333 0.197115 0.499359 0.25609 0.515385 0.261218 0.539103 0.183013 0.562821 0.124038 0.576282 0.075321 0.578846 0.004808 0.435256 0.008654
0 0.385897 0.213782 0.391667 0.258654 0.372436 0.276603 0.358974 0.261218 0.337179 0.276603 0.324359 0.338141 0.314744 0.395833 0.314744 0.425321 0.337821 0.484295 0.382692 0.507372 0.390385 0.50609 0.41859 0.493269 0.430128 0.508654 0.427564 0.557372 0.423077 0.583013 0.444872 0.670192 0.466026 0.679167 0.460256 0.631731 0.442308 0.577885 0.446154 0.538141 0.475641 0.515064 0.498077 0.477885 0.516667 0.422756 0.500641 0.386859 0.488462 0.327885 0.471154 0.284295 0.405769 0.209936
0 0.198077 0.158654 0.173077 0.207372 0.149359 0.267628 0.141026 0.294551 0.14359 0.316346 0.182051 0.353526 0.208974 0.3625 0.212821 0.363782 0.210897 0.322756 0.208974 0.279167 0.238462 0.252244 0.246154 0.198397 0.216667 0.179167
0 0.010256 0.352244 0.041026 0.3625 0.058333 0.367628 0.078846 0.372756 0.110897 0.404808 0.144872 0.426603 0.166026 0.448397 0.178205 0.488141 0.175641 0.524038 0.166026 0.543269 0.137179 0.545833 0.112179 0.55609 0.096795 0.581731 0.05641 0.6125 0.054487 0.593269 0.046154 0.539423 0.035256 0.503526 0.012179 0.454808 0.002564 0.407372 0.001282 0.354808
0 0.002564 0.541987 0.019231 0.583013 0.019872 0.631731 0.029487 0.715064 0.003205 0.736859
0 0.004487 0.767628 0.030128 0.789423 0.040385 0.802244 0.051282 0.826603 0.060897 0.843269 0.078205 0.793269 0.092949 0.789423 0.102564 0.774038 0.114103 0.745833 0.132051 0.758654 0.147436 0.772756 0.175 0.809936 0.187179 0.841987 0.200641 0.889423 0.190385 0.933013 0.179487 0.974038 0.16859 0.997115 0.133974 0.995833 0.137179 0.904808 0.126923 0.852244 0.108974 0.831731 0.103205 0.884295 0.103846 0.924038 0.108974 0.963782 0.103205 0.995833 0.057051 0.990705 0.057692 0.908654 0.041026 0.927885 0.022436 0.904808 0.001923 0.857372
0 0.253205 0.934295 0.273718 0.926603 0.296795 0.908654 0.310256 0.872756 0.313462 0.935577 0.337179 0.921474 0.364744 0.877885 0.375641 0.891987 0.377564 0.994551 0.234615 0.995833 0.239744 0.975321 0.233333 0.959936 0.232692 0.936859
0 0.867308 0.588141 0.842949 0.613782 0.819231 0.648397 0.803846 0.681731 0.796795 0.697115 0.800641 0.722756 0.801282 0.750962 0.786538 0.831731 0.771154 0.859936 0.739103 0.881731 0.714744 0.885577 0.716667 0.993269 0.898077 0.994551 0.898718 0.936859 0.899359 0.8625 0.903846 0.815064 0.914744 0.788141 0.913462 0.749679 0.899359 0.703526 0.892949 0.674038 0.877564 0.622756
0 0.963462 0.411218 0.95 0.430449 0.935897 0.433013 0.921795 0.459936 0.944872 0.493269 0.953846 0.497115 0.967308 0.493269 0.997436 0.530449 0.996795 0.425321 0.976282 0.424038
0 0.980128 0.594551 0.955128 0.565064 0.957692 0.635577 0.957692 0.736859 0.964744 0.791987 0.971795 0.807372 0.966667 0.886859 0.966026 0.915064 0.949359 0.924038 0.93141 0.9125 0.930128 0.948397 0.930769 0.991987 0.996795 0.994551 0.997436 0.609936 0.986538 0.608654
