0 0.353205 0.080449 0.286538 0.150962 0.303205 0.258654 0.328205 0.35609 0.328846 0.486859 0.350641 0.599679 0.35641 0.624038 0.358333 0.708654 0.362179 0.716346 0.398718 0.736859 0.419231 0.658654 0.489744 0.599679 0.498077 0.567628 0.514103 0.502244 0.589103 0.333013 0.588462 0.270192 0.523077 0.074038 0.496154 0.025321 0.462821 0.030449 0.405769 0.071474 0.392949 0.081731 0.375 0.098397
0 0.146795 0.021474 0.150641 0.113782 0.182692 0.1625 0.2 0.217628 0.219231 0.341987 0.251282 0.465064 0.276923 0.497115 0.25 0.631731 0.246795 0.647115 0.254487 0.653526 0.287821 0.599679 0.336538 0.607372 0.336538 0.630449 0.347436 0.693269 0.359615 0.721474 0.372436 0.739423 0.384615 0.776603 0.328846 0.752244 0.303205 0.753526 0.198077 0.711218 0.1 0.711218 0.076923 0.681731 0.036538 0.61891 0.001923 0.543269 0.00641 0.248397 0.021795 0.139423 0.026282 0.080449 0.021154 0.004808 0.142949 0.004808
0 0.641026 0.139423 0.619231 0.221474 0.626923 0.279167 0.624359 0.330449 0.664103 0.291987 0.684615 0.244551 0.704487 0.197115 0.705769 0.167628 0.686538 0.161218 0.657051 0.1625
0 0.766026 0.017628 0.794872 0.15609 0.803846 0.222756 0.816667 0.299679 0.832692 0.345833 0.85641 0.311218 0.870513 0.211218 0.886538 0.233013 0.936538 0.288141 0.961538 0.2625 0.996154 0.197115 0.994872 0.016346 0.979487 0.041987 0.937821 0.024038 0.901282 0.052244 0.874359 0.041987 0.880128 0.002244 0.770513 0.002244
0 0.942308 0.398397 0.939103 0.467628 0.904487 0.533013 0.884615 0.574038 0.873718 0.586859 0.869231 0.586859 0.855769 0.520192 0.830128 0.4625 0.814744 0.534295 0.816667 0.576603 0.848077 0.598397 0.858333 0.643269 0.853846 0.647115 0.825 0.639423 0.828205 0.744551 0.85 0.783013 0.858333 0.794551 0.9 0.815064 0.928846 0.825321 0.969872 0.811218 0.997436 0.822756 0.995513 0.661218 0.987179 0.663782 0.946154 0.65609 0.941026 0.626603 0.946795 0.604808 0.954487 0.583013 0.959615 0.4625 0.967949 0.420192 0.973718 0.403526 0.960256 0.390705
0 0.705128 0.708654 0.691667 0.759936 0.651923 0.798397 0.616026 0.80609 0.588462 0.81891 0.578846 0.829167 0.577564 0.848397 0.583974 0.883013 0.592949 0.911218 0.605128 0.95609 0.613462 0.986859 0.654487 0.976603 0.657692 0.929167 0.659615 0.866346 0.672436 0.841987 0.685897 0.875321 0.687821 0.9125 0.692308 0.929167 0.721154 0.924038 0.744872 0.965064 0.75 0.993269 0.780769 0.989423 0.771154 0.944551 0.78141 0.867628 0.782692 0.816346 0.767308 0.750962 0.738462 0.7125
0 0.692308 0.481731 0.633974 0.552244 0.591667 0.576603 0.567308 0.577885 0.525641 0.589423 0.512821 0.620192 0.512179 0.688141 0.523718 0.708654 0.56859 0.689423 0.652564 0.648397 0.691667 0.60609 0.742949 0.550962 0.751923 0.5125 0.701923 0.474038
0 0.003846 0.849679 0.012821 0.86891 0.023077 0.883013 0.016667 0.917628 0.015385 0.935577 0.016667 0.949679 0.021154 0.967628 0.026923 0.993269 0.001282 0.998397
0 0.196795 0.9125 0.226282 0.916346 0.255769 0.954808 0.228205 0.995833 0.107051 0.995833 0.137821 0.967628 0.146154 0.945833 0.148077 0.935577 0.169231 0.935577 0.176282 0.929167 0.185897 0.9125
0 0.434615 0.983013 0.466026 0.944551 0.487179 0.936859 0.504487 0.944551 0.513462 0.95609 0.516667 0.991987 0.446795 0.997115
0 0.798077 0.920192 0.812821 0.886859 0.847436 0.890705 0.864103 0.897115 0.864744 0.924038 0.865385 0.940705 0.875 0.952244 0.878846 0.989423 0.852564 0.994551 0.840385 0.9625 0.814103 0.949679 0.810256 0.943269
