0 0.641667 0.020192 0.609615 0.094551 0.604487 0.129167 0.612821 0.141987 0.670513 0.124038 0.705128 0.133013 0.734615 0.150962 0.737179 0.189423 0.737179 0.241987 0.741667 0.267628 0.785897 0.279167 0.816026 0.284295 0.853205 0.274038 0.873077 0.265064 0.887179 0.221474 0.876282 0.134295 0.852564 0.093269 0.814103 0.079167 0.758333 0.043269 0.762179 0.007372 0.653205 0.004808
0 0.33141 0.007372 0.315385 0.0625 0.323077 0.120192 0.337821 0.138141 0.363462 0.129167 0.372436 0.081731 0.361538 0.004808
0 0.389744 0.261218 0.379487 0.334295 0.361538 0.384295 0.371795 0.448397 0.389103 0.475321 0.396154 0.489423 0.408333 0.486859 0.425 0.438141 0.444872 0.36891 0.453846 0.31891 0.442308 0.235577 0.411538 0.25609
0 0.046795 0.0125 0.053205 0.089423 0.062821 0.148397 0.087821 0.163782 0.112179 0.153526 0.130128 0.100962 0.151282 0.054808 0.171154 0.009936 0.061538 0.003526
0 0.497436 0.225321 0.492949 0.283013 0.487179 0.321474 0.500641 0.330449 0.516026 0.349679 0.517949 0.340705 0.521154 0.275321 0.532692 0.252244 0.536538 0.238141 0.513462 0.235577
0 0.683333 0.453526 0.624359 0.449679 0.646154 0.525321 0.709615 0.60609 0.722436 0.574038 0.73141 0.488141 0.696795 0.480449
0 0.953846 0.377885 0.942949 0.440705 0.917949 0.489423 0.900641 0.539423 0.897436 0.61891 0.929487 0.766346 0.949359 0.865064 0.997436 0.885577 0.995513 0.357372 0.976923 0.376603
0 0.912179 0.008654 0.941026 0.050962 0.936538 0.094551 0.910897 0.10609 0.905769 0.099679 0.914744 0.170192 0.925641 0.20609 0.937179 0.281731 0.947436 0.291987 0.978205 0.250962 0.989744 0.217628 0.98141 0.171474 0.998077 0.139423 0.997436 0.00609 0.926923 0.003526
0 0.548077 0.494551 0.554487 0.55609 0.572436 0.631731 0.603846 0.622756 0.610256 0.550962 0.623718 0.51891 0.608333 0.5125 0.584615 0.539423 0.567949 0.499679 0.55641 0.483013
0 0.578205 0.658654 0.580769 0.754808 0.580769 0.781731 0.583333 0.8125 0.589744 0.834295 0.637179 0.820192 0.630769 0.76891 0.613462 0.690705 0.603846 0.652244
0 0.717308 0.703526 0.712179 0.770192 0.703205 0.807372 0.741667 0.833013 0.75641 0.848397 0.777564 0.808654 0.777564 0.693269 0.748077 0.691987
0 0.832051 0.786859 0.821154 0.861218 0.839103 0.900962 0.836538 0.934295 0.861538 0.943269 0.878846 0.924038 0.905769 0.826603 0.880769 0.791987 0.847436 0.789423
0 0.005128 0.472756 0.024359 0.495833 0.046795 0.511218 0.072436 0.516346 0.105128 0.521474 0.077564 0.566346 0.085897 0.650962 0.094872 0.679167 0.094231 0.707372 0.092949 0.716346 0.066026 0.734295 0.026282 0.652244 0.002564 0.633013
0 0.105769 0.715064 0.122436 0.680449 0.153205 0.722756 0.137821 0.781731 0.095513 0.881731 0.072436 0.931731 0.057051 0.844551 0.063462 0.808654 0.069231 0.765064 0.079487 0.740705
0 0.004487 0.816346 0.039103 0.824038 0.041026 0.870192 0.022436 0.917628 0.003205 0.933013 0.000641 0.831731
