0 0.832051 0.025321 0.805128 0.109936 0.791026 0.147115 0.74359 0.186859 0.741667 0.241987 0.760897 0.283013 0.795513 0.357372 0.800641 0.403526 0.81859 0.458654 0.858333 0.531731 0.899359 0.557372 0.996154 0.60609 0.994872 0.007372 0.840385 0.004808
0 0.648077 0.26891 0.607692 0.31891 0.595513 0.365064 0.608974 0.422756 0.607051 0.444551 0.605128 0.4625 0.617308 0.479167 0.627564 0.426603 0.626282 0.403526 0.646154 0.390705 0.665385 0.375321 0.669872 0.331731 0.672436 0.290705 0.664744 0.270192
0 0.477564 0.294551 0.489103 0.370192 0.495513 0.395833 0.472436 0.400962 0.463462 0.425321 0.457692 0.459936 0.460897 0.499679 0.465385 0.538141 0.471795 0.572756 0.491667 0.531731 0.525641 0.522756 0.562821 0.466346 0.523718 0.403526 0.519231 0.347115 0.514744 0.275321 0.496154 0.252244 0.480128 0.277885
0 0.539103 0.540705 0.530128 0.585577 0.550641 0.659936 0.555769 0.715064 0.598718 0.736859 0.640385 0.70609 0.667949 0.689423 0.702564 0.727885 0.685897 0.815064 0.685256 0.911218 0.716026 0.8625 0.739744 0.827885 0.757051 0.804808 0.767949 0.759936 0.746154 0.650962 0.735897 0.584295 0.710897 0.507372 0.677564 0.5125 0.638462 0.525321 0.566667 0.534295
0 0.448718 0.616346 0.412179 0.631731 0.388462 0.689423 0.349359 0.7125 0.31859 0.81891 0.330128 0.926603 0.387821 0.889423 0.419231 0.85609 0.435897 0.830449 0.458974 0.803526 0.472436 0.784295 0.491026 0.672756 0.488462 0.635577
0 0.110897 0.009936 0.10641 0.044551 0.104487 0.10609 0.126923 0.16891 0.10641 0.207372 0.041667 0.244551 0.008333 0.271474 0.007692 0.163782 0.010256 0.129167 0.004487 0.117628 0.001923 0.008654
0 0.100641 0.427885 0.104487 0.4625 0.112821 0.495833 0.117949 0.517628 0.125641 0.520192 0.148718 0.499679 0.157692 0.420192 0.146154 0.424038 0.123718 0.435577 0.116667 0.430449 0.109615 0.413782
0 0.003205 0.598397 0.008974 0.629167 0.020513 0.658654 0.063462 0.66891 0.087821 0.703526 0.095513 0.743269 0.083974 0.795833 0.065385 0.783013 0.049359 0.774038 0.054487 0.822756 0.066667 0.850962 0.057051 0.903526 0.028205 0.893269 0.001282 0.883013
0 0.225641 0.591987 0.212179 0.597115 0.225641 0.6625 0.24359 0.648397 0.248718 0.604808
0 0.341667 0.930449 0.337179 0.971474 0.330128 0.990705 0.410897 0.997115 0.39359 0.95609 0.376282 0.920192 0.366667 0.913782
0 0.423718 0.96891 0.435897 0.936859 0.458333 0.929167 0.501282 0.941987 0.519872 0.934295 0.548718 0.929167 0.533974 0.974038 0.548077 0.993269 0.444872 0.994551 0.435256 0.971474
0 0.798077 0.748397 0.789103 0.844551 0.789744 0.86891 0.767308 0.889423 0.745513 0.95609 0.739103 0.993269 0.882051 0.993269 0.839744 0.954808 0.828846 0.926603 0.830769 0.888141 0.819872 0.833013 0.823718 0.804808 0.830769 0.759936 0.817949 0.745833
0 0.983974 0.807372 0.962179 0.825321 0.935256 0.880449 0.928205 0.886859 0.919872 0.943269 0.930128 0.967628 0.937179 0.984295 0.928846 0.999679 0.982051 0.991987 0.996154 0.939423 0.997436 0.798397
