0 0.002564 0.222756 0.016667 0.258654 0.015385 0.279167 0.023718 0.299679 0.048718 0.333013 0.042308 0.413782 0.035897 0.497115 0.077564 0.513782 0.059615 0.566346 0.071154 0.629167 0.075641 0.702244 0.046795 0.727885 0.023077 0.725321 0.027564 0.677885 0.041667 0.602244 0.033974 0.544551 0.007692 0.575321 0.001282 0.580449
0 0.130128 0.51891 0.159615 0.502244 0.178205 0.526603 0.175641 0.584295 0.2 0.527885 0.235256 0.548397 0.251923 0.561218 0.260897 0.565064 0.276282 0.594551 0.269872 0.685577 0.28141 0.780449 0.284615 0.843269 0.266026 0.904808 0.241026 0.9125 0.204487 0.867628 0.158333 0.81891 0.137821 0.770192 0.137821 0.722756 0.153846 0.672756 0.160256 0.634295 0.160256 0.615064 0.150641 0.589423 0.126923 0.563782 0.124359 0.543269
0 0.01859 0.808654 0.046154 0.808654 0.070513 0.815064 0.087179 0.874038 0.096795 0.886859 0.110897 0.888141 0.121795 0.90609 0.145513 0.907372 0.167949 0.895833 0.189744 0.916346 0.172436 0.993269 0.04359 0.989423 0.057692 0.953526 0.04359 0.889423 0.019231 0.821474
0 0.121154 0.140705 0.115385 0.236859 0.089744 0.222756 0.076923 0.263782 0.099359 0.280449 0.113462 0.288141 0.120513 0.290705 0.108333 0.390705 0.128846 0.411218 0.148077 0.383013 0.178205 0.333013 0.194231 0.300962 0.201282 0.254808 0.199359 0.194551 0.185256 0.140705 0.145513 0.145833
0 0.244872 0.171474 0.212179 0.203526 0.210256 0.235577 0.219872 0.289423 0.225 0.326603 0.229487 0.358654 0.247436 0.343269 0.263462 0.325321 0.278205 0.300962 0.273718 0.235577 0.253846 0.185577
0 0.286538 0.016346 0.308974 0.088141 0.322436 0.174038 0.325641 0.207372 0.341026 0.224038 0.345513 0.234295 0.344231 0.279167 0.339103 0.308654 0.344872 0.371474 0.35 0.388141 0.358333 0.402244 0.369231 0.403526 0.384615 0.371474 0.414103 0.340705 0.423718 0.327885 0.435897 0.293269 0.422436 0.250962 0.428205 0.209936 0.401282 0.193269 0.379487 0.229167 0.363462 0.198397 0.362179 0.166346 0.378846 0.153526 0.380128 0.135577 0.359615 0.095833 0.348718 0.075321 0.333333 0.00609 0.294872 0.00609
0 0.586538 0.150962 0.557692 0.176603 0.560256 0.225321 0.558974 0.235577 0.562179 0.259936 0.578846 0.286859 0.594231 0.31891 0.616667 0.331731 0.629487 0.285577 0.624359 0.247115 0.629487 0.200962 0.642308 0.179167 0.628846 0.166346 0.591026 0.161218
0 0.619231 0.013782 0.637179 0.104808 0.639103 0.116346 0.633333 0.139423 0.644872 0.179167 0.672436 0.183013 0.689744 0.209936 0.714744 0.166346 0.723077 0.11891 0.73141 0.049679 0.735897 0.002244 0.630128 0.003526
0 0.799359 0.150962 0.792949 0.172756 0.771795 0.166346 0.771154 0.189423 0.770513 0.216346 0.770513 0.231731 0.771154 0.261218 0.771154 0.272756 0.774359 0.288141 0.812821 0.261218 0.850641 0.234295 0.872436 0.163782 0.851923 0.133013 0.83141 0.1625 0.812179 0.1625
0 0.553205 0.440705 0.546154 0.461218 0.512179 0.452244 0.498077 0.453526 0.480769 0.46891 0.491026 0.517628 0.502564 0.563782 0.511538 0.593269 0.541667 0.61891 0.55641 0.648397 0.580128 0.670192 0.608333 0.636859 0.608333 0.567628 0.621795 0.515064 0.624359 0.4625 0.589103 0.459936 0.573077 0.457372 0.559615 0.430449
0 0.344231 0.654808 0.326923 0.683013 0.323718 0.720192 0.332692 0.753526 0.364103 0.841987 0.369872 0.900962 0.373718 0.936859 0.378846 0.95609 0.380128 0.990705 0.466667 0.988141 0.445513 0.947115 0.428846 0.888141 0.426923 0.827885 0.433974 0.76891 0.423718 0.730449 0.394231 0.740705 0.366667 0.702244 0.35641 0.663782 0.364103 0.641987 0.355128 0.609936 0.335897 0.608654 0.337179 0.633013
0 0.48141 0.674038 0.457051 0.702244 0.478846 0.739423 0.48141 0.748397 0.512821 0.738141 0.514744 0.788141 0.50641 0.8125 0.485897 0.831731 0.489103 0.879167 0.494872 0.893269 0.516026 0.927885 0.547436 0.934295 0.578846 0.857372 0.585256 0.8125 0.538462 0.76891 0.537821 0.703526 0.519872 0.688141 0.489744 0.675321
0 0.747436 0.438141 0.725 0.545833 0.7 0.590705 0.685256 0.630449 0.674359 0.684295 0.680128 0.709936 0.70641 0.727885 0.762821 0.730449 0.807692 0.702244 0.836538 0.729167 0.883333 0.71891 0.892308 0.704808 0.901282 0.648397 0.883333 0.597115 0.855128 0.599679 0.840385 0.593269 0.814744 0.516346 0.811538 0.491987 0.780769 0.457372 0.760897 0.449679
0 0.941026 0.404808 0.910897 0.458654 0.864103 0.498397 0.882692 0.571474 0.892308 0.588141 0.926923 0.626603 0.952564 0.613782 0.989744 0.575321 0.962821 0.526603 0.948077 0.507372 0.948718 0.420192
0 0.85 0.894551 0.807692 0.930449 0.786538 0.940705 0.783333 0.990705 0.916026 0.993269 0.921154 0.954808 0.899359 0.925321 0.875 0.900962
