0 0.680128 0.024038 0.626923 0.052244 0.623077 0.081731 0.616667 0.163782 0.608333 0.195833 0.594872 0.202244 0.537179 0.191987 0.453846 0.2125 0.396154 0.241987 0.369872 0.243269 0.364744 0.341987 0.369231 0.380449 0.412179 0.421474 0.442949 0.395833 0.466026 0.380449 0.475641 0.426603 0.453205 0.51891 0.473718 0.577885 0.526923 0.625321 0.549359 0.654808 0.553205 0.707372 0.532692 0.691987 0.507692 0.757372 0.475 0.807372 0.477564 0.826603 0.510256 0.847115 0.528846 0.845833 0.558333 0.783013 0.617949 0.733013 0.595513 0.657372 0.575 0.549679 0.561538 0.470192 0.541026 0.440705 0.560256 0.384295 0.578205 0.366346 0.613462 0.343269 0.690385 0.388141 0.760897 0.393269 0.786538 0.304808 0.808333 0.175321 0.792949 0.109936 0.795513 0.072756 0.808974 0.034295 0.803205 0.007372 0.686538 0.00609
0 0.860256 0.099679 0.813462 0.184295 0.835897 0.231731 0.857692 0.274038 0.885256 0.240705 0.894231 0.139423 0.89359 0.109936
0 0.855769 0.484295 0.767308 0.51891 0.760256 0.543269 0.786538 0.639423 0.796154 0.665064 0.826923 0.735577 0.848077 0.739423 0.873718 0.740705 0.913462 0.70609 0.936538 0.657372 0.909615 0.5625 0.873077 0.494551
0 0.744231 0.61891 0.70641 0.583013 0.69359 0.607372 0.712179 0.663782 0.726923 0.695833 0.758333 0.686859 0.760897 0.674038
0 0.838462 0.849679 0.821795 0.884295 0.778846 0.898397 0.758974 0.970192 0.757692 0.998397 0.883333 0.991987 0.866026 0.85609 0.852564 0.847115
0 0.001923 0.135577 0.011538 0.115064 0.03141 0.107372 0.045513 0.157372 0.040385 0.190705 0.035256 0.244551 0.037179 0.302244 0.035897 0.349679 0.039103 0.399679 0.023077 0.417628 0.001923 0.40609
0 0.245513 0.116346 0.215385 0.197115 0.214103 0.216346 0.194872 0.21891 0.167949 0.289423 0.158333 0.31891 0.133974 0.317628 0.123077 0.335577 0.117308 0.389423 0.130128 0.433013 0.141667 0.439423 0.165385 0.422756 0.208974 0.417628 0.205769 0.390705 0.204487 0.327885 0.225 0.286859 0.266026 0.274038 0.280769 0.258654 0.294231 0.21891 0.305128 0.133013 0.319872 0.089423 0.360256 0.0625 0.377564 0.0125 0.284615 0.01891 0.264103 0.031731 0.258974 0.107372
0 0.001282 0.450962 0.013462 0.485577 0.026923 0.493269 0.049359 0.507372 0.062821 0.55609 0.095513 0.629167 0.157051 0.725321 0.178846 0.717628 0.238462 0.609936 0.279487 0.477885 0.311538 0.498397 0.292949 0.630449 0.285897 0.671474 0.278205 0.731731 0.270513 0.767628 0.205769 0.835577 0.170513 0.85609 0.140385 0.883013 0.148718 0.921474 0.155128 0.993269 0.078846 0.991987 0.071154 0.920192 0.067308 0.865064 0.059615 0.7625 0.051282 0.704808 0.041026 0.700962 0.038462 0.776603 0.04359 0.807372 0.025641 0.804808 0.002564 0.784295
0 0.397436 0.533013 0.376923 0.538141 0.369872 0.600962 0.385256 0.644551 0.373718 0.665064 0.345513 0.70609 0.345513 0.734295 0.388462 0.711218 0.407692 0.671474 0.410897 0.622756 0.405769 0.56891 0.408333 0.526603
0 0.48141 0.011218 0.505128 0.054808 0.532692 0.066346 0.55 0.079167 0.563462 0.041987 0.583974 0.007372
0 0.004487 0.091987 0.05 0.094551 0.061538 0.072756 0.088462 0.048397 0.100641 0.00609 0.014103 0.011218
