0 0.673077 0.031731 0.650641 0.06891 0.632692 0.116346 0.633974 0.127885 0.601923 0.171474 0.575 0.207372 0.551282 0.400962 0.574359 0.470192 0.583974 0.500962 0.598718 0.545833 0.619872 0.588141 0.651282 0.577885 0.670513 0.502244 0.664103 0.431731 0.671795 0.365064 0.675641 0.345833 0.695513 0.413782 0.711538 0.45609 0.724359 0.471474 0.762821 0.458654 0.753205 0.397115 0.753846 0.361218 0.760897 0.320192 0.769872 0.261218 0.741026 0.247115 0.723718 0.20609 0.690385 0.194551 0.678205 0.165064 0.683974 0.139423 0.700641 0.104808 0.708333 0.074038 0.70641 0.039423 0.698077 0.027885
0 0.720513 0.00609 0.711538 0.041987 0.73141 0.048397 0.753205 0.044551 0.778846 0.070192 0.791026 0.107372 0.791026 0.133013 0.783974 0.189423 0.792949 0.189423 0.810897 0.191987 0.817949 0.179167 0.828205 0.157372 0.833974 0.1125 0.838462 0.097115 0.848718 0.149679 0.84359 0.208654 0.840385 0.249679 0.836538 0.284295 0.847436 0.303526 0.855769 0.299679 0.891026 0.276603 0.905128 0.259936 0.937821 0.231731 0.914744 0.170192 0.892949 0.149679 0.891667 0.135577 0.903205 0.091987 0.90641 0.052244 0.909615 0.026603 0.928846 0.025321 0.942949 0.007372
0 0.962179 0.01891 0.958974 0.043269 0.957692 0.079167 0.973077 0.124038 0.972436 0.194551 0.95641 0.265064 0.935897 0.289423 0.930128 0.321474 0.960897 0.371474 0.969231 0.417628 0.979487 0.459936 0.996154 0.459936 0.997436 0.008654 0.970513 0.007372
0 0.267949 0.015064 0.269872 0.045833 0.271154 0.10609 0.263462 0.136859 0.241026 0.171474 0.247436 0.21891 0.251282 0.257372 0.279487 0.313782 0.294872 0.300962 0.315385 0.265064 0.332051 0.241987 0.335897 0.21891 0.351923 0.215064 0.375 0.202244 0.388462 0.179167 0.389103 0.145833 0.387821 0.122756 0.413462 0.116346 0.375641 0.076603 0.35641 0.052244 0.34359 0.025321 0.342308 0.007372 0.275641 0.007372
0 0.082692 0.0125 0.098077 0.065064 0.103846 0.086859 0.108333 0.100962 0.122436 0.088141 0.123718 0.076603 0.14359 0.061218 0.15 0.035577 0.163462 0.008654 0.091026 0.00609
0 0.06859 0.008654 0.076923 0.038141 0.077564 0.081731 0.071154 0.079167 0.060256 0.079167 0.062179 0.095833 0.06859 0.140705 0.069231 0.191987 0.077564 0.244551 0.094231 0.283013 0.099359 0.30609 0.091026 0.329167 0.077564 0.334295 0.041667 0.338141 0.037821 0.338141 0.019872 0.300962 0.008974 0.257372 0.004487 0.215064 0.003205 0.181731 0.003205 0.135577 0.002564 0.00609
0 0.010897 0.466346 0.028846 0.500962 0.055128 0.526603 0.067308 0.526603 0.076282 0.583013 0.077564 0.589423 0.098718 0.570192 0.121795 0.613782 0.163462 0.66891 0.165385 0.711218 0.137179 0.71891 0.111538 0.674038 0.087821 0.638141 0.076923 0.645833 0.074359 0.695833 0.037821 0.715064 0.032051 0.700962 0.019872 0.659936 0.016026 0.654808 0.004487 0.676603 0.003205 0.597115 0.004487 0.499679
0 0.182051 0.270192 0.159615 0.300962 0.145513 0.325321 0.158333 0.372756 0.166026 0.404808 0.201282 0.397115 0.204487 0.35609 0.208974 0.322756 0.20641 0.297115 0.192949 0.283013
0 0.350641 0.334295 0.314744 0.374038 0.308333 0.402244 0.325641 0.461218 0.335256 0.453526 0.349359 0.41891 0.358333 0.385577 0.353846 0.350962
0 0.432692 0.711218 0.410256 0.740705 0.408333 0.788141 0.415385 0.825321 0.421795 0.847115 0.439103 0.859936 0.462179 0.816346 0.473077 0.803526 0.451923 0.744551
0 0.488462 0.821474 0.490385 0.871474 0.521795 0.916346 0.530128 0.898397 0.534615 0.871474 0.502564 0.831731
0 0.691667 0.635577 0.682051 0.677885 0.667308 0.7625 0.69359 0.8125 0.719231 0.784295 0.737179 0.729167 0.744231 0.697115 0.725 0.665064 0.697436 0.616346
0 0.823718 0.602244 0.775641 0.639423 0.770513 0.650962 0.80641 0.722756 0.800641 0.780449 0.823077 0.797115 0.837179 0.789423 0.857051 0.739423 0.853205 0.686859 0.85 0.653526
0 0.978205 0.665064 0.932692 0.739423 0.912179 0.785577 0.969872 0.822756 0.984615 0.793269 0.997436 0.76891 0.998077 0.679167 0.973718 0.654808
0 0.461538 0.149679 0.441667 0.161218 0.451282 0.200962 0.458974 0.21891 0.478205 0.216346 0.487179 0.195833 0.482692 0.175321
0 0.735897 0.867628 0.727564 0.91891 0.71859 0.933013 0.710256 0.980449 0.710897 0.994551 0.764103 0.994551 0.775641 0.926603 0.78141 0.880449 0.748077 0.874038
