0 0.055769 0.317628 0.048077 0.3625 0.03141 0.413782 0.038462 0.439423 0.051282 0.448397 0.060256 0.467628 0.057692 0.484295 0.050641 0.493269 0.039103 0.493269 0.039744 0.522756 0.057051 0.550962 0.077564 0.540705 0.09359 0.517628 0.098718 0.477885 0.103205 0.458654 0.126923 0.484295 0.13141 0.503526 0.151923 0.489423 0.148718 0.435577 0.139744 0.329167 0.133974 0.303526 0.10641 0.311218
0 0.927564 0.241987 0.904487 0.250962 0.89359 0.261218 0.905128 0.30609 0.912179 0.31891 0.920513 0.388141 0.920513 0.398397 0.89359 0.403526 0.884615 0.404808 0.866667 0.416346 0.874359 0.470192 0.874359 0.493269 0.873077 0.499679 0.90641 0.502244 0.934615 0.516346 0.962179 0.513782 0.983333 0.498397 0.998077 0.416346 0.994231 0.2625 0.963462 0.245833 0.949359 0.229167 0.933974 0.241987
0 0.635897 0.295833 0.607692 0.308654 0.587179 0.347115 0.600641 0.377885 0.583974 0.398397 0.564744 0.376603 0.564103 0.411218 0.564103 0.444551 0.561538 0.457372 0.553205 0.472756 0.571795 0.51891 0.595513 0.475321 0.608974 0.461218 0.635256 0.493269 0.648077 0.503526 0.664103 0.515064 0.733333 0.539423 0.738462 0.449679 0.728205 0.431731 0.703846 0.404808 0.704487 0.361218 0.714744 0.343269 0.707051 0.329167 0.679487 0.330449 0.670513 0.3125 0.667308 0.291987 0.654487 0.298397 0.644872 0.299679
0 0.321795 0.466346 0.310897 0.511218 0.312179 0.552244 0.321795 0.589423 0.367308 0.671474 0.375 0.681731 0.405769 0.663782 0.411538 0.615064 0.408974 0.544551 0.392949 0.491987 0.385256 0.472756 0.373718 0.454808 0.347436 0.475321 0.341667 0.475321 0.329487 0.45609
0 0.139744 0.583013 0.108333 0.608654 0.096154 0.630449 0.098718 0.671474 0.094231 0.711218 0.103205 0.749679 0.117308 0.76891 0.130128 0.779167 0.138462 0.791987 0.141667 0.793269 0.169231 0.775321 0.196154 0.752244 0.232692 0.698397 0.245513 0.665064 0.235256 0.638141 0.221795 0.621474 0.195513 0.607372 0.16859 0.598397 0.151923 0.580449
0 0.80641 0.786859 0.812821 0.800962 0.823077 0.825321 0.823077 0.840705 0.802564 0.845833 0.792949 0.8625 0.796154 0.916346 0.801282 0.957372 0.814103 0.980449 0.820513 0.989423 0.826923 0.993269 0.846795 0.993269 0.867949 0.948397 0.882051 0.893269 0.886538 0.861218 0.869872 0.829167 0.858333 0.7625 0.850641 0.730449 0.827564 0.758654 0.811538 0.766346
0 0.909615 0.589423 0.895513 0.604808 0.905769 0.677885 0.919872 0.713782 0.926923 0.713782 0.938462 0.704808 0.95641 0.681731 0.963462 0.654808 0.965385 0.620192 0.949359 0.598397 0.928205 0.590705 0.919872 0.579167
0 0.497436 0.739423 0.471795 0.75609 0.464744 0.776603 0.489744 0.825321 0.503846 0.839423 0.516026 0.853526 0.544231 0.850962 0.55641 0.820192 0.542949 0.7625 0.529487 0.731731 0.523718 0.717628
0 0.701282 0.879167 0.669872 0.893269 0.640385 0.904808 0.651923 0.959936 0.65641 0.985577 0.724359 0.991987 0.721795 0.934295 0.730769 0.885577 0.715385 0.8625
0 0.176923 0.845833 0.176282 0.884295 0.157051 0.904808 0.130128 0.917628 0.125 0.96891 0.139744 0.995833 0.173077 0.976603 0.189744 0.958654 0.207692 0.952244 0.227564 0.899679 0.240385 0.903526 0.260256 0.929167 0.272436 0.947115 0.3 0.967628 0.310256 0.931731 0.274359 0.872756 0.262179 0.86891 0.233333 0.833013 0.188462 0.85609
