0 0.117308 0.199679 0.108333 0.249679 0.174359 0.317628 0.200641 0.341987 0.228846 0.333013 0.26859 0.259936 0.273077 0.204808 0.271154 0.140705 0.254487 0.116346 0.228205 0.125321 0.227564 0.198397 0.219231 0.231731 0.194231 0.235577 0.192308 0.177885 0.194231 0.140705 0.153205 0.165064 0.132051 0.181731
0 0.345513 0.220192 0.317949 0.266346 0.297436 0.317628 0.325 0.381731 0.348077 0.400962 0.358974 0.458654 0.398718 0.463782 0.405769 0.380449 0.407692 0.295833 0.392308 0.222756 0.366026 0.227885
0 0.273077 0.475321 0.23141 0.495833 0.194872 0.534295 0.201923 0.622756 0.24359 0.670192 0.275 0.671474 0.290385 0.620192 0.296154 0.527885
0 0.498077 0.185577 0.477564 0.238141 0.496795 0.281731 0.507692 0.341987 0.517949 0.358654 0.519231 0.465064 0.614744 0.590705 0.635897 0.572756 0.628205 0.526603 0.634615 0.353526 0.633974 0.225321 0.621795 0.189423 0.577564 0.175321 0.525 0.186859
0 0.894872 0.572756 0.871795 0.600962 0.855128 0.630449 0.837821 0.672756 0.844872 0.688141 0.846795 0.772756 0.898077 0.744551 0.917308 0.680449 0.929487 0.621474 0.925641 0.599679 0.916026 0.583013
0 0.571154 0.722756 0.562821 0.765064 0.552564 0.795833 0.523077 0.829167 0.477564 0.899679 0.470513 0.991987 0.646154 0.990705 0.641667 0.936859 0.657692 0.891987 0.658333 0.808654 0.669231 0.745833 0.623077 0.758654 0.603205 0.724038 0.576282 0.715064
0 0.450641 0.649679 0.455769 0.744551 0.444872 0.779167 0.44359 0.822756 0.475641 0.807372 0.496795 0.693269 0.482051 0.658654 0.444872 0.641987
0 0.342949 0.683013 0.330128 0.729167 0.336538 0.748397 0.355128 0.771474 0.371154 0.786859 0.394872 0.785577 0.413462 0.745833 0.432051 0.685577 0.391667 0.689423 0.357051 0.677885
0 0.177564 0.859936 0.161538 0.885577 0.155128 0.944551 0.149359 0.993269 0.267949 0.991987 0.270513 0.967628 0.28141 0.948397 0.296154 0.935577 0.317949 0.853526 0.298718 0.809936 0.205128 0.81891
0 0.036538 0.900962 0.025641 0.931731 0.023077 0.986859 0.128205 0.994551 0.139744 0.957372 0.138462 0.904808 0.125641 0.872756 0.098077 0.874038 0.061538 0.899679 0.044231 0.889423
0 0.971154 0.670192 0.963462 0.709936 0.965385 0.745833 0.96859 0.798397 0.966026 0.816346 0.936538 0.808654 0.925 0.775321 0.897436 0.793269 0.921795 0.827885 0.93141 0.902244 0.887179 0.991987 0.996795 0.990705 0.996795 0.90609 0.983333 0.880449 0.996154 0.835577 0.997436 0.670192
