0 0.927564 0.047115 0.889103 0.071474 0.882051 0.122756 0.892308 0.165064 0.896795 0.2125 0.924359 0.290705 0.923718 0.327885 0.919872 0.349679 0.909615 0.409936 0.908974 0.466346 0.921154 0.499679 0.945513 0.545833 0.963462 0.552244 0.980769 0.540705 0.975641 0.457372 0.975641 0.397115 0.985897 0.357372 0.994872 0.333013 0.992949 0.270192 0.990385 0.152244 0.987179 0.088141 0.964744 0.047115 0.941667 0.045833
0 0.737821 0.109936 0.71859 0.166346 0.714744 0.215064 0.699359 0.235577 0.703846 0.267628 0.735256 0.227885 0.773718 0.198397 0.791026 0.161218 0.796795 0.140705 0.773077 0.121474 0.763462 0.109936 0.749359 0.111218
0 0.514744 0.057372 0.509615 0.125321 0.50641 0.175321 0.507051 0.203526 0.523718 0.20609 0.561538 0.1625 0.583333 0.133013 0.60641 0.154808 0.627564 0.233013 0.651923 0.215064 0.669231 0.191987 0.671795 0.154808 0.635897 0.0625 0.623718 0.044551 0.558333 0.049679 0.532051 0.047115
0 0.440385 0.230449 0.423718 0.277885 0.408974 0.322756 0.408974 0.350962 0.442308 0.381731 0.45 0.394551 0.494872 0.375321 0.514103 0.370192 0.544231 0.333013 0.553205 0.300962 0.512821 0.25609 0.484615 0.308654 0.474359 0.247115 0.457692 0.244551
0 0.576282 0.275321 0.567949 0.329167 0.6 0.386859 0.583333 0.453526 0.575641 0.485577 0.569872 0.517628 0.572436 0.545833 0.616667 0.511218 0.635256 0.495833 0.645513 0.457372 0.632692 0.365064 0.630128 0.280449 0.607051 0.266346 0.585897 0.280449
0 0.34359 0.430449 0.316667 0.420192 0.289744 0.376603 0.273077 0.420192 0.283974 0.499679 0.286538 0.527885 0.326923 0.507372 0.332692 0.533013 0.342949 0.600962 0.364103 0.585577 0.408974 0.557372 0.430769 0.525321 0.442308 0.491987 0.421795 0.443269 0.408974 0.429167 0.380128 0.445833 0.351282 0.439423
0 0.150641 0.109936 0.133974 0.180449 0.119872 0.194551 0.108974 0.222756 0.112179 0.26891 0.126282 0.298397 0.152564 0.303526 0.157692 0.313782 0.196154 0.30609 0.198077 0.267628 0.182692 0.225321 0.200641 0.141987 0.21859 0.226603 0.226282 0.254808 0.249359 0.235577 0.248077 0.16891 0.250641 0.138141 0.221154 0.1125 0.196795 0.091987 0.166026 0.089423
0 0.707051 0.566346 0.686538 0.613782 0.676282 0.681731 0.650641 0.70609 0.644872 0.7625 0.64359 0.781731 0.661538 0.824038 0.678846 0.844551 0.690385 0.859936 0.702564 0.779167 0.701923 0.711218 0.703205 0.641987 0.717308 0.602244 0.722436 0.554808 0.710897 0.553526
0 0.39359 0.854808 0.375 0.880449 0.383333 0.929167 0.395513 0.970192 0.400641 0.989423 0.488462 0.990705 0.477564 0.883013 0.449359 0.852244 0.416667 0.836859 0.405128 0.835577 0.398077 0.834295
0 0.070513 0.544551 0.028846 0.590705 0.025 0.621474 0.047436 0.691987 0.116667 0.6625 0.098077 0.602244 0.098077 0.549679 0.09359 0.535577
0 0.110897 0.877885 0.099359 0.922756 0.092308 0.948397 0.083974 0.989423 0.183974 0.991987 0.177564 0.935577 0.154487 0.899679 0.130769 0.880449
0 0.038462 0.065064 0.003846 0.076603 0.003846 0.171474 0.034615 0.188141 0.060897 0.184295 0.086538 0.153526 0.092308 0.079167 0.083974 0.065064 0.058974 0.065064 0.046795 0.06891
