0 0.689103 0.013782 0.683974 0.061218 0.673077 0.085577 0.685897 0.120192 0.707051 0.135577 0.723077 0.154808 0.767949 0.177885 0.792949 0.188141 0.817949 0.11891 0.828205 0.085577 0.799359 0.05609 0.785256 0.0125 0.778846 0.00609 0.698077 0.003526
0 0.819872 0.285577 0.794231 0.304808 0.792949 0.327885 0.797436 0.370192 0.798077 0.398397 0.799359 0.422756 0.814103 0.449679 0.83141 0.488141 0.842949 0.507372 0.865385 0.486859 0.890385 0.471474 0.887821 0.398397 0.88141 0.370192 0.857051 0.375321 0.850641 0.345833 0.833974 0.320192 0.825 0.297115
0 0.964103 0.409936 0.944231 0.427885 0.934615 0.439423 0.941667 0.470192 0.951923 0.483013 0.962179 0.477885 0.977564 0.450962 0.982051 0.435577 0.982051 0.411218
0 0.848077 0.521474 0.846795 0.543269 0.846795 0.594551 0.853205 0.607372 0.863462 0.6125 0.880769 0.609936 0.879487 0.588141 0.860897 0.567628 0.859615 0.535577 0.855128 0.511218
0 0.937821 0.624038 0.928205 0.661218 0.928846 0.690705 0.933333 0.698397 0.944231 0.707372 0.946154 0.683013 0.960897 0.658654 0.973718 0.631731 0.962179 0.630449 0.948077 0.631731
0 0.976282 0.691987 0.958333 0.700962 0.951282 0.720192 0.966026 0.726603 0.976923 0.736859 0.99359 0.738141 0.996795 0.699679
0 0.888462 0.817628 0.877564 0.833013 0.857692 0.834295 0.848718 0.825321 0.842308 0.804808 0.837821 0.854808 0.842308 0.871474 0.859615 0.899679 0.867308 0.913782 0.880769 0.922756 0.894872 0.903526 0.903205 0.863782 0.907051 0.827885 0.908333 0.807372
0 0.685897 0.593269 0.675 0.617628 0.659615 0.633013 0.630128 0.622756 0.621154 0.666346 0.619872 0.695833 0.612821 0.727885 0.611538 0.753526 0.60641 0.777885 0.603205 0.824038 0.610897 0.858654 0.617308 0.884295 0.646154 0.902244 0.644231 0.934295 0.647436 0.954808 0.661538 0.990705 0.748718 0.993269 0.755128 0.958654 0.746154 0.934295 0.726282 0.939423 0.700641 0.929167 0.691026 0.921474 0.680769 0.90609 0.675641 0.870192 0.677564 0.838141 0.689103 0.813782 0.714103 0.772756 0.739103 0.745833 0.754487 0.679167 0.757051 0.634295 0.74359 0.615064 0.719231 0.607372 0.705769 0.589423
0 0.489744 0.452244 0.477564 0.493269 0.457051 0.51891 0.454487 0.571474 0.453846 0.585577 0.473718 0.613782 0.490385 0.630449 0.510256 0.653526 0.528846 0.66891 0.558333 0.672756 0.561538 0.625321 0.573718 0.60609 0.583333 0.585577 0.578205 0.553526 0.577564 0.50609 0.598077 0.471474 0.586538 0.415064 0.566667 0.411218 0.553846 0.4125 0.520513 0.417628 0.513462 0.413782 0.513462 0.327885 0.514744 0.275321 0.532692 0.279167 0.545513 0.303526 0.563462 0.315064 0.585897 0.315064 0.592308 0.277885 0.59359 0.248397 0.589103 0.211218 0.562179 0.207372 0.525641 0.215064 0.517308 0.190705 0.532051 0.165064 0.534615 0.149679 0.521795 0.133013 0.499359 0.131731 0.464744 0.161218 0.45641 0.175321 0.461538 0.221474 0.471795 0.266346 0.480769 0.327885 0.476282 0.371474 0.462179 0.354808 0.455128 0.315064 0.452564 0.288141 0.441026 0.289423 0.437821 0.317628 0.433333 0.386859 0.439744 0.4125 0.457692 0.448397 0.466667 0.415064 0.471795 0.415064
0 0.555769 0.050962 0.567308 0.093269 0.558974 0.141987 0.576282 0.177885 0.578205 0.189423 0.598718 0.235577 0.612179 0.275321 0.627564 0.294551 0.644872 0.302244 0.679487 0.298397 0.694231 0.254808 0.680128 0.226603 0.679487 0.211218 0.682692 0.139423 0.671795 0.102244 0.651282 0.097115 0.637179 0.124038 0.637821 0.077885 0.640385 0.057372 0.610897 0.029167 0.607692 0.007372 0.559615 0.007372
0 0.392949 0.559936 0.367308 0.563782 0.348077 0.580449 0.345513 0.597115 0.345513 0.616346 0.336538 0.636859 0.325641 0.647115 0.328846 0.704808 0.341667 0.727885 0.350641 0.775321 0.35641 0.791987 0.370513 0.788141 0.382692 0.772756 0.390385 0.761218 0.398718 0.733013 0.413462 0.721474 0.392949 0.700962 0.373718 0.691987 0.36859 0.680449 0.36859 0.621474 0.382051 0.630449 0.387821 0.644551 0.392949 0.652244 0.403205 0.65609 0.421795 0.650962 0.435256 0.625321 0.435256 0.603526 0.417949 0.576603
0 0.328846 0.875321 0.314744 0.908654 0.30641 0.927885 0.302564 0.95609 0.3 0.971474 0.29359 0.989423 0.384615 0.991987 0.369231 0.959936 0.342949 0.911218
0 0.437821 0.817628 0.434615 0.865064 0.423718 0.889423 0.409615 0.877885 0.390385 0.897115 0.392949 0.938141 0.394872 0.9625 0.402564 0.991987 0.480128 0.993269 0.469231 0.967628 0.467308 0.911218 0.484615 0.926603 0.491667 0.95609 0.491667 0.974038 0.492308 0.988141 0.514744 0.988141 0.536538 0.963782 0.545513 0.925321 0.530769 0.889423 0.514103 0.867628 0.491667 0.854808 0.476282 0.839423 0.467308 0.80609
0 0.260256 0.684295 0.241667 0.720192 0.23141 0.703526 0.233333 0.677885 0.233333 0.658654 0.198718 0.661218 0.164744 0.703526 0.153205 0.699679 0.128205 0.7125 0.11859 0.736859 0.132051 0.777885 0.155769 0.779167 0.166026 0.803526 0.175 0.8125 0.198077 0.827885 0.204487 0.808654 0.223718 0.784295 0.242308 0.797115 0.241026 0.830449 0.269872 0.853526 0.287821 0.849679 0.298077 0.838141 0.308974 0.817628 0.299359 0.794551 0.283974 0.785577 0.270513 0.758654 0.264744 0.735577 0.273077 0.721474 0.28141 0.697115 0.280128 0.689423
0 0.003846 0.748397 0.008333 0.736859 0.009615 0.683013 0.017949 0.681731 0.039744 0.707372 0.054487 0.711218 0.078846 0.708654 0.089103 0.685577 0.101282 0.70609 0.1 0.745833 0.099359 0.774038 0.107051 0.795833 0.119872 0.802244 0.123718 0.802244 0.111538 0.843269 0.104487 0.883013 0.1 0.900962 0.085256 0.920192 0.070513 0.913782 0.052564 0.916346 0.048718 0.948397 0.044231 0.972756 0.054487 0.994551 0.001282 0.991987 0.002564 0.789423
0 0.005769 0.489423 0.019231 0.497115 0.039744 0.534295 0.053846 0.5625 0.08141 0.571474 0.108333 0.572756 0.128205 0.563782 0.139103 0.508654 0.154487 0.491987 0.164744 0.461218 0.167949 0.415064 0.167949 0.371474 0.158974 0.307372 0.151282 0.257372 0.133974 0.199679 0.098077 0.145833 0.072436 0.148397 0.063462 0.191987 0.064744 0.266346 0.066026 0.326603 0.076282 0.361218 0.053846 0.352244 0.033333 0.343269 0.037179 0.317628 0.024359 0.335577 0.001923 0.353526 0.000641 0.471474
0 0.187179 0.367628 0.172436 0.393269 0.183974 0.433013 0.187821 0.485577 0.192949 0.525321 0.210256 0.565064 0.255128 0.586859 0.279487 0.543269 0.282692 0.465064 0.308333 0.372756 0.316667 0.335577 0.316667 0.295833 0.322436 0.258654 0.344872 0.243269 0.389103 0.188141 0.405769 0.138141 0.395513 0.008654 0.330128 0.013782 0.301923 0.083013 0.300641 0.095833 0.292949 0.126603 0.287179 0.163782 0.255769 0.200962 0.248718 0.253526 0.244872 0.274038 0.232051 0.327885 0.234615 0.358654 0.21859 0.377885 0.204487 0.371474
0 0.116667 0.026603 0.110256 0.095833 0.117308 0.136859 0.13141 0.148397 0.162179 0.152244 0.173077 0.184295 0.165385 0.225321 0.203846 0.243269 0.228205 0.233013 0.25 0.184295 0.245513 0.113782 0.228846 0.133013 0.205128 0.133013 0.198718 0.077885 0.18141 0.038141 0.167308 0.004808 0.114744 0.013782
