0 0.520513 0.20609 0.514103 0.230449 0.483333 0.239423 0.471154 0.244551 0.480769 0.304808 0.498077 0.357372 0.516667 0.375321 0.553205 0.380449 0.566667 0.333013 0.56859 0.280449 0.583333 0.3125 0.59359 0.363782 0.596154 0.383013 0.580769 0.430449 0.56859 0.481731 0.598718 0.494551 0.642949 0.483013 0.676923 0.458654 0.696154 0.427885 0.719231 0.408654 0.708974 0.35609 0.692949 0.307372 0.691026 0.259936 0.646154 0.234295 0.56859 0.21891 0.548077 0.179167 0.537179 0.193269
0 0.570513 0.0125 0.566026 0.033013 0.548718 0.033013 0.538462 0.061218 0.532692 0.06891 0.536538 0.109936 0.539103 0.120192 0.580128 0.099679 0.616667 0.044551 0.639744 0.007372 0.576923 0.00609
0 0.760256 0.111218 0.750641 0.190705 0.742949 0.21891 0.728205 0.265064 0.717949 0.30609 0.719231 0.334295 0.730128 0.347115 0.764744 0.352244 0.794872 0.357372 0.840385 0.322756 0.851923 0.315064 0.841667 0.374038 0.839103 0.408654 0.871154 0.420192 0.887179 0.381731 0.946795 0.403526 0.965385 0.386859 0.973077 0.352244 0.983974 0.317628 0.991026 0.266346 0.972436 0.204808 0.933333 0.198397 0.898077 0.194551 0.886538 0.147115 0.878205 0.109936 0.847436 0.097115 0.789744 0.115064 0.773718 0.111218
0 0.370513 0.244551 0.362179 0.274038 0.335256 0.304808 0.329487 0.329167 0.317949 0.370192 0.323718 0.415064 0.332692 0.449679 0.359615 0.520192 0.41859 0.588141 0.501923 0.624038 0.569872 0.591987 0.522436 0.553526 0.489103 0.576603 0.465385 0.544551 0.45641 0.507372 0.425 0.461218 0.380128 0.426603 0.383974 0.363782 0.409615 0.331731 0.409615 0.289423 0.389744 0.238141
0 0.073077 0.158654 0.061538 0.216346 0.072436 0.249679 0.089744 0.291987 0.135256 0.2625 0.134615 0.235577 0.123077 0.177885 0.107051 0.147115 0.085897 0.161218
0 0.051923 0.4625 0.037179 0.489423 0.033333 0.508654 0.059615 0.609936 0.073718 0.643269 0.089103 0.679167 0.114744 0.636859 0.133333 0.598397 0.133974 0.543269 0.108333 0.540705 0.097436 0.489423 0.101923 0.457372 0.082692 0.465064
0 0.003205 0.120192 0.021154 0.163782 0.028205 0.202244 0.023077 0.283013 0.014103 0.327885 0.001282 0.339423
0 0.616026 0.739423 0.659615 0.750962 0.708974 0.734295 0.74359 0.697115 0.79359 0.641987 0.782692 0.744551 0.751282 0.877885 0.711538 0.921474 0.695513 0.990705 0.544231 0.993269 0.539744 0.940705 0.523718 0.893269 0.532051 0.858654 0.566026 0.839423 0.596795 0.833013 0.611538 0.766346
0 0.380128 0.729167 0.407051 0.754808 0.426923 0.774038 0.463462 0.838141 0.465385 0.902244 0.45 0.993269 0.347436 0.988141 0.348718 0.917628 0.346154 0.849679 0.360897 0.794551 0.366667 0.739423
0 0.819872 0.558654 0.848077 0.538141 0.890385 0.51891 0.915385 0.51891 0.967308 0.543269 0.998077 0.572756 0.99359 0.661218 0.939103 0.676603 0.903205 0.689423 0.858333 0.704808 0.841026 0.740705 0.828205 0.736859 0.821154 0.667628 0.812179 0.584295 0.813462 0.558654
0 0.894872 0.915064 0.928846 0.924038 0.95 0.907372 0.969872 0.893269 0.987179 0.904808 0.996154 0.90609 0.994231 0.988141 0.880769 0.990705 0.883974 0.943269
