0 0.962821 0.347115 0.944872 0.386859 0.898077 0.399679 0.889103 0.529167 0.911538 0.540705 0.952564 0.558654 0.979487 0.547115 0.997436 0.498397 0.998718 0.363782 0.980128 0.35609
0 0.778846 0.184295 0.707051 0.199679 0.725641 0.253526 0.733333 0.275321 0.719872 0.390705 0.728205 0.409936 0.734615 0.434295 0.799359 0.366346 0.810897 0.358654 0.823077 0.317628 0.814744 0.241987 0.802564 0.195833 0.800641 0.185577
0 0.437179 0.00609 0.440385 0.088141 0.457692 0.147115 0.5 0.158654 0.519231 0.109936 0.540385 0.063782 0.569231 0.007372
0 0.426282 0.222756 0.355128 0.286859 0.328846 0.316346 0.287821 0.335577 0.251923 0.383013 0.224359 0.426603 0.232051 0.444551 0.26859 0.484295 0.297436 0.507372 0.320513 0.471474 0.373718 0.420192 0.403846 0.381731 0.419872 0.36891 0.458974 0.384295 0.490385 0.349679 0.508974 0.317628 0.489103 0.244551 0.448077 0.267628 0.441026 0.250962
0 0.560897 0.115064 0.546154 0.186859 0.544231 0.243269 0.562179 0.258654 0.566667 0.321474 0.552564 0.376603 0.551923 0.440705 0.558333 0.461218 0.623718 0.504808 0.639744 0.481731 0.642308 0.426603 0.633333 0.386859 0.646795 0.345833 0.637821 0.307372 0.601282 0.252244 0.620513 0.216346 0.603205 0.195833 0.580769 0.152244 0.575641 0.122756 0.569231 0.1125
0 0.75 0.016346 0.776923 0.066346 0.830128 0.058654 0.832692 0.004808 0.75641 0.003526
0 0.837179 0.529167 0.812821 0.580449 0.794872 0.591987 0.780128 0.622756 0.780769 0.652244 0.790385 0.708654 0.787179 0.761218 0.792308 0.791987 0.857051 0.744551 0.864744 0.717628 0.862179 0.657372 0.867308 0.595833 0.863462 0.552244
0 0.665385 0.509936 0.646154 0.515064 0.65 0.579167 0.662821 0.590705 0.680769 0.603526 0.703846 0.565064 0.705769 0.544551
0 0.989103 0.661218 0.960897 0.661218 0.957051 0.665064 0.948718 0.713782 0.946795 0.748397 0.957692 0.785577 0.974359 0.81891 0.997436 0.845833 0.997436 0.659936
0 0.162179 0.633013 0.252564 0.6125 0.275 0.565064 0.283333 0.554808 0.358974 0.554808 0.363462 0.608654 0.400641 0.633013 0.438462 0.688141 0.485897 0.731731 0.587179 0.724038 0.625 0.804808 0.629487 0.826603 0.616026 0.9625 0.601923 0.994551 0.561538 0.948397 0.538462 0.971474 0.530769 0.986859 0.448077 0.995833 0.441026 0.941987 0.455128 0.867628 0.454487 0.827885 0.446795 0.797115 0.409615 0.738141 0.360256 0.691987 0.346795 0.703526 0.337179 0.798397 0.307051 0.861218 0.262179 0.831731 0.180769 0.758654 0.159615 0.717628
0 0.005128 0.46891 0.042949 0.470192 0.067308 0.393269 0.065385 0.331731 0.04359 0.291987 0.003846 0.298397
0 0.004487 0.193269 0.066026 0.213782 0.095513 0.081731 0.100641 0.021474 0.094231 0.003526 0.001282 0.00609
0 0.008974 0.780449 0.076923 0.767628 0.078205 0.780449 0.016026 0.963782 0.002564 0.995833 0.005128 0.865064
0 0.319231 0.897115 0.314744 0.983013 0.314103 0.991987 0.367308 0.984295 0.376923 0.925321 0.348077 0.885577
0 0.153205 0.949679 0.146154 0.981731 0.148077 0.994551 0.214103 0.990705 0.187821 0.949679 0.166026 0.949679
0 0.965385 0.927885 0.95 0.9625 0.934615 0.995833 0.985256 0.990705 0.978205 0.952244
