0 0.822016 0.216427 0.812866 0.247044 0.809347 0.274493 0.800197 0.29772 0.800197 0.306166 0.812162 0.32728 0.82272 0.341005 0.838908 0.358953 0.860023 0.365287 0.874099 0.335726 0.886064 0.329392 0.900845 0.329392 0.902956 0.316723 0.893806 0.3125 0.900141 0.292441 0.908587 0.282939 0.926886 0.263936 0.926886 0.249155 0.912106 0.233319 0.904364 0.226985 0.889583 0.241765 0.876914 0.243877 0.866357 0.244932 0.857911 0.241765 0.850873 0.225929 0.838204 0.233319 0.831869 0.226985
0 0.945186 0.257601 0.955743 0.273438 0.950816 0.285051 0.940259 0.299831 0.925479 0.310389 0.922663 0.324113 0.931813 0.325169 0.94237 0.317779 0.954336 0.322002 0.962078 0.309333 0.968412 0.298775 0.97897 0.298775 0.9846 0.281883 0.977562 0.273438 0.963485 0.276605 0.957855 0.251267 0.954336 0.244932
0 0.484882 0.22065 0.479251 0.242821 0.470101 0.254434 0.466582 0.271326 0.471509 0.285051 0.479251 0.295608 0.486993 0.300887 0.501774 0.287162 0.513035 0.273438 0.530631 0.26288 0.53415 0.247044 0.524296 0.230152 0.508812 0.226985 0.497551 0.224873
0 0.539077 0.256546 0.531334 0.269215 0.521481 0.294552 0.51585 0.3125 0.520777 0.331503 0.529223 0.336782 0.546115 0.330448 0.563711 0.314611 0.574972 0.299831 0.590456 0.285051 0.598902 0.269215 0.575676 0.271326 0.566526 0.278716 0.553857 0.287162 0.551042 0.278716 0.551042 0.25549
0 0.111149 0.117188 0.084403 0.146748 0.088626 0.178421 0.10411 0.193201 0.112556 0.204814 0.119595 0.206926 0.128744 0.228041 0.12241 0.251267 0.105518 0.256546 0.092145 0.2481 0.094961 0.290329 0.097072 0.29772 0.111852 0.301943 0.118891 0.328336 0.137894 0.330448 0.142117 0.334671 0.154082 0.344172 0.166751 0.363176 0.184347 0.381123 0.20335 0.382179 0.213204 0.372677 0.215315 0.337838 0.217427 0.309333 0.213908 0.276605 0.199831 0.250211 0.186458 0.226985 0.16464 0.224873 0.156194 0.215372 0.159713 0.186867 0.163232 0.157306 0.147748 0.124578 0.113964 0.096073
0 0.034431 0.385346 0.019651 0.394848 0.017539 0.410684 0.025985 0.423353 0.04147 0.440245 0.057658 0.456081 0.068215 0.472973 0.092145 0.491976 0.109741 0.499367 0.13156 0.496199 0.125225 0.481419 0.109037 0.452914 0.090034 0.436022 0.068919 0.412796 0.055546 0.398015 0.047804 0.390625
0 0.895214 0.358953 0.883953 0.385346 0.876914 0.410684 0.862838 0.436022 0.851577 0.451858 0.833277 0.455025 0.845242 0.485642 0.874099 0.495144 0.895918 0.50359 0.913514 0.51837 0.921959 0.531039 0.974043 0.531039 0.992342 0.500422 0.994454 0.470861 0.996565 0.440245 0.997973 0.30511 0.985304 0.316723 0.976154 0.336782 0.967708 0.353674 0.955743 0.368454 0.94237 0.373733 0.923367 0.360008 0.912106 0.360008
0 0.641836 0.26288 0.63339 0.276605 0.634797 0.298775 0.641132 0.302998 0.653801 0.31989 0.667173 0.332559 0.683361 0.349451 0.696734 0.366343 0.715738 0.3769 0.725591 0.380068 0.728407 0.371622 0.73263 0.334671 0.738964 0.31989 0.752337 0.307221 0.760783 0.295608 0.749521 0.278716 0.73826 0.281883 0.728407 0.276605 0.731222 0.291385 0.724184 0.306166 0.718553 0.298775 0.705884 0.302998 0.707292 0.313556 0.715034 0.332559 0.707995 0.333615 0.694623 0.326225 0.684769 0.309333 0.678435 0.291385 0.668581 0.272382 0.652393 0.267103
0 0.686881 0.190034 0.675619 0.214316 0.672804 0.244932 0.678435 0.273438 0.688288 0.291385 0.707292 0.27027 0.72348 0.230152 0.746002 0.203758 0.750225 0.17103 0.720664 0.152027 0.704476 0.162584 0.698846 0.183699
0 0.61509 0.363176 0.601014 0.358953 0.582714 0.366343 0.575676 0.374789 0.564414 0.368454 0.551042 0.370566 0.537669 0.381123 0.534854 0.387458 0.546819 0.40435 0.565822 0.409628 0.577787 0.403294 0.596087 0.401182 0.622832 0.40435 0.634797 0.380068 0.630574 0.363176
0 0.273733 0.299831 0.263176 0.322002 0.280771 0.334671 0.295552 0.344172 0.319482 0.349451 0.332855 0.368454 0.32089 0.333615 0.312444 0.320946 0.297663 0.3125 0.284994 0.30511
0 0.343412 0.314611 0.327928 0.320946 0.32652 0.32728 0.327928 0.351562 0.343412 0.372677 0.352562 0.384291 0.368046 0.386402 0.384234 0.377956 0.402534 0.391681 0.417314 0.398015 0.42013 0.366343 0.410276 0.344172 0.411684 0.317779 0.45884 0.287162 0.461655 0.264992 0.446875 0.247044 0.407461 0.260769 0.389865 0.272382 0.380715 0.283995 0.367342 0.302998 0.376492 0.322002 0.363823 0.330448 0.351154 0.323057
0 0.213908 0.410684 0.182939 0.409628 0.176605 0.408573 0.186458 0.440245 0.199831 0.455025 0.216019 0.455025 0.240653 0.441301 0.244876 0.427576
