0 0.804487 0.144551 0.750641 0.197115 0.724359 0.222756 0.70641 0.224038 0.714103 0.297115 0.717308 0.399679 0.714744 0.40609 0.78141 0.359936 0.837821 0.294551 0.860256 0.240705 0.86859 0.204808 0.845513 0.167628 0.814744 0.143269
0 0.376923 0.01891 0.405128 0.120192 0.425 0.1625 0.471795 0.186859 0.519872 0.222756 0.536538 0.181731 0.538462 0.089423 0.538462 0.036859 0.541667 0.00609 0.387179 0.00609
0 0.302564 0.236859 0.26859 0.313782 0.264103 0.380449 0.236538 0.444551 0.241667 0.517628 0.25641 0.574038 0.296795 0.626603 0.319231 0.61891 0.341026 0.549679 0.349359 0.481731 0.365385 0.471474 0.369872 0.575321 0.399359 0.581731 0.433333 0.517628 0.442308 0.467628 0.414103 0.417628 0.389744 0.417628 0.384615 0.352244 0.38141 0.311218 0.345513 0.308654 0.347436 0.257372 0.364744 0.222756 0.324359 0.230449 0.29359 0.231731
0 0.110897 0.193269 0.082692 0.226603 0.051282 0.254808 0.038462 0.302244 0.035256 0.403526 0.034615 0.453526 0.100641 0.549679 0.114744 0.549679 0.153846 0.502244 0.183974 0.439423 0.191667 0.384295 0.152564 0.391987 0.139103 0.374038 0.138462 0.300962 0.148077 0.239423 0.145513 0.185577 0.139103 0.166346
0 0.184615 0.781731 0.184615 0.81891 0.205769 0.861218 0.210897 0.916346 0.237179 0.926603 0.257051 0.889423 0.251923 0.807372 0.234615 0.777885 0.210256 0.774038
0 0.270513 0.709936 0.271795 0.757372 0.301923 0.798397 0.30641 0.843269 0.326282 0.794551 0.319231 0.748397 0.291667 0.722756 0.277564 0.697115
0 0.414744 0.776603 0.344872 0.807372 0.330128 0.843269 0.342949 0.904808 0.408974 0.936859 0.449359 0.889423 0.454487 0.85609 0.457692 0.798397 0.421154 0.740705
0 0.557051 0.626603 0.559615 0.730449 0.561538 0.809936 0.595513 0.763782 0.63141 0.740705 0.660256 0.767628 0.692949 0.765064 0.714103 0.666346 0.725641 0.607372 0.713462 0.583013 0.648077 0.598397 0.611538 0.585577 0.591026 0.575321 0.562821 0.608654 0.550641 0.608654
0 0.558974 0.353526 0.570513 0.424038 0.571154 0.441987 0.599359 0.508654 0.611538 0.376603 0.603846 0.361218
0 0.498718 0.795833 0.492949 0.81891 0.516667 0.872756 0.521795 0.911218 0.526282 0.925321 0.557051 0.920192 0.597436 0.857372 0.562179 0.835577 0.507692 0.784295
0 0.858974 0.807372 0.816026 0.831731 0.776923 0.879167 0.747436 0.895833 0.716026 0.911218 0.686538 0.924038 0.676282 0.991987 0.85641 0.988141 0.888462 0.945833 0.904487 0.924038 0.892949 0.885577 0.871154 0.813782
0 0.924359 0.352244 0.839744 0.429167 0.798718 0.463782 0.794231 0.508654 0.804487 0.515064 0.845513 0.55609 0.808333 0.595833 0.798077 0.570192 0.813462 0.750962 0.829487 0.7625 0.862179 0.758654 0.886538 0.758654 0.901282 0.691987 0.882692 0.581731 0.871795 0.535577 0.901923 0.536859 0.917949 0.627885 0.935897 0.730449 0.963462 0.795833 0.983333 0.800962 0.994872 0.765064 0.996795 0.508654 0.961538 0.454808 0.958974 0.404808 0.939103 0.361218
