0 0.625 0.004808 0.752564 0.000962 0.803205 0.043269 0.828846 0.095833 0.852564 0.15609 0.88141 0.148397 0.925641 0.074038 0.935256 0.004808 0.996795 0.004808 0.996154 0.271474 0.969231 0.2625 0.95641 0.259936 0.951282 0.284295 0.96859 0.30609 0.980769 0.388141 0.908974 0.4625 0.890385 0.389423 0.864103 0.277885 0.825 0.348397 0.771154 0.374038 0.715385 0.36891 0.673077 0.325321 0.664103 0.238141 0.642308 0.154808 0.626282 0.093269 0.626282 0.045833
0 0.082692 0.258654 0.146154 0.194551 0.177564 0.135577 0.192949 0.130449 0.203205 0.179167 0.216667 0.213782 0.238462 0.222756 0.244872 0.186859 0.269872 0.183013 0.269231 0.25609 0.280128 0.309936 0.308333 0.400962 0.344872 0.599679 0.329487 0.66891 0.308333 0.700962 0.280769 0.65609 0.266026 0.554808 0.235256 0.430449 0.221154 0.325321 0.189103 0.388141 0.157692 0.420192 0.110256 0.449679 0.090385 0.394551 0.087821 0.341987 0.053846 0.344551 0.038462 0.281731 0.08141 0.280449
0 0.004487 0.681731 0.011538 0.665064 0.025641 0.624038 0.083333 0.638141 0.108974 0.7625 0.136538 0.794551 0.130769 0.738141 0.124359 0.684295 0.148077 0.66891 0.19359 0.679167 0.213462 0.707372 0.230128 0.788141 0.204487 0.848397 0.203205 0.9125 0.204487 0.979167 0.18141 0.979167 0.142308 0.941987 0.112179 0.921474 0.078846 0.858654 0.039744 0.854808 0.002564 0.884295 0.002564 0.702244
0 0.237179 0.800962 0.267308 0.774038 0.323718 0.795833 0.33141 0.824038 0.319231 0.959936 0.319872 0.995833 0.219231 0.995833 0.214744 0.945833 0.212179 0.891987 0.221154 0.863782 0.229487 0.835577
0 0.408974 0.734295 0.416667 0.785577 0.434615 0.821474 0.455769 0.8625 0.467308 0.879167 0.522436 0.890705 0.550641 0.872756 0.546154 0.821474 0.569872 0.788141 0.582692 0.771474 0.554487 0.683013 0.520513 0.641987 0.500641 0.665064 0.463462 0.643269 0.451923 0.703526 0.41859 0.70609
0 0.839103 0.635577 0.814744 0.699679 0.8 0.750962 0.822436 0.825321 0.830769 0.854808 0.837179 0.880449 0.879487 0.915064 0.95641 0.984295 0.995513 0.979167 0.995513 0.586859 0.984615 0.549679 0.964744 0.511218 0.929487 0.544551 0.90641 0.576603 0.921154 0.699679 0.95641 0.684295 0.974359 0.733013 0.976282 0.821474 0.969872 0.830449 0.873077 0.729167 0.855128 0.685577
0 0.089103 0.015064 0.1 0.044551 0.13141 0.067628 0.146795 0.058654 0.164103 0.00609 0.095513 0.004808
0 0.378846 0.959936 0.397436 0.945833 0.420513 0.930449 0.454487 0.917628 0.471795 0.929167 0.473718 0.976603 0.469872 0.994551 0.373077 0.995833
0 0.528846 0.395833 0.525 0.436859 0.517949 0.486859 0.527564 0.520192 0.549359 0.545833 0.560256 0.550962 0.560256 0.520192 0.583333 0.450962 0.575641 0.40609
0 0.711538 0.733013 0.678846 0.734295 0.669231 0.735577 0.682692 0.784295 0.699359 0.863782 0.728205 0.875321 0.740385 0.841987 0.747436 0.724038
0 0.432051 0.117628 0.364744 0.224038 0.388462 0.326603 0.39359 0.36891 0.400641 0.422756 0.422436 0.438141 0.438462 0.421474 0.423077 0.35609 0.403846 0.331731 0.403205 0.31891 0.412179 0.279167 0.451923 0.213782 0.470513 0.129167 0.477564 0.104808 0.45641 0.103526
0 0.536538 0.072756 0.525 0.166346 0.528846 0.272756 0.528205 0.297115 0.547436 0.283013 0.571795 0.089423 0.557692 0.0625
