0 0.433333 0.01891 0.411538 0.048397 0.404487 0.100962 0.405769 0.126603 0.416026 0.188141 0.433974 0.227885 0.453205 0.233013 0.462821 0.227885 0.496154 0.190705 0.519872 0.130449 0.545513 0.077885 0.546795 0.007372 0.439744 0.002244
0 0.630769 0.020192 0.630769 0.06891 0.605128 0.109936 0.612821 0.122756 0.636538 0.107372 0.655769 0.06891 0.684615 0.004808 0.637821 0.003526
0 0.730128 0.029167 0.707051 0.061218 0.710897 0.100962 0.732692 0.126603 0.747436 0.165064 0.760897 0.163782 0.769872 0.136859 0.789103 0.089423 0.798077 0.057372 0.794872 0.038141 0.780769 0.00609 0.737179 0.013782
0 0.848077 0.0125 0.851923 0.098397 0.837821 0.204808 0.879487 0.2125 0.883333 0.153526 0.900641 0.136859 0.929487 0.16891 0.935897 0.184295 0.964744 0.190705 0.996154 0.153526 0.996795 0.00609 0.864103 0.00609
0 0.733974 0.281731 0.679487 0.331731 0.678205 0.353526 0.692949 0.4125 0.682051 0.500962 0.696795 0.51891 0.739744 0.467628 0.766667 0.452244 0.786538 0.436859 0.783333 0.386859 0.771795 0.325321 0.766667 0.291987 0.760256 0.2625 0.755769 0.267628 0.726923 0.286859
0 0.522436 0.203526 0.510897 0.317628 0.539744 0.372756 0.530128 0.433013 0.548077 0.597115 0.590385 0.579167 0.582692 0.459936 0.583333 0.415064 0.58141 0.390705 0.567308 0.361218 0.573718 0.31891 0.582051 0.285577 0.548077 0.234295 0.535897 0.199679
0 0.377564 0.330449 0.328205 0.379167 0.291667 0.425321 0.249359 0.443269 0.207692 0.486859 0.177564 0.530449 0.216026 0.574038 0.242308 0.579167 0.255769 0.583013 0.285897 0.558654 0.341667 0.5125 0.387179 0.4125 0.410897 0.391987 0.420513 0.449679 0.454487 0.430449 0.482051 0.391987 0.455769 0.344551 0.416667 0.349679 0.401282 0.341987
0 0.003846 0.015064 0.033333 0.053526 0.060256 0.099679 0.069231 0.177885 0.054487 0.259936 0.023718 0.302244 0.002564 0.300962 0.003846 0.0625
0 0.007051 0.36891 0.025641 0.399679 0.029487 0.404808 0.050641 0.454808 0.003205 0.579167 0.002564 0.4125
0 0.232051 0.65609 0.221795 0.695833 0.179487 0.707372 0.154487 0.726603 0.132051 0.735577 0.132692 0.793269 0.157692 0.839423 0.200641 0.908654 0.251923 0.965064 0.287179 0.944551 0.316026 0.839423 0.326923 0.7625 0.382692 0.844551 0.421154 0.898397 0.421795 0.989423 0.589744 0.991987 0.588462 0.886859 0.552564 0.822756 0.469872 0.802244 0.410256 0.785577 0.386538 0.757372 0.337821 0.713782 0.316026 0.65609 0.286538 0.647115 0.251923 0.648397 0.222436 0.666346
0 0.645513 0.615064 0.603205 0.585577 0.600641 0.649679 0.598718 0.672756 0.6 0.683013 0.61859 0.694551 0.633974 0.70609 0.671154 0.645833 0.666667 0.631731
0 0.796795 0.599679 0.778846 0.666346 0.754487 0.688141 0.738462 0.729167 0.758974 0.791987 0.753846 0.847115 0.754487 0.867628 0.788462 0.847115 0.80641 0.829167 0.817949 0.800962 0.820513 0.699679 0.816026 0.635577 0.825 0.585577 0.821795 0.558654
0 0.924359 0.434295 0.884615 0.481731 0.857051 0.521474 0.852564 0.585577 0.851923 0.6125 0.853846 0.621474 0.878205 0.636859 0.902564 0.648397 0.926282 0.647115 0.948718 0.622756 0.963462 0.530449 0.967308 0.476603 0.946154 0.450962
0 0.975 0.740705 0.910897 0.76891 0.933333 0.874038 0.942949 0.908654 0.996154 0.903526 0.998718 0.750962
