0 0.055769 0.122756 0.022436 0.154808 0.024359 0.183013 0.037821 0.238141 0.058333 0.329167 0.080128 0.350962 0.110256 0.365064 0.136538 0.363782 0.166667 0.329167 0.198077 0.250962 0.204487 0.204808 0.205128 0.145833 0.180769 0.058654 0.169231 0.00609 0.083974 0.003526 0.092308 0.045833 0.102564 0.094551 0.108333 0.117628 0.108333 0.145833 0.083333 0.145833 0.070513 0.143269 0.064744 0.120192
0 0.222436 0.161218 0.210256 0.172756 0.211538 0.216346 0.216667 0.252244 0.221154 0.302244 0.228846 0.340705 0.257051 0.36891 0.278846 0.385577 0.294872 0.379167 0.317949 0.307372 0.333974 0.244551 0.339744 0.190705 0.351923 0.144551 0.352564 0.108654 0.351923 0.053526 0.365385 0.030449 0.391026 0.01891 0.401282 0.003526 0.269231 0.008654 0.266667 0.020192 0.279487 0.074038 0.262821 0.084295 0.223718 0.091987 0.238462 0.126603 0.267308 0.115064 0.262821 0.175321 0.247436 0.176603 0.219231 0.180449
0 0.460256 0.061218 0.454487 0.121474 0.466667 0.207372 0.477564 0.265064 0.489103 0.274038 0.498718 0.226603 0.503205 0.180449 0.495513 0.116346 0.495513 0.080449 0.477564 0.063782
0 0.489744 0.0125 0.505769 0.066346 0.508333 0.116346 0.512179 0.198397 0.509615 0.220192 0.511538 0.236859 0.508974 0.2625 0.494231 0.286859 0.478205 0.334295 0.469872 0.375321 0.485897 0.395833 0.522436 0.426603 0.56859 0.450962 0.598718 0.425321 0.616667 0.371474 0.612179 0.327885 0.611538 0.277885 0.619872 0.227885 0.612821 0.20609 0.580769 0.220192 0.549359 0.208654 0.546154 0.149679 0.544231 0.072756 0.55641 0.071474 0.575641 0.088141 0.589103 0.099679 0.601923 0.095833 0.616026 0.0625 0.633974 0.06891 0.667308 0.090705 0.691667 0.090705 0.734615 0.070192 0.725 0.024038 0.710256 0.004808 0.497436 0.007372
0 0.714744 0.377885 0.696795 0.404808 0.666667 0.411218 0.649359 0.480449 0.644231 0.5125 0.635256 0.584295 0.640385 0.652244 0.663462 0.685577 0.680128 0.727885 0.68141 0.743269 0.69359 0.807372 0.696154 0.838141 0.691667 0.909936 0.689103 0.922756 0.71859 0.930449 0.744231 0.907372 0.782051 0.85609 0.789103 0.808654 0.79359 0.753526 0.788462 0.726603 0.757692 0.725321 0.730769 0.725321 0.710897 0.684295 0.712821 0.638141 0.744231 0.563782 0.769872 0.524038 0.777564 0.479167 0.760256 0.397115 0.727564 0.384295
0 0.837179 0.090705 0.821795 0.136859 0.830769 0.191987 0.833333 0.243269 0.860897 0.254808 0.871795 0.290705 0.88141 0.307372 0.904487 0.267628 0.917949 0.26891 0.923077 0.241987 0.919231 0.175321 0.89359 0.157372 0.878205 0.139423 0.866667 0.094551 0.855128 0.061218 0.842308 0.100962
0 0.452564 0.357372 0.419231 0.371474 0.391667 0.367628 0.373077 0.397115 0.367949 0.431731 0.361538 0.4625 0.360256 0.5125 0.369872 0.540705 0.382051 0.558654 0.411538 0.579167 0.422436 0.570192 0.435897 0.499679 0.435897 0.491987 0.408333 0.484295 0.395513 0.476603 0.403205 0.420192 0.407692 0.413782 0.424359 0.445833 0.439744 0.445833 0.460897 0.435577 0.466026 0.402244 0.465385 0.371474
0 0.180769 0.470192 0.157051 0.503526 0.150641 0.51891 0.167949 0.563782 0.209615 0.591987 0.248077 0.598397 0.263462 0.565064 0.269231 0.602244 0.278846 0.621474 0.33141 0.643269 0.349359 0.604808 0.319872 0.575321 0.301923 0.549679 0.292949 0.529167 0.305769 0.500962 0.304487 0.483013 0.28141 0.499679 0.264744 0.520192 0.254487 0.504808 0.263462 0.450962 0.229487 0.454808 0.207051 0.475321 0.189744 0.467628
0 0.037821 0.484295 0.033974 0.526603 0.022436 0.545833 0.024359 0.586859 0.025 0.621474 0.019872 0.677885 0.019231 0.717628 0.020513 0.788141 0.028205 0.815064 0.042308 0.825321 0.082692 0.849679 0.090385 0.849679 0.099359 0.886859 0.116667 0.902244 0.142949 0.940705 0.153205 0.931731 0.180769 0.886859 0.194231 0.877885 0.198077 0.830449 0.189744 0.770192 0.171154 0.75609 0.154487 0.766346 0.142308 0.80609 0.117949 0.829167 0.103846 0.804808 0.083974 0.763782 0.075 0.738141 0.089744 0.709936 0.108333 0.713782 0.121795 0.686859 0.141667 0.615064 0.141667 0.599679 0.127564 0.55609 0.127564 0.525321 0.120513 0.499679 0.083974 0.50609 0.072436 0.503526 0.058333 0.485577 0.051282 0.472756
0 0.357051 0.686859 0.337179 0.708654 0.333333 0.734295 0.330769 0.788141 0.337179 0.820192 0.357051 0.826603 0.377564 0.800962 0.380128 0.763782 0.377564 0.70609 0.372436 0.693269
0 0.471154 0.624038 0.471154 0.677885 0.442949 0.686859 0.434615 0.709936 0.43141 0.758654 0.434615 0.777885 0.439103 0.799679 0.438462 0.822756 0.448077 0.866346 0.452564 0.876603 0.496795 0.8625 0.553846 0.804808 0.580769 0.759936 0.574359 0.713782 0.552564 0.686859 0.510256 0.629167 0.497436 0.615064
0 0.634615 0.76891 0.597436 0.831731 0.589744 0.848397 0.616667 0.885577 0.646795 0.902244 0.65641 0.890705 0.669872 0.848397 0.678846 0.825321 0.671795 0.790705 0.642949 0.776603
0 0.909615 0.634295 0.88141 0.627885 0.869872 0.615064 0.865385 0.679167 0.896795 0.709936 0.923077 0.716346 0.930769 0.649679 0.935256 0.615064 0.915385 0.627885
0 0.358333 0.933013 0.357692 0.971474 0.349359 0.977885 0.341667 0.991987 0.398718 0.993269 0.389103 0.966346 0.376282 0.938141 0.366026 0.922756
