0 0.542949 0.020192 0.535256 0.049679 0.530128 0.081731 0.523718 0.085577 0.511538 0.072756 0.484615 0.117628 0.478846 0.183013 0.460256 0.165064 0.45 0.133013 0.412179 0.184295 0.389103 0.270192 0.423718 0.339423 0.439744 0.365064 0.452564 0.471474 0.453205 0.489423 0.486538 0.524038 0.501282 0.536859 0.526282 0.484295 0.542308 0.411218 0.548718 0.366346 0.55641 0.329167 0.582692 0.341987 0.594872 0.340705 0.615385 0.320192 0.612179 0.2625 0.616667 0.229167 0.686538 0.194551 0.721154 0.184295 0.741667 0.117628 0.727564 0.011218 0.551923 0.004808
0 0.264103 0.009936 0.26859 0.070192 0.242308 0.081731 0.23141 0.124038 0.226923 0.229167 0.214744 0.2625 0.217949 0.370192 0.25 0.447115 0.271154 0.453526 0.3 0.445833 0.323718 0.4125 0.349359 0.324038 0.365385 0.233013 0.333333 0.217628 0.316667 0.199679 0.305769 0.185577 0.307051 0.152244 0.323718 0.088141 0.33141 0.048397 0.341026 0.009936
0 0.08141 0.0625 0.053846 0.116346 0.099359 0.209936 0.153205 0.208654 0.155128 0.140705 0.132692 0.086859 0.111538 0.053526
0 0.008333 0.421474 0.037821 0.434295 0.071795 0.450962 0.096795 0.450962 0.120513 0.445833 0.138462 0.467628 0.135256 0.565064 0.140385 0.607372 0.139744 0.647115 0.121795 0.681731 0.087179 0.720192 0.053846 0.700962 0.013462 0.667628 0.001923 0.630449
0 0.003846 0.824038 0.028205 0.827885 0.048077 0.845833 0.055128 0.863782 0.048718 0.904808 0.038462 0.925321 0.019872 0.947115 0.005769 0.96891
0 0.269872 0.61891 0.257051 0.739423 0.255128 0.824038 0.261538 0.857372 0.244231 0.904808 0.226923 0.935577 0.220513 0.949679 0.219872 0.959936 0.24359 0.983013 0.286538 0.963782 0.305769 0.925321 0.307051 0.849679 0.338462 0.794551 0.355128 0.867628 0.378205 0.85609 0.414103 0.822756 0.441667 0.808654 0.455769 0.838141 0.45641 0.889423 0.465385 0.948397 0.476282 0.983013 0.658974 0.993269 0.677564 0.880449 0.682692 0.789423 0.64359 0.729167 0.562179 0.785577 0.525641 0.835577 0.515385 0.794551 0.488462 0.725321 0.494872 0.665064 0.503846 0.61891 0.49359 0.608654 0.447436 0.590705 0.432692 0.590705 0.413462 0.641987 0.396795 0.677885 0.367308 0.6625 0.349359 0.580449 0.310256 0.598397
0 0.676282 0.441987 0.664744 0.490705 0.644231 0.585577 0.63141 0.667628 0.682692 0.717628 0.714744 0.748397 0.75 0.75609 0.775641 0.724038 0.796795 0.688141 0.823718 0.681731 0.845513 0.672756 0.884615 0.654808 0.927564 0.724038 0.955128 0.703526 0.992308 0.675321 0.996795 0.430449 0.971795 0.429167 0.945513 0.395833 0.912179 0.336859 0.869231 0.331731 0.846154 0.349679 0.801282 0.427885 0.749359 0.467628 0.719231 0.445833
0 0.937179 0.270192 0.910897 0.298397 0.925 0.357372 0.95 0.330449 0.971154 0.352244 0.996795 0.397115 0.997436 0.283013 0.964103 0.25609
0 0.989103 0.0125 0.974359 0.065064 0.973077 0.097115 0.973077 0.139423 0.976923 0.165064 0.996795 0.188141 0.997436 0.017628
0 0.835256 0.884295 0.815385 0.927885 0.805769 0.945833 0.787821 0.95609 0.767308 0.972756 0.769231 0.994551 0.99359 0.991987 0.975 0.939423 0.916026 0.894551 0.86859 0.8625 0.810897 0.871474
