0 0.782692 0.300962 0.775 0.350962 0.765385 0.354808 0.75 0.338141 0.753846 0.386859 0.752564 0.408654 0.728205 0.441987 0.675 0.420192 0.687179 0.515064 0.696154 0.561218 0.698718 0.631731 0.712821 0.676603 0.733333 0.699679 0.750641 0.665064 0.767949 0.691987 0.775 0.753526 0.775 0.780449 0.797436 0.788141 0.803205 0.771474 0.811538 0.689423 0.803205 0.629167 0.803846 0.583013 0.805769 0.5125 0.810256 0.470192 0.816026 0.459936 0.829487 0.435577 0.819231 0.408654 0.833333 0.36891 0.851282 0.35609 0.864744 0.315064 0.842308 0.303526
0 0.534615 0.007372 0.523077 0.057372 0.532051 0.06891 0.545513 0.115064 0.566026 0.131731 0.566026 0.170192 0.589744 0.267628 0.604487 0.265064 0.629487 0.254808 0.642308 0.248397 0.655128 0.229167 0.660256 0.184295 0.678846 0.184295 0.702564 0.2125 0.760897 0.248397 0.762821 0.238141 0.758974 0.175321 0.758974 0.117628 0.749359 0.131731 0.71859 0.134295 0.676282 0.124038 0.661538 0.075321 0.637821 0.090705 0.621795 0.108654 0.601282 0.071474 0.6 0.039423 0.617308 0.004808
0 0.471154 0.1125 0.455769 0.158654 0.432692 0.188141 0.411538 0.195833 0.408974 0.229167 0.405769 0.295833 0.394872 0.339423 0.45 0.324038 0.471795 0.291987 0.486538 0.250962 0.483974 0.195833 0.470513 0.167628 0.477564 0.120192 0.480769 0.100962
0 0.076923 0.00609 0.094872 0.017628 0.10641 0.020192 0.107051 0.049679 0.100641 0.072756 0.102564 0.153526 0.141026 0.134295 0.161538 0.116346 0.189103 0.00609
0 0.125 0.241987 0.116667 0.308654 0.069231 0.376603 0.050641 0.408654 0.079487 0.416346 0.101923 0.420192 0.125641 0.421474 0.151923 0.430449 0.215385 0.399679 0.212179 0.340705 0.209615 0.284295 0.205769 0.2625 0.163462 0.253526
0 0.366667 0.508654 0.373718 0.565064 0.380769 0.630449 0.383333 0.679167 0.401923 0.684295 0.437821 0.665064 0.463462 0.641987 0.478846 0.572756 0.478846 0.539423 0.426282 0.540705 0.387821 0.530449 0.383333 0.527885
0 0.139744 0.648397 0.150641 0.726603 0.172436 0.766346 0.174359 0.852244 0.200641 0.875321 0.259615 0.826603 0.298718 0.798397 0.324359 0.736859 0.275 0.703526 0.246795 0.7125 0.245513 0.752244 0.228846 0.734295 0.170513 0.670192
0 0.916026 0.016346 0.916667 0.061218 0.912821 0.081731 0.883974 0.097115 0.862179 0.117628 0.867308 0.145833 0.886538 0.165064 0.891026 0.165064 0.93141 0.126603 0.953846 0.086859 0.946795 0.031731 0.972436 0.007372
0 0.741026 0.015064 0.792308 0.034295 0.792308 0.06891 0.835256 0.038141 0.833974 0.003526 0.748718 0.00609
0 0.595513 0.885577 0.585256 0.941987 0.574359 0.984295 0.664103 0.988141 0.651923 0.922756 0.623077 0.895833
0 0.721795 0.849679 0.688462 0.917628 0.663462 0.96891 0.673077 0.995833 0.769231 0.993269 0.783974 0.943269 0.808333 0.953526 0.821795 0.947115 0.828846 0.891987 0.8 0.835577 0.741667 0.844551
