0 0.264744 0.149679 0.235256 0.188141 0.215385 0.224038 0.189744 0.233013 0.178205 0.250962 0.180128 0.294551 0.200641 0.335577 0.225641 0.366346 0.254487 0.389423 0.271154 0.427885 0.289744 0.415064 0.335256 0.397115 0.334615 0.407372 0.317949 0.497115 0.305128 0.524038 0.294872 0.517628 0.275 0.515064 0.257051 0.526603 0.252564 0.548397 0.250641 0.602244 0.265385 0.620192 0.282051 0.613782 0.296795 0.609936 0.316026 0.643269 0.304487 0.689423 0.289103 0.730449 0.274359 0.766346 0.260897 0.779167 0.212821 0.754808 0.200641 0.748397 0.179487 0.691987 0.151923 0.629167 0.152564 0.576603 0.15641 0.522756 0.137821 0.525321 0.104487 0.549679 0.110256 0.586859 0.128205 0.71891 0.135256 0.759936 0.135897 0.80609 0.134615 0.847115 0.148077 0.872756 0.207051 0.904808 0.217949 0.904808 0.262179 0.898397 0.308974 0.863782 0.310897 0.809936 0.313462 0.791987 0.33141 0.759936 0.348077 0.734295 0.352564 0.644551 0.358974 0.589423 0.367308 0.548397 0.373077 0.513782 0.367308 0.443269 0.357692 0.407372 0.35 0.383013 0.355128 0.344551 0.369872 0.254808 0.373718 0.174038 0.419872 0.172756 0.427564 0.213782 0.416026 0.252244 0.40641 0.289423 0.453846 0.335577 0.45641 0.3625 0.45641 0.393269 0.449359 0.445833 0.464744 0.480449 0.492949 0.472756 0.519872 0.379167 0.542949 0.348397 0.544231 0.393269 0.557692 0.4125 0.601923 0.36891 0.619872 0.399679 0.635897 0.386859 0.653846 0.348397 0.666667 0.302244 0.683333 0.157372 0.648718 0.074038 0.602564 0.129167 0.526923 0.133013 0.498077 0.109936 0.410897 0.066346 0.362179 0.057372 0.348077 0.053526 0.313462 0.120192 0.291026 0.134295 0.271795 0.143269
0 0.528205 0.533013 0.5 0.567628 0.430769 0.616346 0.450641 0.634295 0.465385 0.674038 0.464103 0.730449 0.459615 0.797115 0.473718 0.822756 0.488462 0.840705 0.514103 0.793269 0.541026 0.726603 0.585256 0.627885 0.588462 0.589423 0.575 0.563782 0.541667 0.535577
0 0.003205 0.211218 0.014103 0.252244 0.023077 0.31891 0.034615 0.347115 0.047436 0.359936 0.066667 0.398397 0.057692 0.534295 0.036538 0.5625 0.003205 0.5625 0.001923 0.241987
0 0.679487 0.017628 0.664744 0.066346 0.687821 0.116346 0.709615 0.184295 0.730128 0.166346 0.747436 0.085577 0.758333 0.185577 0.788462 0.220192 0.810256 0.221474 0.821795 0.239423 0.826923 0.308654 0.810256 0.395833 0.825641 0.430449 0.834615 0.480449 0.839744 0.488141 0.861538 0.494551 0.879487 0.531731 0.886538 0.540705 0.907051 0.520192 0.917949 0.477885 0.937179 0.461218 0.953846 0.408654 0.948077 0.365064 0.928205 0.290705 0.912179 0.198397 0.910256 0.135577 0.920513 0.049679 0.903846 0.047115 0.891667 0.038141 0.867308 0.00609 0.69359 0.00609
0 0.685897 0.320192 0.691667 0.3625 0.664744 0.390705 0.662179 0.402244 0.682051 0.429167 0.71859 0.472756 0.745513 0.45609 0.746795 0.384295 0.744872 0.35609 0.724359 0.353526 0.708974 0.350962 0.698718 0.304808
0 0.723077 0.524038 0.735897 0.575321 0.720513 0.613782 0.716667 0.657372 0.758974 0.71891 0.780128 0.711218 0.817308 0.695833 0.846795 0.677885 0.846154 0.715064 0.832051 0.743269 0.830128 0.7625 0.838462 0.771474 0.867949 0.766346 0.887821 0.745833 0.9 0.690705 0.894231 0.635577 0.884615 0.620192 0.864744 0.629167 0.844231 0.641987 0.808974 0.576603 0.800641 0.561218 0.751282 0.547115 0.739744 0.530449
0 0.925641 0.816346 0.89359 0.877885 0.883974 0.911218 0.892949 0.989423 0.950641 0.994551 0.940385 0.935577 0.923718 0.913782 0.928846 0.867628 0.935897 0.853526 0.939103 0.816346
0 0.782051 0.843269 0.742308 0.840705 0.74359 0.854808 0.747436 0.884295 0.746154 0.908654 0.748077 0.917628 0.767949 0.957372 0.799359 0.927885 0.810897 0.890705
0 0.938462 0.115064 0.948718 0.200962 0.955769 0.258654 0.966026 0.297115 0.969872 0.309936 0.998077 0.3125 0.996795 0.100962 0.974359 0.113782 0.954487 0.117628 0.93141 0.1125
0 0.016026 0.727885 0.051923 0.753526 0.05641 0.771474 0.041667 0.817628 0.021154 0.841987 0.010256 0.808654 0.005128 0.750962
