0 0.796795 0.409936 0.776923 0.483013 0.760897 0.513782 0.725 0.541987 0.683333 0.620192 0.687179 0.693269 0.691667 0.734295 0.714103 0.876603 0.735256 0.934295 0.774359 0.940705 0.797436 0.913782 0.792949 0.863782 0.790385 0.791987 0.795513 0.693269 0.830128 0.743269 0.830128 0.795833 0.878205 0.831731 0.883333 0.779167 0.888462 0.736859 0.896795 0.629167 0.862821 0.61891 0.838462 0.574038 0.809615 0.553526 0.823077 0.493269 0.839744 0.443269 0.837179 0.407372 0.814103 0.408654
0 0.842308 0.338141 0.851282 0.388141 0.878205 0.394551 0.887179 0.416346 0.900641 0.485577 0.909615 0.513782 0.885256 0.530449 0.9 0.572756 0.935256 0.576603 0.944872 0.559936 0.960256 0.472756 0.970513 0.46891 0.972436 0.5125 0.966667 0.544551 0.966026 0.585577 0.978205 0.659936 0.996154 0.663782 0.995513 0.374038 0.955769 0.386859 0.911538 0.394551 0.912179 0.36891 0.889744 0.325321 0.86859 0.300962 0.865385 0.300962
0 0.414103 0.367628 0.391667 0.4125 0.389744 0.481731 0.389744 0.509936 0.376923 0.530449 0.36859 0.545833 0.365385 0.570192 0.398077 0.675321 0.408974 0.686859 0.440385 0.659936 0.453846 0.624038 0.460897 0.591987 0.498718 0.56891 0.503205 0.553526 0.489103 0.434295 0.469231 0.404808 0.441026 0.381731 0.430769 0.381731
0 0.282051 0.11891 0.223718 0.181731 0.201923 0.217628 0.191026 0.263782 0.188462 0.294551 0.185897 0.341987 0.20641 0.379167 0.227564 0.459936 0.242308 0.471474 0.262179 0.444551 0.285256 0.391987 0.308333 0.343269 0.307051 0.283013 0.312179 0.254808 0.345513 0.21891 0.35 0.177885 0.351923 0.133013 0.304487 0.094551
0 0.144872 0.347115 0.116667 0.490705 0.100641 0.5125 0.071795 0.5125 0.052564 0.541987 0.035897 0.611218 0.104487 0.622756 0.126282 0.566346 0.129487 0.627885 0.153846 0.700962 0.173718 0.708654 0.210897 0.699679 0.226923 0.6625 0.183333 0.611218 0.179487 0.549679 0.187821 0.499679 0.183974 0.425321 0.192308 0.384295 0.171154 0.347115 0.164744 0.343269
0 0.003205 0.750962 0.025 0.740705 0.049359 0.698397 0.064103 0.752244 0.069872 0.783013 0.075 0.793269 0.053846 0.85609 0.035897 0.885577 0.002564 0.950962
0 0.087821 0.872756 0.061538 0.897115 0.039103 0.925321 0.035256 0.941987 0.025 0.988141 0.210256 0.994551 0.200641 0.950962 0.189744 0.893269 0.16859 0.879167 0.141667 0.886859 0.119872 0.891987 0.114744 0.891987 0.100641 0.858654
0 0.303205 0.647115 0.278846 0.688141 0.274359 0.724038 0.285897 0.7625 0.285897 0.790705 0.31859 0.774038 0.327564 0.720192 0.333333 0.677885 0.320513 0.661218
0 0.442949 0.7125 0.428205 0.7625 0.445513 0.820192 0.461538 0.826603 0.495513 0.784295 0.478205 0.717628 0.436538 0.708654
0 0.675 0.113782 0.647436 0.153526 0.648077 0.202244 0.650641 0.225321 0.679487 0.25609 0.697436 0.257372 0.710897 0.26891 0.722436 0.263782 0.716026 0.233013 0.689103 0.2125 0.708974 0.171474 0.715385 0.143269 0.701282 0.130449
0 0.866026 0.017628 0.880128 0.089423 0.908974 0.140705 0.912821 0.166346 0.922436 0.183013 0.93141 0.194551 0.932692 0.152244 0.94359 0.116346 0.965385 0.157372 0.971154 0.167628 0.984615 0.166346 0.980128 0.008654 0.870513 0.004808
