0 0.678846 0.016346 0.685256 0.089423 0.708333 0.117628 0.720513 0.141987 0.680769 0.197115 0.701282 0.241987 0.727564 0.272756 0.754487 0.309936 0.823077 0.204808 0.829487 0.11891 0.820513 0.080449 0.794872 0.063782 0.762179 0.003526 0.684615 0.00609
0 0.530769 0.035577 0.491026 0.091987 0.460256 0.213782 0.512179 0.311218 0.542949 0.311218 0.567949 0.234295 0.583974 0.166346 0.600641 0.117628 0.614744 0.029167 0.579487 0.0125 0.551923 0.024038
0 0.351923 0.021474 0.345513 0.081731 0.340385 0.158654 0.351923 0.2125 0.355769 0.248397 0.369872 0.271474 0.380769 0.280449 0.38141 0.215064 0.404487 0.216346 0.421154 0.267628 0.436538 0.280449 0.448077 0.231731 0.446154 0.174038 0.423077 0.135577 0.392949 0.072756 0.390385 0.003526 0.355769 0.003526
0 0.840385 0.015064 0.857692 0.058654 0.85641 0.100962 0.892308 0.133013 0.907692 0.148397 0.926923 0.171474 0.948718 0.233013 0.969231 0.221474 0.996795 0.138141 0.990385 0.039423 0.976282 0.027885 0.98141 0.008654 0.945513 0.004808 0.846795 0.00609
0 0.622436 0.422756 0.660897 0.433013 0.698077 0.472756 0.719872 0.485577 0.766667 0.515064 0.787179 0.572756 0.792308 0.607372 0.796154 0.657372 0.801923 0.698397 0.813462 0.708654 0.841026 0.707372 0.855769 0.681731 0.870513 0.603526 0.882692 0.544551 0.891026 0.477885 0.875641 0.398397 0.835256 0.402244 0.81859 0.40609 0.820513 0.454808 0.810256 0.503526 0.799359 0.5125 0.754487 0.463782 0.726282 0.426603 0.7 0.391987 0.669872 0.329167 0.651282 0.370192
0 0.989103 0.434295 0.980769 0.448397 0.952564 0.434295 0.946154 0.467628 0.949359 0.547115 0.955769 0.602244 0.965385 0.617628 0.982692 0.638141 0.991667 0.590705 0.996795 0.588141 0.998077 0.427885
0 0.371154 0.31891 0.346154 0.370192 0.355128 0.440705 0.35641 0.471474 0.374359 0.495833 0.390385 0.476603 0.414103 0.491987 0.423077 0.489423 0.43141 0.449679 0.430128 0.377885 0.428846 0.338141 0.413462 0.326603 0.401282 0.340705 0.392308 0.297115
0 0.235897 0.500962 0.239744 0.540705 0.274359 0.575321 0.296154 0.591987 0.323077 0.627885 0.326282 0.648397 0.307692 0.66891 0.282692 0.626603 0.267949 0.629167 0.263462 0.650962 0.267949 0.767628 0.280769 0.781731 0.317949 0.783013 0.341667 0.781731 0.360256 0.735577 0.416026 0.694551 0.384615 0.585577 0.35 0.598397 0.33141 0.533013 0.236538 0.475321
0 0.048718 0.993269 0.062179 0.927885 0.082692 0.867628 0.099359 0.847115 0.149359 0.853526 0.189744 0.863782 0.185897 0.908654 0.185897 0.954808 0.221154 0.963782 0.272436 0.997115
0 0.002564 0.613782 0.026923 0.644551 0.039103 0.683013 0.057692 0.7625 0.05 0.820192 0.002564 0.877885
0 0.003205 0.372756 0.010897 0.381731 0.021154 0.363782 0.019872 0.317628 0.029487 0.266346 0.033333 0.257372 0.067308 0.240705 0.067949 0.270192 0.078205 0.272756 0.085256 0.234295 0.090385 0.198397 0.104487 0.147115 0.121795 0.190705 0.144231 0.195833 0.166667 0.197115 0.183333 0.189423 0.189103 0.007372 0.003846 0.00609
0 0.585897 0.636859 0.558333 0.671474 0.538462 0.703526 0.517308 0.724038 0.560897 0.838141 0.592949 0.865064 0.623077 0.870192 0.651282 0.799679 0.64359 0.730449 0.617949 0.661218 0.608974 0.643269
0 0.376923 0.767628 0.364744 0.831731 0.33141 0.871474 0.319872 0.959936 0.310897 0.991987 0.623077 0.994551 0.614744 0.944551 0.587821 0.939423 0.555128 0.903526 0.539103 0.86891 0.487821 0.86891 0.458333 0.902244 0.436538 0.935577 0.420513 0.947115 0.413462 0.902244 0.429487 0.858654 0.435256 0.815064 0.429487 0.780449 0.396154 0.771474
0 0.944872 0.753526 0.911538 0.802244 0.917308 0.858654 0.924359 0.875321 0.946154 0.883013 0.962821 0.872756 0.978846 0.843269 0.975 0.791987
0 0.826923 0.899679 0.812821 0.939423 0.816667 0.984295 0.817949 0.997115 0.871795 0.990705 0.866667 0.95609 0.85641 0.920192
0 0.992308 0.890705 0.985256 0.936859 0.982051 0.967628 0.987179 0.991987 0.996795 0.991987 0.995513 0.90609
