0 0.985256 0.199679 0.932051 0.238141 0.9 0.276603 0.892308 0.317628 0.883974 0.359936 0.889103 0.422756 0.903205 0.440705 0.938462 0.45609 0.962179 0.424038 0.995513 0.41891 0.999359 0.194551
0 0.705769 0.029167 0.664103 0.052244 0.65 0.075321 0.632692 0.15609 0.640385 0.193269 0.646154 0.202244 0.667949 0.180449 0.689744 0.167628 0.694231 0.26891 0.717949 0.263782 0.791026 0.230449 0.826923 0.195833 0.844872 0.159936 0.852564 0.1125 0.832051 0.077885 0.785256 0.06891 0.751282 0.104808 0.736538 0.086859 0.728205 0.031731 0.722436 0.011218
0 0.380769 0.007372 0.398077 0.067628 0.405128 0.145833 0.416667 0.198397 0.440385 0.235577 0.449359 0.265064 0.482692 0.281731 0.492949 0.226603 0.498718 0.193269 0.492949 0.130449 0.485256 0.066346 0.484615 0.008654
0 0.223077 0.0125 0.163462 0.038141 0.109615 0.080449 0.096154 0.094551 0.094231 0.150962 0.112179 0.194551 0.114103 0.200962 0.128205 0.163782 0.140385 0.148397 0.160256 0.147115 0.184615 0.15609 0.189103 0.211218 0.220513 0.26891 0.26859 0.274038 0.282051 0.258654 0.304487 0.190705 0.307692 0.153526 0.28141 0.10609 0.251282 0.024038 0.244872 0.008654
0 0.007692 0.167628 0.025 0.158654 0.04359 0.133013 0.065385 0.154808 0.062821 0.200962 0.053205 0.233013 0.042949 0.275321 0.044231 0.291987 0.049359 0.307372 0.067308 0.304808 0.074359 0.31891 0.115385 0.348397 0.13141 0.357372 0.142308 0.361218 0.155769 0.331731 0.15641 0.304808 0.157692 0.295833 0.172436 0.311218 0.191667 0.295833 0.201923 0.389423 0.207692 0.436859 0.196795 0.454808 0.180769 0.470192 0.151923 0.500962 0.162179 0.554808 0.162179 0.611218 0.142949 0.643269 0.121154 0.639423 0.104487 0.617628 0.096795 0.583013 0.06859 0.588141 0.044231 0.565064 0.002564 0.561218 0.007051 0.502244 0.044231 0.520192 0.05641 0.497115 0.058333 0.452244 0.030128 0.424038 0.003846 0.370192 0.000641 0.177885
0 0.235897 0.424038 0.234615 0.466346 0.240385 0.483013 0.275641 0.493269 0.299359 0.497115 0.303846 0.508654 0.316667 0.470192 0.312821 0.444551 0.307051 0.427885 0.273718 0.431731 0.246154 0.425321
0 0.011538 0.693269 0.050641 0.708654 0.051282 0.680449 0.076923 0.66891 0.080128 0.727885 0.085897 0.752244 0.095513 0.785577 0.098718 0.81891 0.078846 0.854808 0.067308 0.889423 0.039103 0.908654 0.021154 0.884295 0.022436 0.824038 0.017308 0.790705 0.012179 0.757372 0.003205 0.75609 0.001923 0.681731
0 0.396795 0.933013 0.419231 0.895833 0.434615 0.876603 0.467308 0.858654 0.488462 0.858654 0.498718 0.867628 0.508974 0.879167 0.525 0.871474 0.532051 0.835577 0.544872 0.798397 0.553846 0.765064 0.56859 0.726603 0.6 0.693269 0.619872 0.789423 0.605769 0.843269 0.586538 0.909936 0.589744 0.989423 0.302564 0.986859 0.308974 0.948397 0.286538 0.894551 0.288462 0.853526 0.296795 0.821474 0.291026 0.797115 0.269231 0.733013 0.261538 0.690705 0.270513 0.65609 0.358974 0.627885 0.397436 0.685577 0.421154 0.745833 0.379487 0.821474 0.364744 0.86891 0.391026 0.91891
0 0.517308 0.379167 0.517308 0.461218 0.539103 0.515064 0.537179 0.549679 0.560897 0.525321 0.569872 0.513782 0.63141 0.538141 0.660256 0.536859 0.679487 0.536859 0.712821 0.481731 0.748718 0.424038 0.758333 0.349679 0.707692 0.361218 0.667949 0.357372 0.625641 0.3625 0.596154 0.376603 0.546795 0.389423 0.536538 0.388141 0.524359 0.3625
0 0.905128 0.688141 0.857051 0.717628 0.836538 0.735577 0.860897 0.781731 0.870513 0.808654 0.904487 0.822756 0.916026 0.817628 0.985256 0.866346 0.997436 0.883013 0.996795 0.721474 0.951923 0.715064 0.919231 0.694551
0 0.748077 0.831731 0.742949 0.886859 0.748077 0.953526 0.742949 0.993269 0.811538 0.948397 0.800641 0.883013 0.780128 0.85609 0.767308 0.839423
