0 0.769872 0.100962 0.742949 0.158654 0.725 0.239423 0.740385 0.349679 0.783333 0.367628 0.804487 0.413782 0.816026 0.5125 0.823718 0.552244 0.880769 0.535577 0.910256 0.535577 0.953846 0.466346 0.932692 0.374038 0.921154 0.30609 0.916026 0.257372 0.923718 0.200962 0.927564 0.171474 0.879487 0.179167 0.819872 0.100962 0.759615 0.094551
0 0.688462 0.184295 0.639744 0.231731 0.632051 0.249679 0.625 0.295833 0.609615 0.291987 0.598718 0.239423 0.608333 0.343269 0.633333 0.348397 0.651923 0.317628 0.685256 0.254808 0.707692 0.225321 0.721795 0.198397 0.698718 0.180449
0 0.697436 0.558654 0.641026 0.56891 0.61859 0.5625 0.614103 0.636859 0.625 0.675321 0.646154 0.70609 0.709615 0.726603 0.766667 0.758654 0.794231 0.735577 0.797436 0.559936 0.782692 0.531731 0.71859 0.515064 0.703205 0.533013 0.691026 0.552244
0 0.954487 0.657372 0.909615 0.716346 0.870513 0.716346 0.844231 0.747115 0.833974 0.786859 0.878846 0.883013 0.889744 0.920192 0.919872 0.909936 0.944872 0.857372 0.948718 0.807372 0.962821 0.739423 0.973718 0.677885 0.971154 0.644551
0 0.970513 0.250962 0.960897 0.3625 0.957051 0.426603 0.974359 0.471474 0.996154 0.484295 0.996154 0.267628 0.977564 0.254808
0 0.473718 0.020192 0.457051 0.098397 0.442308 0.189423 0.435897 0.26891 0.444231 0.320192 0.45 0.471474 0.459615 0.525321 0.478846 0.517628 0.527564 0.415064 0.548077 0.35609 0.580128 0.270192 0.596795 0.188141 0.607051 0.130449 0.592308 0.050962 0.585256 0.0125 0.564103 0.008654 0.552564 0.047115 0.523077 0.033013 0.499359 0.009936 0.479487 0.007372
0 0.302564 0.011218 0.290385 0.057372 0.28141 0.081731 0.301923 0.120192 0.305769 0.133013 0.335897 0.113782 0.342308 0.100962 0.352564 0.071474 0.358333 0.058654 0.366667 0.004808 0.311538 0.004808
0 0.141026 0.229167 0.119231 0.254808 0.109615 0.308654 0.14359 0.454808 0.175 0.504808 0.198718 0.549679 0.240385 0.513782 0.280128 0.466346 0.307051 0.371474 0.305128 0.277885 0.253846 0.231731 0.2 0.213782 0.162821 0.21891
0 0.046795 0.198397 0.038462 0.248397 0.042949 0.274038 0.057692 0.302244 0.058974 0.334295 0.077564 0.358654 0.085256 0.353526 0.095513 0.300962 0.094872 0.247115 0.083974 0.195833 0.055769 0.195833
0 0.003205 0.370192 0.012821 0.377885 0.030128 0.339423 0.026282 0.390705 0.034615 0.40609 0.048077 0.41891 0.073718 0.403526 0.089744 0.493269 0.099359 0.525321 0.09359 0.554808 0.001282 0.659936
0 0.353205 0.325321 0.354487 0.385577 0.357051 0.433013 0.372436 0.465064 0.392949 0.440705 0.392949 0.341987 0.389103 0.307372 0.376282 0.308654
