0 0.755769 0.10609 0.73141 0.148397 0.699359 0.167628 0.698077 0.209936 0.698718 0.252244 0.710256 0.279167 0.740385 0.320192 0.742949 0.330449 0.759615 0.331731 0.784615 0.299679 0.821154 0.272756 0.808333 0.236859 0.792308 0.2125 0.787821 0.185577 0.78141 0.152244 0.782692 0.122756 0.775641 0.104808
0 0.978205 0.134295 0.966667 0.167628 0.926282 0.199679 0.903205 0.208654 0.922436 0.244551 0.926282 0.279167 0.928846 0.304808 0.886538 0.3125 0.93141 0.391987 0.935897 0.397115 0.958974 0.381731 0.976282 0.330449 0.996154 0.279167 0.996795 0.121474 0.987179 0.133013
0 0.887179 0.009936 0.894231 0.072756 0.924359 0.075321 0.941667 0.040705 0.955128 0.008654 0.896154 0.011218
0 0.720513 0.520192 0.712821 0.571474 0.686538 0.598397 0.690385 0.61891 0.715385 0.634295 0.722436 0.661218 0.734615 0.670192 0.746795 0.66891 0.760256 0.649679 0.780769 0.600962 0.792949 0.563782 0.791667 0.539423 0.770513 0.548397 0.758333 0.536859 0.744872 0.529167 0.732051 0.531731 0.721154 0.50609
0 0.421795 0.565064 0.416026 0.600962 0.429487 0.639423 0.424359 0.675321 0.412179 0.695833 0.408974 0.722756 0.442949 0.772756 0.458333 0.802244 0.485897 0.794551 0.512821 0.749679 0.533974 0.717628 0.545513 0.697115 0.564103 0.658654 0.570513 0.600962 0.554487 0.580449 0.504487 0.583013 0.474359 0.571474 0.44359 0.559936
0 0.251923 0.329167 0.244231 0.379167 0.267308 0.398397 0.271795 0.443269 0.253846 0.472756 0.223718 0.490705 0.221154 0.502244 0.228205 0.539423 0.250641 0.577885 0.310897 0.594551 0.322436 0.552244 0.323077 0.499679 0.339744 0.476603 0.346154 0.408654 0.353846 0.359936 0.352564 0.335577 0.329487 0.333013 0.291667 0.302244 0.264103 0.315064
0 0.392949 0.304808 0.389103 0.329167 0.375641 0.3625 0.375641 0.394551 0.396154 0.407372 0.408333 0.413782 0.447436 0.411218 0.475 0.375321 0.476923 0.344551 0.470513 0.320192 0.437821 0.31891 0.419231 0.316346 0.401923 0.300962
0 0.001923 0.36891 0.013462 0.376603 0.041026 0.407372 0.055128 0.408654 0.066026 0.420192 0.063462 0.445833 0.060897 0.467628 0.086538 0.502244 0.092949 0.51891 0.096795 0.534295 0.108333 0.480449 0.15641 0.499679 0.167308 0.517628 0.175641 0.571474 0.155128 0.602244 0.129487 0.611218 0.076282 0.641987 0.054487 0.643269 0.033333 0.630449 0.001923 0.572756
0 0.249359 0.677885 0.25 0.739423 0.262179 0.76891 0.28141 0.777885 0.295513 0.743269 0.304487 0.721474 0.3 0.677885 0.271795 0.658654 0.258333 0.650962
0 0.835897 0.291987 0.830128 0.299679 0.81859 0.30609 0.801923 0.322756 0.8 0.359936 0.8 0.370192 0.808974 0.393269 0.825641 0.395833 0.844231 0.393269 0.853846 0.361218 0.855769 0.317628 0.848718 0.290705
0 0.623077 0.074038 0.600641 0.107372 0.59359 0.131731 0.607692 0.16891 0.630769 0.170192 0.651282 0.171474 0.678205 0.130449 0.686538 0.097115 0.676923 0.063782 0.644872 0.074038 0.633333 0.080449
0 0.351282 0.127885 0.346795 0.185577 0.344231 0.217628 0.342949 0.263782 0.355128 0.276603 0.375 0.275321 0.375 0.225321 0.387179 0.174038 0.401923 0.133013 0.403205 0.10609 0.384615 0.109936 0.361538 0.115064
0 0.498718 0.075321 0.482051 0.11891 0.467308 0.149679 0.462179 0.185577 0.475641 0.222756 0.487821 0.259936 0.498077 0.270192 0.508974 0.236859 0.516667 0.176603 0.517949 0.107372 0.512179 0.074038
0 0.175641 0.199679 0.13141 0.209936 0.128846 0.247115 0.166667 0.271474 0.216667 0.284295 0.242949 0.263782 0.223718 0.233013 0.203846 0.225321 0.194231 0.207372
0 0.157692 0.859936 0.169872 0.90609 0.161538 0.926603 0.146795 0.958654 0.150641 0.989423 0.18141 0.995833 0.235256 0.989423 0.217308 0.91891 0.207692 0.880449 0.202564 0.850962 0.180128 0.838141 0.165385 0.852244
