0 0.967308 0.152244 0.939103 0.181731 0.941026 0.244551 0.93141 0.293269 0.934615 0.299679 0.950641 0.3125 0.966667 0.320192 0.970513 0.271474 0.975641 0.247115 0.991667 0.225321 0.997917 0.216667 0.998718 0.144551 0.973718 0.147115
0 0.895513 0.181731 0.858333 0.21891 0.85 0.241987 0.828846 0.195833 0.811538 0.226603 0.816026 0.300962 0.825641 0.350962 0.842308 0.357372 0.876282 0.3125 0.911538 0.286859 0.914744 0.200962
0 0.690385 0.154808 0.678846 0.200962 0.649359 0.222756 0.611538 0.2125 0.601282 0.249679 0.599359 0.263782 0.634615 0.363782 0.710897 0.307372 0.726282 0.261218 0.737179 0.2125 0.73141 0.166346 0.715385 0.153526
0 0.553205 0.179167 0.512179 0.226603 0.548718 0.276603 0.554487 0.371474 0.546795 0.429167 0.536538 0.495833 0.530769 0.540705 0.540385 0.585577 0.555769 0.650962 0.551282 0.731731 0.546154 0.752244 0.530769 0.759936 0.491667 0.761218 0.466667 0.785577 0.461538 0.829167 0.471795 0.884295 0.514744 0.859936 0.566667 0.816346 0.578846 0.893269 0.601923 0.961218 0.616667 0.990705 0.696795 0.994551 0.664744 0.921474 0.608974 0.865064 0.599359 0.850962 0.605128 0.789423 0.603205 0.716346 0.590385 0.649679 0.603846 0.61891 0.628846 0.617628 0.648718 0.554808 0.641667 0.403526 0.620513 0.374038 0.586538 0.371474 0.582051 0.225321 0.577564 0.183013
0 0.338462 0.229167 0.310897 0.248397 0.323077 0.300962 0.321795 0.389423 0.336538 0.475321 0.339103 0.526603 0.333333 0.588141 0.335256 0.617628 0.414103 0.699679 0.436538 0.621474 0.429487 0.490705 0.432692 0.386859 0.423718 0.354808 0.422436 0.297115 0.421154 0.272756 0.380128 0.234295 0.358974 0.224038
0 0.003846 0.094551 0.044872 0.06891 0.082051 0.027885 0.098718 0.024038 0.115385 0.05609 0.107692 0.117628 0.087179 0.161218 0.058333 0.172756 0.042949 0.167628 0.026282 0.167628 0.021795 0.171474 0.003846 0.177885
0 0.150641 0.145833 0.125641 0.20609 0.051923 0.227885 0.038462 0.276603 0.071795 0.370192 0.165385 0.395833 0.184615 0.3625 0.164103 0.30609 0.164103 0.25609 0.228846 0.208654 0.207051 0.170192 0.158974 0.159936
0 0.217949 0.407372 0.192308 0.463782 0.148077 0.481731 0.117949 0.550962 0.139103 0.659936 0.137821 0.720192 0.153205 0.738141 0.178846 0.729167 0.199359 0.685577 0.219231 0.647115 0.226282 0.586859 0.237179 0.527885 0.251282 0.489423 0.244872 0.445833
0 0.003846 0.417628 0.032051 0.422756 0.062179 0.41891 0.045513 0.481731 0.037821 0.541987 0.034615 0.557372 0.002564 0.538141
0 0.003205 0.813782 0.01859 0.795833 0.037821 0.730449 0.053205 0.702244 0.071154 0.704808 0.089103 0.680449 0.101923 0.734295 0.115385 0.747115 0.091667 0.784295 0.087179 0.815064 0.085256 0.836859 0.064103 0.881731 0.058333 0.904808 0.04359 0.903526 0.024359 0.881731 0.002564 0.840705
0 0.312179 0.730449 0.289744 0.776603 0.292308 0.824038 0.273718 0.85609 0.283974 0.898397 0.286538 0.939423 0.33141 0.920192 0.362821 0.935577 0.391026 0.985577 0.435897 0.995833 0.448718 0.953526 0.41859 0.939423 0.407051 0.922756 0.378846 0.871474 0.351282 0.843269 0.346154 0.783013 0.332692 0.725321
0 0.452564 0.586859 0.482051 0.597115 0.490385 0.536859 0.451923 0.490705 0.436538 0.527885
0 0.886538 0.425321 0.865385 0.441987 0.829487 0.471474 0.867949 0.55609 0.876923 0.579167 0.912821 0.589423 0.916667 0.565064 0.900641 0.527885 0.889103 0.495833 0.903205 0.409936
0 0.932051 0.421474 0.934615 0.500962 0.942308 0.553526 0.948077 0.580449 0.967308 0.577885 0.99359 0.545833 0.997436 0.449679 0.970513 0.436859
0 0.471795 0.991987 0.478205 0.971474 0.507692 0.950962 0.536538 0.924038 0.573077 0.965064 0.580128 0.990705 0.480128 0.994551
0 0.613462 0.013782 0.625641 0.048397 0.64359 0.084295 0.669231 0.091987 0.684615 0.083013 0.705128 0.080449 0.73141 0.085577 0.75641 0.052244 0.764103 0.00609
0 0.322436 0.009936 0.358333 0.061218 0.362179 0.066346 0.402564 0.049679 0.401923 0.011218
0 0.209615 0.813782 0.187179 0.834295 0.173718 0.853526 0.16859 0.893269 0.161538 0.945833 0.187179 0.971474 0.198718 0.945833 0.20641 0.867628 0.225 0.902244 0.24359 0.890705 0.242308 0.838141 0.236538 0.821474
