0 0.008974 0.209936 0.036538 0.179167 0.071795 0.158654 0.083333 0.186859 0.091667 0.322756 0.114103 0.350962 0.108974 0.391987 0.105128 0.408654 0.107692 0.498397 0.082692 0.507372 0.065385 0.500962 0.051923 0.470192 0.033333 0.429167 0.001282 0.352244 0.001923 0.233013
0 0.165385 0.189423 0.130769 0.202244 0.116026 0.272756 0.146795 0.313782 0.151923 0.341987 0.152564 0.354808 0.175641 0.376603 0.203846 0.40609 0.210897 0.403526 0.235256 0.340705 0.254487 0.291987 0.252564 0.239423 0.212821 0.197115 0.189744 0.191987 0.177564 0.179167 0.171154 0.179167
0 0.380128 0.334295 0.364744 0.40609 0.361538 0.534295 0.338462 0.522756 0.295513 0.51891 0.289103 0.525321 0.275 0.567628 0.287821 0.630449 0.308333 0.713782 0.319872 0.763782 0.344231 0.883013 0.36859 0.900962 0.387179 0.91891 0.395513 0.941987 0.411538 0.9625 0.464103 0.915064 0.448718 0.850962 0.419872 0.794551 0.413462 0.774038 0.419231 0.699679 0.425 0.699679 0.451923 0.70609 0.507051 0.631731 0.488462 0.461218 0.465385 0.389423 0.446154 0.340705 0.421795 0.322756
0 0.641026 0.470192 0.565385 0.507372 0.541667 0.579167 0.515385 0.647115 0.523077 0.694551 0.532051 0.727885 0.535897 0.785577 0.53141 0.834295 0.541026 0.858654 0.559615 0.86891 0.589103 0.813782 0.622436 0.758654 0.655769 0.708654 0.667949 0.645833 0.709615 0.561218 0.689744 0.495833 0.669872 0.466346
0 0.719231 0.593269 0.708333 0.631731 0.663462 0.729167 0.640385 0.780449 0.604487 0.85609 0.586538 0.875321 0.590385 0.889423 0.628846 0.91891 0.648718 0.86891 0.68141 0.835577 0.695513 0.803526 0.729487 0.699679 0.744231 0.629167 0.746154 0.579167
0 0.807692 0.5125 0.787179 0.516346 0.780128 0.552244 0.794872 0.595833 0.829487 0.580449 0.832692 0.55609 0.814103 0.515064
0 0.854487 0.177885 0.802564 0.207372 0.779487 0.241987 0.761538 0.325321 0.763462 0.371474 0.848718 0.372756 0.853205 0.283013 0.869872 0.195833
0 0.94359 0.184295 0.895513 0.288141 0.871154 0.333013 0.872436 0.433013 0.876923 0.470192 0.888462 0.470192 0.93141 0.440705 0.944231 0.407372 0.961538 0.327885 0.967308 0.261218 0.958974 0.224038
0 0.198718 0.809936 0.157051 0.839423 0.146795 0.898397 0.146795 0.947115 0.146154 0.990705 0.225 0.989423 0.225 0.920192 0.244231 0.922756 0.255769 0.874038 0.25641 0.833013 0.219872 0.807372
0 0.953205 0.657372 0.932051 0.689423 0.912179 0.711218 0.919231 0.731731 0.933974 0.793269 0.910256 0.804808 0.899359 0.797115 0.891667 0.8125 0.901282 0.875321 0.93141 0.898397 0.996795 0.908654 0.994231 0.754808 0.978846 0.736859 0.989103 0.698397 0.990385 0.666346 0.965385 0.659936
0 0.820513 0.791987 0.801282 0.824038 0.778205 0.841987 0.757692 0.799679 0.753205 0.870192 0.757051 0.893269 0.766667 0.990705 0.799359 0.989423 0.803205 0.935577 0.850641 0.904808 0.853846 0.829167 0.839744 0.800962
0 0.848077 0.941987 0.833333 0.991987 0.880769 0.995833 0.869872 0.952244 0.863462 0.941987
0 0.517308 0.102244 0.496154 0.127885 0.483974 0.267628 0.489103 0.293269 0.501282 0.329167 0.521154 0.221474 0.585256 0.180449 0.565385 0.148397 0.553846 0.117628
