0 0.842308 0.290705 0.802564 0.322756 0.791026 0.361218 0.788462 0.434295 0.801282 0.448397 0.812179 0.479167 0.797436 0.527885 0.821795 0.574038 0.852564 0.648397 0.886538 0.629167 0.890385 0.570192 0.903846 0.504808 0.904487 0.385577 0.863462 0.324038 0.853205 0.266346
0 0.607692 0.109936 0.610256 0.204808 0.612821 0.313782 0.624359 0.341987 0.647436 0.366346 0.651923 0.497115 0.65641 0.504808 0.667949 0.516346 0.670513 0.570192 0.666667 0.654808 0.666667 0.679167 0.69359 0.724038 0.710897 0.724038 0.716667 0.717628 0.715385 0.657372 0.704487 0.570192 0.703205 0.538141 0.703205 0.504808 0.726282 0.494551 0.748077 0.424038 0.71859 0.275321 0.703205 0.203526 0.694872 0.167628 0.64359 0.157372 0.633974 0.1125 0.628205 0.095833
0 0.583333 0.334295 0.573077 0.367628 0.552564 0.385577 0.536538 0.422756 0.560256 0.427885 0.573077 0.454808 0.571795 0.529167 0.589103 0.543269 0.60641 0.549679 0.607051 0.461218 0.595513 0.403526 0.602564 0.386859 0.612821 0.336859
0 0.457692 0.416346 0.442949 0.46891 0.421154 0.450962 0.394872 0.536859 0.402564 0.607372 0.407692 0.661218 0.425641 0.679167 0.453205 0.699679 0.500641 0.70609 0.523718 0.680449 0.517949 0.607372 0.494872 0.584295 0.478846 0.565064 0.482051 0.526603 0.48141 0.489423 0.466667 0.448397
0 0.601282 0.636859 0.573077 0.685577 0.549359 0.70609 0.565385 0.825321 0.587821 0.875321 0.591667 0.929167 0.609615 0.936859 0.637821 0.952244 0.676282 0.921474 0.695513 0.929167 0.690385 0.965064 0.685256 0.994551 0.751923 0.989423 0.787179 0.934295 0.796154 0.917628 0.780128 0.874038 0.782692 0.788141 0.754487 0.794551 0.739103 0.800962 0.733333 0.758654 0.721154 0.731731 0.721795 0.835577 0.683974 0.8125 0.654487 0.721474 0.628205 0.657372
0 0.996795 0.593269 0.987821 0.617628 0.971795 0.641987 0.951282 0.661218 0.936538 0.677885 0.923077 0.708654 0.926923 0.729167 0.947436 0.749679 0.966667 0.772756 0.967949 0.800962 0.995513 0.845833
0 0.627564 0.017628 0.658333 0.079167 0.675641 0.097115 0.692949 0.111218 0.711538 0.120192 0.744231 0.11891 0.741026 0.081731 0.808974 0.008654 0.639744 0.004808
0 0.262821 0.115064 0.275641 0.248397 0.287179 0.302244 0.311538 0.30609 0.319231 0.335577 0.282692 0.416346 0.259615 0.413782 0.239103 0.391987 0.245513 0.35609 0.235897 0.30609 0.205128 0.302244 0.165385 0.359936 0.150641 0.404808 0.176923 0.493269 0.205769 0.507372 0.216667 0.557372 0.259615 0.626603 0.275641 0.667628 0.321154 0.581731 0.367308 0.413782 0.378846 0.375321 0.361538 0.327885 0.341667 0.277885 0.332051 0.222756 0.319872 0.109936 0.294231 0.067628
0 0.046154 0.695833 0.057051 0.783013 0.069231 0.820192 0.073077 0.895833 0.073718 0.993269 0.132692 0.995833 0.16859 0.954808 0.196154 0.9625 0.194231 0.907372 0.182051 0.857372 0.18141 0.733013 0.157051 0.758654 0.110897 0.761218 0.086538 0.76891 0.078846 0.726603 0.069872 0.691987 0.061538 0.702244
0 0.008974 0.213782 0.024359 0.181731 0.057692 0.139423 0.099359 0.098397 0.121154 0.077885 0.130769 0.098397 0.136538 0.140705 0.115385 0.209936 0.086538 0.241987 0.042949 0.281731 0.047436 0.324038 0.022436 0.408654 0.001923 0.416346 0.001923 0.236859
0 0.463462 0.883013 0.447436 0.950962 0.41859 0.991987 0.499359 0.993269 0.499359 0.966346 0.522436 0.963782 0.5 0.915064 0.487821 0.885577 0.475641 0.86891
