0 0.005769 0.467628 0.047436 0.434295 0.071154 0.40609 0.10641 0.370192 0.135256 0.367628 0.153846 0.348397 0.170513 0.30609 0.170513 0.284295 0.191026 0.280449 0.267308 0.308654 0.287179 0.329167 0.375641 0.366346 0.404487 0.441987 0.409615 0.484295 0.401923 0.552244 0.405128 0.584295 0.4 0.635577 0.389103 0.645833 0.377564 0.595833 0.358333 0.588141 0.342308 0.649679 0.30641 0.711218 0.280128 0.683013 0.287179 0.613782 0.286538 0.571474 0.273718 0.521474 0.251923 0.427885 0.24359 0.41891 0.194231 0.408654 0.194872 0.453526 0.194231 0.545833 0.183974 0.647115 0.192308 0.702244 0.202564 0.791987 0.19359 0.815064 0.185897 0.866346 0.171795 0.936859 0.162821 0.991987 0.092949 0.995833 0.098077 0.950962 0.116667 0.930449 0.133974 0.908654 0.146154 0.867628 0.139103 0.857372 0.116026 0.86891 0.092308 0.861218 0.070513 0.766346 0.094872 0.763782 0.142949 0.747115 0.144872 0.716346 0.146154 0.661218 0.141667 0.617628 0.136538 0.608654 0.107692 0.603526 0.079487 0.611218 0.069872 0.60609 0.037821 0.583013 0.001282 0.544551 0.001923 0.488141
0 0.342949 0.770192 0.330128 0.789423 0.291667 0.826603 0.285897 0.85609 0.296795 0.930449 0.292949 0.954808 0.276282 0.991987 0.363462 0.993269 0.374359 0.944551 0.389103 0.926603 0.398718 0.883013 0.416667 0.844551 0.414103 0.8125 0.399359 0.795833 0.378205 0.779167 0.350641 0.7625
0 0.438462 0.350962 0.437821 0.413782 0.432051 0.449679 0.420513 0.475321 0.421154 0.536859 0.433333 0.613782 0.438462 0.638141 0.448718 0.657372 0.463462 0.634295 0.467308 0.60609 0.469231 0.585577 0.480769 0.554808 0.490385 0.531731 0.487821 0.486859 0.497436 0.4125 0.494231 0.331731 0.482692 0.331731 0.451282 0.354808
0 0.492949 0.145833 0.498077 0.191987 0.517949 0.216346 0.512821 0.252244 0.495513 0.308654 0.528205 0.361218 0.527564 0.402244 0.564744 0.400962 0.565385 0.354808 0.571795 0.322756 0.589103 0.327885 0.591026 0.385577 0.598077 0.429167 0.585256 0.483013 0.63141 0.4625 0.648077 0.527885 0.639103 0.581731 0.632692 0.643269 0.670513 0.691987 0.682692 0.71891 0.698718 0.752244 0.716026 0.794551 0.758333 0.721474 0.773718 0.667628 0.773718 0.597115 0.751282 0.520192 0.729487 0.379167 0.745513 0.275321 0.632692 0.252244 0.627564 0.203526 0.605769 0.121474 0.557692 0.108654 0.51859 0.113782
0 0.775 0.353526 0.780769 0.457372 0.789744 0.502244 0.794872 0.535577 0.816667 0.540705 0.869231 0.526603 0.894231 0.497115 0.913462 0.447115 0.913462 0.40609 0.9 0.374038 0.886538 0.359936 0.837179 0.339423 0.814103 0.336859 0.785897 0.353526
0 0.987821 0.349679 0.969872 0.386859 0.962821 0.403526 0.953846 0.472756 0.964744 0.497115 0.982692 0.497115 0.996795 0.504808 0.998077 0.335577
0 0.946795 0.621474 0.932051 0.640705 0.887821 0.686859 0.86859 0.672756 0.848077 0.671474 0.839744 0.711218 0.841026 0.725321 0.863462 0.758654 0.894231 0.771474 0.916667 0.795833 0.946154 0.798397 0.967308 0.761218 0.978205 0.703526 0.985897 0.65609 0.960256 0.630449
0 0.520513 0.561218 0.514744 0.613782 0.490385 0.603526 0.476923 0.631731 0.498077 0.663782 0.513462 0.674038 0.536538 0.699679 0.558333 0.699679 0.566667 0.680449 0.569872 0.633013 0.575 0.600962 0.551923 0.579167 0.540385 0.574038 0.528205 0.554808
0 0.620513 0.771474 0.591026 0.794551 0.54359 0.765064 0.536538 0.783013 0.558974 0.900962 0.561538 0.920192 0.578205 0.941987 0.630769 0.944551 0.661538 0.9125 0.66859 0.902244 0.65641 0.866346 0.642949 0.825321
0 0.682692 0.843269 0.678846 0.877885 0.677564 0.897115 0.683333 0.930449 0.671154 0.972756 0.667949 0.984295 0.694231 0.984295 0.714103 0.972756 0.721795 0.900962 0.723718 0.859936 0.704487 0.844551 0.675641 0.831731
0 0.715385 0.011218 0.762821 0.11891 0.803205 0.157372 0.815385 0.177885 0.828846 0.111218 0.878205 0.058654 0.884615 0.007372 0.738462 0.004808
0 0.004487 0.894551 0.015385 0.938141 0.033974 0.991987 0.003205 0.994551 0.001282 0.9125
