0 0.780769 0.038141 0.75641 0.1125 0.728846 0.157372 0.715385 0.257372 0.775 0.317628 0.800641 0.330449 0.832051 0.324038 0.841667 0.244551 0.854487 0.170192 0.900641 0.116346 0.872436 0.081731 0.839103 0.083013 0.851923 0.034295 0.85 0.0125 0.807051 0.017628 0.784615 0.020192
0 0.898718 0.01891 0.909615 0.102244 0.924359 0.115064 0.971795 0.072756 0.985256 0.053526 0.957692 0.009936 0.910256 0.002244
0 0.677564 0.186859 0.629487 0.163782 0.597436 0.16891 0.585897 0.199679 0.579487 0.227885 0.574359 0.239423 0.564103 0.230449 0.551282 0.15609 0.529487 0.177885 0.532051 0.247115 0.546154 0.298397 0.560897 0.326603 0.558974 0.403526 0.582051 0.489423 0.607692 0.50609 0.629487 0.480449 0.632051 0.409936 0.636538 0.361218 0.658333 0.333013 0.660897 0.304808 0.651282 0.277885 0.692949 0.21891 0.686538 0.188141
0 0.474359 0.050962 0.476282 0.095833 0.480128 0.120192 0.474359 0.145833 0.460256 0.183013 0.452564 0.2125 0.459615 0.272756 0.494231 0.279167 0.514103 0.244551 0.526923 0.194551 0.530769 0.161218 0.532051 0.139423 0.525641 0.115064 0.529487 0.081731 0.546154 0.085577 0.541667 0.052244 0.520513 0.049679 0.503205 0.035577 0.491026 0.057372
0 0.278205 0.113782 0.263462 0.16891 0.253205 0.216346 0.245513 0.238141 0.241026 0.247115 0.226923 0.230449 0.214744 0.279167 0.216667 0.322756 0.203846 0.329167 0.175 0.333013 0.171154 0.371474 0.178846 0.408654 0.20641 0.398397 0.230128 0.376603 0.236538 0.325321 0.254487 0.344551 0.245513 0.41891 0.289744 0.508654 0.317308 0.536859 0.358974 0.536859 0.426282 0.493269 0.45 0.440705 0.428846 0.335577 0.362179 0.225321 0.335897 0.159936 0.364103 0.140705 0.345513 0.081731 0.328846 0.057372 0.305769 0.081731
0 0.073718 0.0125 0.103205 0.066346 0.085897 0.104808 0.125 0.172756 0.137179 0.222756 0.157692 0.257372 0.173718 0.249679 0.195513 0.220192 0.194872 0.167628 0.175641 0.125321 0.15 0.121474 0.137179 0.094551 0.148718 0.048397 0.171154 0.026603 0.184615 0.009936 0.082692 0.003526
0 0.455769 0.4625 0.451282 0.522756 0.447436 0.553526 0.45 0.572756 0.484615 0.570192 0.533974 0.561218 0.510897 0.491987 0.499359 0.46891
0 0.451282 0.648397 0.433333 0.740705 0.412179 0.840705 0.410256 0.885577 0.414103 0.903526 0.453205 0.899679 0.478846 0.888141 0.51859 0.9125 0.538462 0.944551 0.523077 0.991987 0.603846 0.989423 0.6 0.948397 0.596795 0.900962 0.625 0.848397 0.657692 0.779167 0.661538 0.708654 0.635256 0.631731 0.601923 0.613782 0.561538 0.635577 0.521154 0.686859 0.486538 0.643269
0 0.846795 0.41891 0.89359 0.445833 0.921795 0.498397 0.900641 0.585577 0.883974 0.620192 0.861538 0.595833 0.857692 0.543269 0.828205 0.463782 0.828846 0.407372
0 0.939103 0.238141 0.895513 0.272756 0.883333 0.263782 0.880769 0.330449 0.91859 0.345833 0.94359 0.358654 0.957051 0.308654 0.953205 0.263782
0 0.987821 0.25609 0.971154 0.31891 0.959615 0.377885 0.958974 0.411218 0.960897 0.436859 0.983974 0.420192 0.996154 0.400962 0.996154 0.274038
0 0.859615 0.630449 0.832051 0.648397 0.807692 0.697115 0.796795 0.799679 0.79359 0.848397 0.835256 0.916346 0.876923 0.972756 0.880128 0.990705 0.945513 0.991987 0.929487 0.939423 0.898077 0.890705 0.89359 0.858654 0.925641 0.820192 0.963462 0.785577 0.955769 0.650962 0.919231 0.631731 0.884615 0.640705
0 0.774359 0.389423 0.735256 0.433013 0.744872 0.483013 0.751923 0.534295 0.763462 0.548397 0.778205 0.552244 0.821795 0.465064 0.819872 0.430449 0.812179 0.393269 0.808974 0.386859
0 0.125 0.707372 0.179487 0.680449 0.196795 0.685577 0.216026 0.71891 0.23141 0.758654 0.235256 0.781731 0.233333 0.849679 0.225641 0.8625 0.219872 0.876603 0.217308 0.90609 0.235256 0.926603 0.246795 0.988141 0.178846 0.986859 0.101923 0.990705 0.111538 0.920192 0.115385 0.840705 0.114744 0.731731
0 0.110897 0.329167 0.087179 0.398397 0.089744 0.426603 0.104487 0.449679 0.112821 0.457372 0.133333 0.422756 0.137821 0.535577 0.140385 0.567628 0.163462 0.584295 0.18141 0.538141 0.173077 0.454808 0.15 0.40609 0.15 0.375321 0.138462 0.345833
0 0.010256 0.616346 0.023077 0.625321 0.062179 0.524038 0.094231 0.511218 0.071154 0.674038 0.082692 0.774038 0.085256 0.798397 0.06859 0.803526 0.028205 0.813782 0.046154 0.894551 0.049359 0.953526 0.025 0.989423 0.002564 0.990705 0.001923 0.638141
0 0.299359 0.886859 0.296154 0.941987 0.327564 0.976603 0.346795 0.993269 0.369231 0.990705 0.36859 0.924038 0.357692 0.893269 0.337821 0.866346 0.305769 0.874038
