0 0.956447 0.333615 0.947297 0.342061 0.938148 0.332559 0.930405 0.348395 0.930405 0.361064 0.924775 0.36951 0.91844 0.383235 0.921256 0.395904 0.950113 0.406461 0.978266 0.41913 0.996565 0.423353 0.997973 0.35473 0.988119 0.34734 0.974043 0.337838
0 0.881841 0.27766 0.871988 0.288218 0.871988 0.308277 0.873395 0.322002 0.875507 0.328336 0.882545 0.337838 0.896622 0.331503 0.907179 0.320946 0.917736 0.309333 0.914217 0.301943 0.905068 0.29772 0.891695 0.287162
0 0.849465 0.211149 0.848761 0.237542 0.854392 0.250211 0.864949 0.244932 0.867061 0.223818 0.856503 0.218539
0 0.729814 0.316723 0.717849 0.324113 0.702365 0.317779 0.6904 0.311444 0.670693 0.316723 0.672804 0.334671 0.672804 0.351562 0.65732 0.360008 0.649578 0.365287 0.642539 0.3769 0.665062 0.387458 0.693919 0.386402 0.734037 0.383235 0.751633 0.382179 0.775563 0.348395 0.779786 0.336782 0.762894 0.333615 0.741779 0.328336
0 0.585529 0.224873 0.573564 0.2481 0.577083 0.269215 0.603125 0.251267 0.595383 0.240709
0 0.518666 0.140414 0.535557 0.161529 0.540484 0.182644 0.540484 0.197424 0.534854 0.226985 0.529223 0.250211 0.531334 0.266047 0.546819 0.261824 0.548226 0.232264 0.554561 0.215372 0.564414 0.202703 0.580602 0.192145 0.590456 0.165752 0.57638 0.155194 0.554561 0.138302 0.547523 0.131968 0.536261 0.122466 0.529223 0.11402 0.5067 0.120355
0 0.347635 0.288218 0.327224 0.295608 0.315963 0.311444 0.308221 0.316723 0.30259 0.335726 0.307517 0.344172 0.323705 0.337838 0.332151 0.343117 0.346227 0.358953 0.365935 0.360008 0.371565 0.336782 0.380011 0.325169 0.384234 0.320946 0.365935 0.308277 0.354673 0.296664
0 0.417314 0.276605 0.403941 0.292441 0.405349 0.316723 0.437021 0.3125 0.441244 0.295608
0 0.315963 0.355785 0.303998 0.356841 0.288514 0.360008 0.282883 0.365287 0.27866 0.373733 0.259657 0.389569 0.251914 0.396959 0.243468 0.403294 0.239245 0.407517 0.249803 0.422297 0.26036 0.425465 0.268806 0.431799 0.268102 0.437078 0.242765 0.449747 0.226577 0.450802 0.220242 0.470861 0.211092 0.505701 0.208277 0.515203 0.219538 0.555321 0.251914 0.580659 0.273029 0.584882 0.310332 0.576436 0.344116 0.561655 0.353266 0.523649 0.341301 0.508868 0.318778 0.490921 0.311036 0.481419 0.303998 0.459248 0.327224 0.466639 0.345524 0.471917 0.365935 0.466639 0.385642 0.451858 0.396199 0.418074 0.395495 0.401182 0.378604 0.399071 0.364527 0.399071 0.3596 0.394848 0.354673 0.384291 0.361008 0.370566 0.343412 0.36212 0.334966 0.357897
0 0.151267 0.153083 0.135783 0.201647 0.123818 0.228041 0.111149 0.264992 0.103407 0.272382 0.123114 0.286106 0.126633 0.264992 0.154786 0.244932 0.17942 0.236486 0.189977 0.22065 0.1942 0.180532 0.184347 0.162584
0 0.004167 0.224873 0.016132 0.244932 0.030208 0.254434 0.061177 0.260769 0.072438 0.267103 0.059769 0.311444 0.0471 0.322002 0.024578 0.339949 0.002055 0.357897
0 0.69603 0.14147 0.680546 0.157306 0.653801 0.180532 0.636205 0.185811 0.634093 0.232264 0.664358 0.244932 0.671396 0.241765 0.675619 0.249155 0.685473 0.271326 0.687584 0.289274 0.698846 0.296664 0.717849 0.292441 0.733333 0.278716 0.74741 0.267103 0.763598 0.202703 0.757264 0.196368 0.741779 0.181588 0.73263 0.162584 0.722072 0.149916 0.712922 0.145693
0 0.610163 0.286106 0.602421 0.295608 0.599606 0.3125 0.610163 0.314611 0.620017 0.302998 0.618609 0.292441
