0 0.121154 0.099679 0.105128 0.143269 0.087179 0.15609 0.066026 0.257372 0.058974 0.289423 0.060897 0.345833 0.066026 0.352244 0.121154 0.461218 0.150641 0.477885 0.164103 0.46891 0.177564 0.421474 0.207051 0.383013 0.234615 0.377885 0.242308 0.429167 0.258974 0.431731 0.280769 0.370192 0.291026 0.291987 0.291026 0.270192 0.270513 0.236859 0.252564 0.215064 0.252564 0.140705 0.237821 0.113782 0.224359 0.1625 0.221154 0.209936 0.211538 0.233013 0.198077 0.238141 0.196154 0.202244 0.204487 0.166346 0.199359 0.125321 0.171795 0.095833 0.153846 0.086859
0 0.377564 0.344551 0.348718 0.370192 0.317949 0.438141 0.305128 0.477885 0.289744 0.511218 0.286538 0.545833 0.308333 0.604808 0.339103 0.607372 0.346154 0.597115 0.375641 0.630449 0.394872 0.648397 0.464744 0.697115 0.491667 0.680449 0.517308 0.658654 0.517949 0.620192 0.514744 0.536859 0.514103 0.425321 0.514103 0.331731 0.448718 0.324038 0.394872 0.350962
0 0.521795 0.376603 0.532051 0.527885 0.539103 0.570192 0.575 0.585577 0.659615 0.558654 0.675 0.55609 0.684615 0.547115 0.662179 0.626603 0.673077 0.727885 0.68141 0.813782 0.696795 0.849679 0.726923 0.861218 0.754487 0.827885 0.735256 0.75609 0.726282 0.688141 0.74359 0.636859 0.758974 0.540705 0.776923 0.526603 0.785897 0.585577 0.783333 0.643269 0.837179 0.559936 0.832051 0.522756 0.792949 0.481731 0.745513 0.447115 0.678846 0.404808 0.662821 0.386859 0.61859 0.431731 0.548718 0.424038 0.541667 0.411218
0 0.633974 0.188141 0.599359 0.207372 0.588462 0.211218 0.587821 0.238141 0.599359 0.25609 0.609615 0.266346 0.633974 0.247115 0.680769 0.213782 0.696795 0.171474 0.667308 0.183013 0.650641 0.199679
0 0.304487 0.004808 0.35641 0.041987 0.365385 0.061218 0.377564 0.075321 0.396154 0.072756 0.43141 0.045833 0.454487 0.00609
0 0.565385 0.011218 0.560897 0.057372 0.544872 0.107372 0.565385 0.122756 0.592949 0.130449 0.605769 0.129167 0.615385 0.093269 0.623077 0.039423 0.624359 0.008654 0.572436 0.004808
0 0.655769 0.015064 0.667308 0.077885 0.673077 0.10609 0.683333 0.115064 0.709615 0.100962 0.73141 0.072756 0.747436 0.047115 0.763462 0.003526 0.660897 0.00609
0 0.814744 0.039423 0.797436 0.080449 0.808974 0.107372 0.821154 0.129167 0.833974 0.163782 0.84359 0.183013 0.894231 0.131731 0.923077 0.102244 0.927564 0.076603 0.912821 0.054808 0.860897 0.022756 0.826282 0.035577
0 0.85641 0.197115 0.842949 0.227885 0.829487 0.234295 0.821795 0.253526 0.828205 0.281731 0.853205 0.31891 0.860256 0.31891 0.889103 0.344551 0.912821 0.341987 0.936538 0.321474 0.941667 0.3125 0.953846 0.303526 0.917308 0.272756 0.895513 0.25609 0.885897 0.221474 0.875 0.2125
0 0.91859 0.009936 0.94359 0.049679 0.970513 0.091987 0.957692 0.143269 0.946154 0.199679 0.959615 0.189423 0.984615 0.161218 0.996795 0.174038 0.998077 0.008654 0.95641 0.013782 0.935256 0.009936
0 0.901282 0.508654 0.86859 0.585577 0.848718 0.647115 0.853846 0.693269 0.83141 0.8125 0.769231 0.853526 0.755128 0.838141 0.752564 0.863782 0.757692 0.917628 0.767949 0.948397 0.814744 0.954808 0.830128 0.941987 0.848077 0.930449 0.857051 0.836859 0.877564 0.903526 0.910897 0.952244 0.930769 0.931731 0.927564 0.865064 0.917308 0.784295 0.930769 0.717628 0.98141 0.654808 0.985897 0.638141 0.964103 0.598397 0.955128 0.534295 0.959615 0.509936 0.923077 0.507372
0 0.462821 0.874038 0.453846 0.952244 0.425641 0.990705 0.546154 0.991987 0.526282 0.949679 0.512179 0.911218 0.496795 0.884295
0 0.315385 0.8125 0.287179 0.880449 0.276923 0.916346 0.291667 0.948397 0.313462 0.953526 0.332051 0.883013 0.351282 0.8625 0.348718 0.835577
0 0.616667 0.833013 0.624359 0.920192 0.640385 0.974038 0.667308 0.899679 0.666667 0.849679 0.632692 0.85609
0 0.135897 0.563782 0.13141 0.588141 0.123718 0.607372 0.123077 0.625321 0.148718 0.680449 0.165385 0.688141 0.174359 0.666346 0.176923 0.61891 0.171154 0.585577 0.154487 0.563782
0 0.00641 0.576603 0.042308 0.590705 0.058333 0.595833 0.079487 0.631731 0.110256 0.679167 0.127564 0.713782 0.128205 0.75609 0.119872 0.802244 0.164103 0.811218 0.177564 0.811218 0.198718 0.849679 0.249359 0.995833 0.116667 0.990705 0.104487 0.949679 0.080128 0.995833 0.027083 0.995833 0.051282 0.938141 0.071154 0.920192 0.077564 0.888141 0.073077 0.858654 0.045513 0.8125 0.012821 0.777885 0.001923 0.822756 0.001282 0.597115
0 0.980769 0.934295 0.962179 0.991987 0.998718 0.993269 0.996154 0.963782 0.987179 0.938141
