0 0.101282 0.013782 0.110897 0.081731 0.110897 0.154808 0.104487 0.167628 0.082692 0.203526 0.078205 0.226603 0.096795 0.243269 0.123077 0.259936 0.146795 0.249679 0.176282 0.213782 0.188462 0.167628 0.182051 0.11891 0.175641 0.130449 0.173718 0.116346 0.207051 0.067628 0.208974 0.107372 0.221154 0.130449 0.258333 0.108654 0.276923 0.070192 0.302564 0.049679 0.308974 0.102244 0.311538 0.193269 0.310897 0.15609 0.328846 0.15609 0.337821 0.213782 0.319872 0.234295 0.297436 0.247115 0.316667 0.311218 0.325 0.353526 0.354487 0.321474 0.369872 0.307372 0.400641 0.288141 0.389744 0.248397 0.384615 0.176603 0.370513 0.05609 0.357692 0.009936 0.108974 0.004808
0 0.440385 0.024038 0.407692 0.049679 0.396154 0.100962 0.392949 0.134295 0.392308 0.170192 0.403846 0.248397 0.410897 0.316346 0.426923 0.338141 0.450641 0.352244 0.475 0.338141 0.512821 0.267628 0.525 0.204808 0.542308 0.102244 0.530769 0.047115 0.515385 0.007372 0.44359 0.00609
0 0.745513 0.126603 0.680769 0.153526 0.639103 0.204808 0.622436 0.239423 0.647436 0.300962 0.658333 0.333013 0.673077 0.353526 0.703205 0.359936 0.733333 0.347115 0.800641 0.304808 0.813462 0.252244 0.825641 0.235577 0.819872 0.176603 0.780128 0.11891
0 0.915385 0.027885 0.901282 0.081731 0.895513 0.203526 0.904487 0.234295 0.923718 0.271474 0.971154 0.270192 0.984615 0.238141 0.985897 0.181731 0.980769 0.124038 0.975 0.083013 0.978846 0.021474 0.978846 0.000962 0.919231 0.004808
0 0.98141 0.347115 0.919231 0.363782 0.905128 0.384295 0.898077 0.420192 0.896154 0.447115 0.887179 0.530449 0.896795 0.584295 0.908974 0.630449 0.916667 0.667628 0.942308 0.650962 0.955128 0.638141 0.969231 0.66891 0.980128 0.684295 0.987821 0.674038 0.986538 0.611218 0.983974 0.577885 0.969231 0.544551 0.972436 0.45609 0.983974 0.393269 0.992949 0.452244 0.994872 0.30609
0 0.575 0.520192 0.558974 0.561218 0.529487 0.591987 0.534615 0.624038 0.516667 0.649679 0.505769 0.657372 0.490385 0.649679 0.455128 0.609936 0.464744 0.7125 0.470513 0.754808 0.478846 0.794551 0.49359 0.857372 0.473077 0.885577 0.447436 0.897115 0.43141 0.931731 0.412179 0.935577 0.392949 0.894551 0.383974 0.872756 0.346154 0.86891 0.317949 0.844551 0.300641 0.7625 0.278205 0.744551 0.252564 0.716346 0.242949 0.693269 0.232692 0.665064 0.216026 0.654808 0.171154 0.684295 0.144872 0.750962 0.139103 0.827885 0.155128 0.834295 0.174359 0.8125 0.180769 0.750962 0.194872 0.784295 0.191667 0.871474 0.216667 0.90609 0.225641 0.911218 0.253205 0.883013 0.269872 0.876603 0.294231 0.913782 0.316026 0.920192 0.333333 0.920192 0.341667 0.959936 0.326282 0.993269 0.561538 0.994551 0.589103 0.988141 0.620513 0.963782 0.637821 0.883013 0.595513 0.867628 0.547436 0.895833 0.530769 0.848397 0.537821 0.804808 0.553846 0.741987 0.560897 0.700962 0.564744 0.670192 0.600641 0.616346 0.644231 0.558654 0.623718 0.516346 0.569231 0.513782
0 0.719231 0.626603 0.695513 0.636859 0.689744 0.645833 0.684615 0.703526 0.692308 0.727885 0.723077 0.727885 0.746154 0.702244 0.764103 0.652244 0.748718 0.633013
0 0.192308 0.417628 0.194872 0.489423 0.191667 0.508654 0.197436 0.524038 0.213462 0.521474 0.227564 0.494551 0.238462 0.465064 0.232692 0.447115 0.214103 0.426603
0 0.001923 0.3625 0.013462 0.371474 0.023718 0.329167 0.044872 0.294551 0.057692 0.293269 0.050641 0.440705 0.038462 0.485577 0.019872 0.479167 0.003205 0.461218
0 0.019872 0.731731 0.030128 0.740705 0.035897 0.748397 0.025641 0.772756 0.023077 0.788141 0.019872 0.804808 0.012821 0.809936 0.007051 0.786859 0.003205 0.777885 0.003205 0.743269 0.012179 0.733013
0 0.319231 0.567628 0.323718 0.598397 0.31859 0.624038 0.310256 0.616346 0.303846 0.581731 0.298718 0.515064 0.273077 0.590705 0.289103 0.631731 0.298077 0.657372 0.304487 0.680449 0.316026 0.7125 0.333333 0.681731 0.351923 0.649679 0.363462 0.599679 0.371795 0.567628 0.338462 0.583013 0.33141 0.570192
0 0.440385 0.600962 0.413462 0.602244 0.428846 0.659936 0.440385 0.667628 0.475641 0.639423 0.476282 0.602244 0.457051 0.583013 0.433974 0.590705
0 0.941667 0.809936 0.919231 0.850962 0.882692 0.876603 0.863462 0.885577 0.847436 0.899679 0.820513 0.920192 0.761538 0.898397 0.751282 0.890705 0.741026 0.911218 0.751282 0.939423 0.765385 0.963782 0.777564 0.995833 0.965385 0.988141 0.957692 0.948397 0.957692 0.921474 0.980128 0.954808 0.997436 0.974038 0.99359 0.845833 0.955769 0.830449 0.948718 0.803526
