0 0.994872 0.109936 0.986538 0.129167 0.975 0.153526 0.967949 0.174038 0.958333 0.179167 0.94359 0.135577 0.905769 0.167628 0.910897 0.189423 0.90641 0.234295 0.90641 0.257372 0.90641 0.276603 0.907051 0.317628 0.907051 0.35609 0.907051 0.372756 0.917308 0.388141 0.933333 0.407372 0.936538 0.429167 0.936538 0.452244 0.940385 0.465064 0.947436 0.488141 0.967949 0.497115 0.985256 0.477885 0.996795 0.463782 0.996795 0.125321
0 0.78141 0.009936 0.786538 0.030449 0.787821 0.067628 0.784615 0.090705 0.789103 0.113782 0.821795 0.133013 0.861538 0.134295 0.879487 0.139423 0.891026 0.093269 0.878846 0.053526 0.861538 0.029167 0.85641 0.0125 0.858333 0.003526
0 0.650641 0.120192 0.635256 0.149679 0.620513 0.185577 0.610897 0.21891 0.612179 0.257372 0.566667 0.277885 0.539103 0.293269 0.516026 0.358654 0.564744 0.343269 0.598077 0.353526 0.603205 0.416346 0.628205 0.395833 0.655128 0.402244 0.653205 0.459936 0.664744 0.497115 0.685897 0.520192 0.698077 0.525321 0.710897 0.443269 0.720513 0.385577 0.725 0.343269 0.701282 0.30609 0.694872 0.253526 0.687821 0.200962 0.673077 0.181731 0.676923 0.139423 0.675641 0.131731
0 0.8 0.174038 0.771154 0.202244 0.759615 0.226603 0.759615 0.275321 0.752564 0.300962 0.778846 0.334295 0.791026 0.311218 0.813462 0.300962 0.84359 0.272756 0.829487 0.247115 0.813462 0.209936
0 0.517949 0.070192 0.485256 0.079167 0.451923 0.070192 0.444231 0.122756 0.446795 0.131731 0.455128 0.1625 0.457051 0.183013 0.469872 0.221474 0.478846 0.231731 0.507692 0.181731 0.521154 0.147115 0.525 0.143269 0.540385 0.1125 0.541026 0.093269
0 0.761538 0.385577 0.754487 0.433013 0.752564 0.465064 0.750641 0.486859 0.748718 0.515064 0.749359 0.521474 0.757051 0.547115 0.757692 0.56891 0.741026 0.579167 0.727564 0.595833 0.73141 0.625321 0.74359 0.648397 0.763462 0.653526 0.783974 0.667628 0.802564 0.677885 0.808974 0.643269 0.782692 0.581731 0.78141 0.538141 0.796795 0.508654 0.808974 0.481731 0.786538 0.400962
0 0.890385 0.472756 0.86859 0.502244 0.848077 0.527885 0.830769 0.550962 0.823718 0.584295 0.824359 0.627885 0.834615 0.649679 0.854487 0.667628 0.871154 0.658654 0.875 0.636859 0.885897 0.61891 0.908333 0.608654 0.927564 0.584295 0.93141 0.543269 0.915385 0.517628 0.904487 0.493269 0.896795 0.472756
0 0.794872 0.734295 0.782692 0.750962 0.769872 0.741987 0.760256 0.740705 0.729487 0.749679 0.711538 0.771474 0.694231 0.836859 0.689744 0.85609 0.691667 0.931731 0.7 0.952244 0.703846 0.952244 0.737179 0.915064 0.766026 0.853526 0.811538 0.825321 0.844231 0.795833 0.835256 0.757372 0.825641 0.738141 0.815385 0.730449 0.803846 0.720192
0 0.619231 0.550962 0.596795 0.575321 0.586538 0.575321 0.58141 0.616346 0.59359 0.648397 0.608974 0.667628 0.622436 0.675321 0.630769 0.675321 0.640385 0.629167 0.635256 0.584295 0.628205 0.55609
0 0.983974 0.684295 0.976923 0.707372 0.96859 0.720192 0.962821 0.744551 0.955769 0.766346 0.966026 0.791987 0.971795 0.799679 0.982051 0.800962 0.989744 0.765064 0.996795 0.763782 0.997436 0.693269
0 0.004487 0.177885 0.015385 0.213782 0.025 0.222756 0.040385 0.217628 0.067949 0.299679 0.080769 0.315064 0.089744 0.353526 0.090385 0.384295 0.090385 0.421474 0.066026 0.447115 0.051282 0.466346 0.046154 0.475321 0.044231 0.495833 0.044231 0.524038 0.057051 0.561218 0.061538 0.570192 0.044231 0.574038 0.022436 0.581731 0.000641 0.6125
0 0.05 0.639423 0.039744 0.667628 0.039103 0.725321 0.035256 0.754808 0.026282 0.772756 0.019872 0.780449 0.007692 0.749679 0.001923 0.779167 0.002564 0.798397 0.002564 0.811218 0.002564 0.833013 0.029487 0.858654 0.071795 0.871474 0.083333 0.866346 0.107692 0.848397 0.120513 0.820192 0.108974 0.781731 0.08141 0.757372 0.066667 0.700962 0.066026 0.654808
0 0.134615 0.579167 0.113462 0.586859 0.1 0.629167 0.096154 0.663782 0.103205 0.699679 0.110256 0.720192 0.11859 0.799679 0.125 0.822756 0.130769 0.831731 0.144872 0.761218 0.158974 0.779167 0.154487 0.849679 0.158974 0.931731 0.167308 0.949679 0.209615 0.939423 0.226923 0.895833 0.230769 0.849679 0.214103 0.822756 0.198077 0.807372 0.194231 0.784295 0.198077 0.748397 0.216026 0.740705 0.23141 0.716346 0.25 0.689423 0.266667 0.707372 0.308333 0.667628 0.30641 0.650962 0.262179 0.624038 0.239103 0.597115 0.214103 0.597115 0.189744 0.576603 0.189744 0.525321 0.177564 0.525321 0.172436 0.566346 0.173718 0.597115 0.173718 0.638141 0.173718 0.649679 0.173718 0.663782 0.167308 0.66891 0.160256 0.657372 0.153205 0.629167 0.144872 0.591987
0 0.295513 0.786859 0.287821 0.807372 0.267949 0.840705 0.263462 0.845833 0.254487 0.854808 0.246795 0.876603 0.242949 0.9125 0.267949 0.961218 0.299359 0.953526 0.305769 0.976603 0.310897 0.994551 0.319872 0.997115 0.334615 0.972756 0.339103 0.9625 0.347436 0.909936 0.351282 0.876603 0.35641 0.847115 0.350641 0.822756 0.342308 0.809936 0.317949 0.807372 0.308333 0.80609 0.303205 0.793269
0 0.017949 0.994551 0.022436 0.972756 0.026282 0.95609 0.04359 0.959936 0.05 0.931731 0.062179 0.948397 0.069231 0.959936 0.077564 0.96891 0.084615 0.979167 0.083333 0.997115
0 0.457051 0.993269 0.485897 0.980449 0.512821 0.957372 0.532051 0.961218 0.550641 0.965064 0.566026 0.975321 0.569231 0.994551
0 0.910256 0.903526 0.897436 0.91891 0.891026 0.941987 0.871154 0.961218 0.886538 0.975321 0.889103 0.997115 0.904487 0.980449 0.928205 0.941987 0.926282 0.924038 0.921795 0.917628
0 0.967308 0.899679 0.939744 0.922756 0.942949 0.940705 0.949359 0.950962 0.953205 0.971474 0.955128 0.983013 0.955769 0.998397 0.998077 0.995833 0.986538 0.939423 0.975641 0.921474
