0 0.674359 0.104808 0.660256 0.159936 0.639744 0.229167 0.639744 0.243269 0.662179 0.271474 0.691667 0.304808 0.722436 0.326603 0.742949 0.320192 0.780769 0.303526 0.809615 0.3125 0.829487 0.283013 0.844872 0.234295 0.788462 0.200962 0.770513 0.15609 0.778846 0.097115 0.767949 0.079167 0.750641 0.093269 0.719231 0.122756 0.691026 0.1125
0 0.847436 0.1625 0.816026 0.172756 0.814103 0.183013 0.841667 0.226603 0.876282 0.303526 0.844231 0.340705 0.841026 0.421474 0.890385 0.448397 0.925 0.459936 0.95641 0.431731 0.953846 0.383013 0.953846 0.313782 0.957051 0.276603 0.957051 0.197115 0.912179 0.186859 0.864744 0.171474
0 0.457692 0.186859 0.457051 0.2625 0.444872 0.326603 0.457051 0.386859 0.489103 0.450962 0.491667 0.484295 0.509615 0.531731 0.546795 0.567628 0.560897 0.589423 0.580128 0.61891 0.625641 0.625321 0.647436 0.617628 0.670513 0.56891 0.674359 0.495833 0.65 0.454808 0.637821 0.467628 0.630128 0.530449 0.607051 0.529167 0.598077 0.466346 0.598077 0.403526 0.608333 0.335577 0.6 0.299679 0.578846 0.271474 0.601923 0.199679 0.595513 0.1125 0.567949 0.152244 0.542949 0.200962 0.523718 0.183013 0.486538 0.158654 0.449359 0.133013 0.453205 0.167628
0 0.385256 0.179167 0.353846 0.190705 0.336538 0.195833 0.350641 0.267628 0.351923 0.322756 0.364103 0.333013 0.378846 0.289423 0.401282 0.288141 0.398718 0.327885 0.411538 0.300962 0.410897 0.265064
0 0.303205 0.41891 0.297436 0.474038 0.296154 0.520192 0.292308 0.554808 0.269872 0.581731 0.257692 0.604808 0.255128 0.647115 0.262821 0.680449 0.285256 0.715064 0.315385 0.709936 0.337179 0.694551 0.352564 0.66891 0.357051 0.563782 0.371795 0.530449 0.382051 0.485577 0.373077 0.438141 0.332051 0.409936
0 0.116667 0.084295 0.122436 0.183013 0.154487 0.216346 0.142949 0.336859 0.133333 0.407372 0.123718 0.4625 0.116667 0.490705 0.114103 0.525321 0.137821 0.548397 0.198077 0.526603 0.216026 0.488141 0.221154 0.377885 0.214744 0.293269 0.207692 0.247115 0.242308 0.170192 0.240385 0.113782 0.202564 0.131731 0.175 0.16891 0.15641 0.097115 0.128846 0.074038
0 0.283974 0.020192 0.309615 0.066346 0.335897 0.091987 0.371795 0.098397 0.403846 0.079167 0.422436 0.039423 0.436538 0.003526 0.294231 0.007372
0 0.153205 0.789423 0.166667 0.891987 0.171795 0.931731 0.151282 0.96891 0.140385 0.988141 0.240385 0.994551 0.225 0.895833 0.221795 0.835577 0.216667 0.781731 0.180769 0.763782 0.163462 0.771474
0 0.56859 0.734295 0.526282 0.747115 0.539744 0.848397 0.567308 0.848397 0.599359 0.854808 0.598718 0.903526 0.610897 0.907372 0.642308 0.875321 0.630128 0.790705 0.596795 0.745833
0 0.869872 0.500962 0.853846 0.531731 0.837821 0.531731 0.825641 0.595833 0.851282 0.634295 0.860897 0.650962 0.916026 0.547115 0.900641 0.497115
0 0.780128 0.504808 0.752564 0.525321 0.750641 0.570192 0.755769 0.590705 0.771154 0.588141 0.780769 0.536859
0 0.729487 0.735577 0.691026 0.803526 0.719231 0.861218 0.713462 0.916346 0.714103 0.988141 0.992949 0.993269 0.996795 0.898397 0.923718 0.925321 0.880769 0.922756 0.832692 0.9125 0.819231 0.830449 0.750641 0.743269 0.726282 0.750962
0 0.035256 0.374038 0.016667 0.409936 0.005769 0.471474 0.016667 0.547115 0.039103 0.583013 0.050641 0.580449 0.057051 0.509936 0.057051 0.486859 0.039744 0.450962 0.053205 0.409936 0.05 0.370192
0 0.005128 0.120192 0.017308 0.116346 0.027564 0.174038 0.030769 0.221474 0.019872 0.241987 0.001282 0.2125 0.001282 0.140705
