0 0.852564 0.397115 0.839744 0.443269 0.813462 0.467628 0.812179 0.483013 0.810897 0.51891 0.808333 0.561218 0.80641 0.576603 0.807692 0.590705 0.823077 0.608654 0.839103 0.627885 0.875 0.641987 0.891026 0.613782 0.916667 0.590705 0.90641 0.541987 0.894231 0.540705 0.889103 0.517628 0.894872 0.439423 0.891026 0.397115 0.894231 0.358654 0.871154 0.3625 0.860256 0.384295
0 0.938462 0.598397 0.915385 0.602244 0.912179 0.604808 0.900641 0.631731 0.895513 0.657372 0.891667 0.672756 0.888462 0.688141 0.885897 0.707372 0.896795 0.733013 0.909615 0.744551 0.919872 0.744551 0.934615 0.717628 0.936538 0.699679 0.945513 0.688141 0.957051 0.676603 0.967308 0.634295 0.958974 0.609936 0.951282 0.597115
0 0.712821 0.363782 0.705769 0.398397 0.698718 0.409936 0.707051 0.447115 0.716667 0.454808 0.741026 0.463782 0.751923 0.471474 0.773718 0.458654 0.78141 0.425321 0.789103 0.397115 0.796154 0.371474 0.789744 0.352244 0.764744 0.365064 0.755128 0.370192 0.737179 0.36891 0.719231 0.354808
0 0.605769 0.371474 0.592308 0.408654 0.582051 0.433013 0.569231 0.444551 0.570513 0.474038 0.576282 0.51891 0.585256 0.536859 0.598718 0.585577 0.613462 0.583013 0.617949 0.544551 0.623077 0.507372 0.628846 0.439423 0.628205 0.403526
0 0.508333 0.385577 0.466667 0.408654 0.459615 0.41891 0.455128 0.445833 0.454487 0.463782 0.45641 0.515064 0.439744 0.541987 0.453846 0.563782 0.469872 0.572756 0.478205 0.545833 0.489103 0.485577 0.494231 0.471474 0.507692 0.450962 0.525641 0.443269 0.535256 0.425321 0.535897 0.391987
0 0.398718 0.580449 0.392308 0.598397 0.372436 0.602244 0.359615 0.620192 0.355128 0.635577 0.353205 0.6625 0.363462 0.684295 0.380769 0.709936 0.380128 0.738141 0.362179 0.777885 0.334615 0.788141 0.317308 0.775321 0.31859 0.802244 0.334615 0.848397 0.334615 0.879167 0.346154 0.879167 0.392308 0.885577 0.417949 0.871474 0.432692 0.81891 0.444872 0.779167 0.462821 0.709936 0.464103 0.670192 0.455128 0.61891 0.432051 0.604808 0.417949 0.597115
0 0.496154 0.60609 0.484615 0.630449 0.485256 0.671474 0.49359 0.707372 0.502564 0.71891 0.509615 0.725321 0.527564 0.726603 0.566667 0.707372 0.589103 0.690705 0.584615 0.630449 0.572436 0.613782 0.540385 0.609936 0.521795 0.602244 0.511538 0.588141
0 0.828846 0.813782 0.820513 0.865064 0.789744 0.872756 0.776923 0.900962 0.776282 0.929167 0.807692 0.957372 0.841026 0.988141 0.864744 0.944551 0.889744 0.90609 0.894872 0.866346 0.896795 0.848397 0.878205 0.838141 0.841667 0.820192 0.836538 0.817628
0 0.541667 0.844551 0.526923 0.886859 0.526282 0.908654 0.53141 0.936859 0.526282 0.971474 0.516667 0.993269 0.669231 0.989423 0.678205 0.950962 0.695513 0.903526 0.691667 0.880449 0.663462 0.874038 0.628846 0.886859 0.612821 0.884295 0.607051 0.867628 0.576282 0.861218 0.560256 0.859936 0.546795 0.852244
0 0.294872 0.11891 0.284615 0.191987 0.272436 0.211218 0.271154 0.231731 0.273077 0.261218 0.272436 0.320192 0.272436 0.338141 0.267949 0.357372 0.269231 0.36891 0.294231 0.397115 0.294231 0.431731 0.278205 0.470192 0.266667 0.495833 0.248718 0.495833 0.240385 0.524038 0.247436 0.544551 0.29359 0.565064 0.330769 0.572756 0.339744 0.574038 0.337179 0.515064 0.321795 0.481731 0.338462 0.402244 0.351923 0.361218 0.375 0.276603 0.371795 0.252244 0.35 0.183013 0.365385 0.127885 0.36859 0.121474 0.355769 0.100962 0.327564 0.125321 0.303846 0.113782
0 0.367308 0.030449 0.357051 0.117628 0.380128 0.154808 0.394872 0.158654 0.403846 0.083013 0.39359 0.043269
0 0.716667 0.007372 0.739103 0.047115 0.749359 0.075321 0.76859 0.090705 0.794231 0.047115 0.788462 0.024038 0.823077 0.026603 0.855769 0.057372 0.873718 0.048397 0.89359 0.031731 0.898718 0.004808
0 0.146154 0.013782 0.160256 0.045833 0.151282 0.074038 0.158974 0.102244 0.172436 0.127885 0.166667 0.186859 0.186538 0.209936 0.182051 0.277885 0.182051 0.286859 0.16859 0.327885 0.133333 0.395833 0.126923 0.398397 0.080128 0.385577 0.04359 0.361218 0.016026 0.333013 0.003846 0.31891 0.001923 0.009936
0 0.050641 0.430449 0.04359 0.474038 0.039744 0.481731 0.039744 0.51891 0.066667 0.557372 0.089744 0.525321 0.107051 0.491987 0.085256 0.4625 0.062179 0.440705
0 0.076282 0.66891 0.058333 0.689423 0.045513 0.683013 0.048718 0.717628 0.055128 0.740705 0.033333 0.743269 0.014103 0.767628 0.009615 0.804808 0.010256 0.854808 0.023077 0.871474 0.039103 0.849679 0.055128 0.825321 0.069872 0.839423 0.09359 0.867628 0.107051 0.879167 0.155128 0.909936 0.182692 0.91891 0.219872 0.91891 0.242949 0.924038 0.26859 0.889423 0.287821 0.845833 0.264744 0.80609 0.228205 0.797115 0.191026 0.80609 0.171795 0.788141 0.155128 0.761218 0.159615 0.726603 0.167949 0.709936 0.152564 0.684295 0.122436 0.703526 0.123077 0.657372 0.097436 0.661218
0 0.207692 0.036859 0.205128 0.113782 0.219872 0.165064 0.229487 0.188141 0.235897 0.208654 0.258333 0.188141 0.263462 0.122756 0.261538 0.059936 0.239744 0.030449 0.220513 0.013782
