0 0.683974 0.016346 0.695513 0.053526 0.698077 0.113782 0.685897 0.131731 0.673077 0.135577 0.652564 0.103526 0.625 0.097115 0.610256 0.147115 0.612821 0.2125 0.619872 0.261218 0.63141 0.298397 0.639103 0.313782 0.705128 0.35609 0.741026 0.322756 0.769872 0.304808 0.783974 0.284295 0.780769 0.250962 0.765385 0.20609 0.761538 0.180449 0.761538 0.144551 0.791667 0.100962 0.799359 0.065064 0.801282 0.013782 0.8 0.004808 0.69359 0.004808
0 0.428846 0.007372 0.424359 0.065064 0.403205 0.103526 0.397436 0.133013 0.398077 0.176603 0.396795 0.198397 0.390385 0.211218 0.360256 0.211218 0.358974 0.240705 0.358974 0.297115 0.369872 0.354808 0.405769 0.325321 0.438462 0.284295 0.471154 0.226603 0.487821 0.163782 0.514103 0.086859 0.500641 0.044551 0.486538 0.003526
0 0.905128 0.007372 0.902564 0.072756 0.911538 0.121474 0.939744 0.184295 0.969872 0.191987 0.994231 0.180449 0.995513 0.115064 0.976923 0.108654 0.979487 0.034295 0.992949 0.003526
0 0.830128 0.200962 0.832051 0.249679 0.835897 0.279167 0.845513 0.291987 0.855128 0.295833 0.877564 0.279167 0.891667 0.247115 0.889103 0.235577 0.862821 0.220192 0.84359 0.234295 0.842308 0.185577
0 0.610256 0.45609 0.59359 0.493269 0.570513 0.491987 0.572436 0.50609 0.58141 0.553526 0.587179 0.590705 0.589744 0.625321 0.591667 0.640705 0.627564 0.657372 0.641026 0.640705 0.655128 0.603526 0.653846 0.548397 0.637179 0.500962 0.628846 0.471474
0 0.187179 0.7125 0.186538 0.771474 0.179487 0.813782 0.178205 0.850962 0.167949 0.871474 0.155769 0.900962 0.144231 0.922756 0.150641 0.991987 0.258333 0.991987 0.251282 0.954808 0.237179 0.904808 0.237821 0.854808 0.245513 0.81891 0.270513 0.827885 0.285897 0.843269 0.304487 0.830449 0.326282 0.803526 0.370513 0.740705 0.410256 0.76891 0.437821 0.777885 0.463462 0.817628 0.487179 0.786859 0.541667 0.716346 0.507051 0.648397 0.446154 0.620192 0.390385 0.581731 0.31859 0.599679 0.299359 0.616346 0.294872 0.636859 0.307051 0.667628 0.308974 0.685577 0.292949 0.685577 0.258974 0.672756 0.241026 0.659936 0.197436 0.685577
0 0.002564 0.811218 0.017308 0.827885 0.041667 0.839423 0.063462 0.85609 0.078205 0.909936 0.078846 0.947115 0.080769 0.991987 0.003205 0.993269
0 0.003205 0.233013 0.039103 0.197115 0.064103 0.181731 0.089103 0.21891 0.121154 0.329167 0.142949 0.361218 0.185256 0.379167 0.214744 0.363782 0.226923 0.320192 0.221154 0.280449 0.192308 0.240705 0.159615 0.183013 0.128205 0.147115 0.111538 0.089423 0.094872 0.049679 0.076923 0.00609 0.002564 0.00609
0 0.151282 0.017628 0.150641 0.088141 0.158974 0.153526 0.161538 0.179167 0.173077 0.144551 0.192308 0.11891 0.233333 0.122756 0.250641 0.093269 0.253205 0.009936 0.164744 0.008654
0 0.658333 0.722756 0.642308 0.777885 0.642308 0.80609 0.658333 0.820192 0.666667 0.8625 0.707051 0.859936 0.720513 0.8125 0.750641 0.858654 0.770513 0.839423 0.784615 0.777885 0.778205 0.71891 0.742308 0.761218 0.71859 0.761218 0.683333 0.740705 0.669231 0.725321
0 0.889744 0.775321 0.864744 0.803526 0.852564 0.857372 0.851923 0.888141 0.88141 0.886859 0.907051 0.898397 0.900641 0.953526 0.896795 0.986859 0.939744 0.999679 0.960256 0.965064 0.979487 0.936859 0.979487 0.845833 0.957051 0.825321 0.919231 0.804808
0 0.846154 0.335577 0.827564 0.416346 0.84359 0.430449 0.858974 0.441987 0.862179 0.472756 0.892949 0.444551 0.897436 0.430449 0.883974 0.367628 0.869872 0.340705
0 0.942949 0.481731 0.907051 0.480449 0.901923 0.503526 0.922436 0.558654 0.946154 0.598397 0.996795 0.625321 0.996154 0.497115 0.975641 0.503526 0.954487 0.491987
