0 0.695327 0.279772 0.677731 0.318834 0.670693 0.330448 0.64817 0.364231 0.639724 0.385346 0.638316 0.414907 0.634797 0.436022 0.677731 0.443412 0.717849 0.439189 0.791047 0.429688 0.835389 0.403294 0.859319 0.370566 0.853688 0.343117 0.820608 0.332559 0.805124 0.310389 0.78049 0.300887 0.749521 0.298775 0.746002 0.298775 0.726295 0.286106 0.700957 0.273438
0 0.879026 0.231208 0.87058 0.260769 0.878322 0.276605 0.889583 0.274493 0.902956 0.26288 0.904364 0.275549 0.914217 0.271326 0.917033 0.245988 0.905771 0.237542
0 0.396903 0.160473 0.360304 0.182644 0.358896 0.210093 0.371565 0.254434 0.394792 0.261824 0.426464 0.241765 0.44969 0.210093 0.452506 0.182644 0.439133 0.14886 0.413795 0.162584
0 0.186458 0.256546 0.187866 0.272382 0.185051 0.286106 0.178012 0.279772 0.168863 0.27766 0.162528 0.294552 0.159009 0.302998 0.144229 0.293497 0.126633 0.291385 0.125225 0.313556 0.125225 0.330448 0.117483 0.342061 0.09848 0.350507 0.078069 0.353674 0.076661 0.358953 0.078069 0.370566 0.091441 0.383235 0.111149 0.390625 0.128041 0.405405 0.154082 0.405405 0.165343 0.423353 0.184347 0.41174 0.195608 0.375845 0.195608 0.353674 0.204054 0.315667 0.211092 0.292441 0.209685 0.264992 0.196312 0.242821
0 0.299775 0.271326 0.297663 0.300887 0.316667 0.317779 0.324409 0.335726 0.339893 0.328336 0.337078 0.29772 0.331447 0.289274 0.318074 0.285051 0.306109 0.276605
0 0.44969 0.2481 0.446875 0.279772 0.448283 0.29772 0.471509 0.290329 0.475732 0.267103 0.465878 0.2481
0 0.839611 0.259713 0.841723 0.285051 0.841723 0.301943 0.86143 0.306166 0.869876 0.3125 0.862838 0.323057 0.902252 0.318834 0.919144 0.326225 0.928998 0.317779 0.924775 0.29772 0.91281 0.290329 0.893102 0.286106 0.878322 0.274493 0.859319 0.261824 0.850873 0.260769
0 0.800197 0.142525 0.814274 0.162584 0.821312 0.192145 0.824127 0.233319 0.819904 0.256546 0.803012 0.263936 0.788936 0.254434 0.779786 0.21326 0.781898 0.174198 0.785417 0.152027
0 0.51022 0.125633 0.5067 0.159417 0.509516 0.193201 0.539077 0.195312 0.570045 0.164696 0.560895 0.123522 0.532038 0.110853
0 0.002055 0.22065 0.000648 0.2481 0.00487 0.272382 0.017539 0.289274 0.020355 0.306166 0.030912 0.291385 0.028097 0.271326 0.025282 0.249155 0.021762 0.209037
