0 0.080128 0.031731 0.077564 0.038141 0.071154 0.063782 0.066026 0.099679 0.063462 0.126603 0.064744 0.163782 0.08141 0.185577 0.094231 0.195833 0.111538 0.202244 0.117949 0.208654 0.119872 0.233013 0.117949 0.267628 0.126923 0.285577 0.133333 0.297115 0.146795 0.295833 0.151923 0.279167 0.164103 0.271474 0.18141 0.271474 0.195513 0.281731 0.196795 0.274038 0.199359 0.225321 0.205769 0.203526 0.196795 0.148397 0.186538 0.185577 0.172436 0.203526 0.155128 0.150962 0.146795 0.104808 0.135897 0.076603 0.122436 0.065064 0.123718 0.029167 0.141667 0.009936 0.116026 0.003526 0.107051 0.015064 0.087821 0.021474
0 0.014103 0.15609 0.019231 0.197115 0.009615 0.225321 0.013462 0.274038 0.013462 0.297115 0.025 0.325321 0.025 0.350962 0.026282 0.381731 0.013462 0.398397 0.009615 0.397115 0.007051 0.413782 0.007051 0.45609 0.021154 0.448397 0.033333 0.453526 0.033974 0.517628 0.034615 0.533013 0.030128 0.534295 0.014103 0.503526 0.007051 0.476603 0.005128 0.507372 0.005128 0.526603 0.005128 0.553526 0.000641 0.593269 0.004487 0.604808 0.023077 0.615064 0.046154 0.620192 0.073718 0.603526 0.095513 0.580449 0.109615 0.540705 0.116026 0.502244 0.125641 0.4625 0.120513 0.4125 0.114103 0.370192 0.110256 0.339423 0.108333 0.295833 0.082051 0.233013 0.062821 0.203526 0.039103 0.180449 0.028846 0.183013 0.023077 0.1625
0 0.151282 0.409936 0.14359 0.4125 0.133974 0.430449 0.133974 0.477885 0.140385 0.499679 0.146795 0.575321 0.147436 0.617628 0.162179 0.615064 0.183974 0.635577 0.209615 0.629167 0.212821 0.6125 0.237179 0.590705 0.247436 0.539423 0.261538 0.480449 0.266667 0.409936 0.269231 0.366346 0.269231 0.324038 0.269231 0.300962 0.290385 0.284295 0.344872 0.25609 0.350641 0.224038 0.355128 0.176603 0.355769 0.134295 0.350641 0.072756 0.340385 0.027885 0.310256 0.016346 0.294872 0.038141 0.276923 0.075321 0.267949 0.10609 0.257692 0.145833 0.248718 0.180449 0.237179 0.234295 0.214103 0.245833 0.207051 0.283013 0.203846 0.300962 0.197436 0.322756 0.192308 0.350962 0.191667 0.407372 0.184615 0.4125
0 0.447436 0.189423 0.416667 0.211218 0.411538 0.248397 0.421154 0.3125 0.430769 0.365064 0.43141 0.420192 0.412821 0.385577 0.398077 0.338141 0.386538 0.394551 0.394872 0.438141 0.413462 0.465064 0.422436 0.465064 0.437179 0.504808 0.426282 0.553526 0.40641 0.565064 0.399359 0.60609 0.403205 0.625321 0.410256 0.629167 0.451282 0.665064 0.460897 0.686859 0.475 0.702244 0.494872 0.711218 0.517308 0.720192 0.532692 0.672756 0.53141 0.641987 0.53141 0.583013 0.539744 0.516346 0.536538 0.463782 0.521795 0.453526 0.490385 0.467628 0.471795 0.467628 0.466667 0.430449 0.466667 0.374038 0.464744 0.336859 0.46859 0.316346 0.491667 0.333013 0.508333 0.363782 0.528205 0.365064 0.530769 0.326603 0.533333 0.288141 0.527564 0.25609 0.502564 0.2625 0.482051 0.257372 0.472436 0.250962 0.473077 0.243269 0.478846 0.225321 0.49359 0.209936 0.494231 0.198397 0.462179 0.186859
0 0.502564 0.020192 0.508974 0.065064 0.516026 0.113782 0.517308 0.15609 0.521154 0.194551 0.542308 0.250962 0.547436 0.284295 0.566667 0.320192 0.575 0.333013 0.610897 0.348397 0.630769 0.336859 0.646795 0.284295 0.634615 0.266346 0.624359 0.229167 0.621795 0.177885 0.594872 0.186859 0.592308 0.141987 0.594231 0.124038 0.589744 0.104808 0.580769 0.072756 0.560256 0.043269 0.555128 0.029167 0.539744 0.002244 0.504487 0.004808
0 0.642949 0.050962 0.642949 0.080449 0.622436 0.117628 0.607051 0.126603 0.608333 0.157372 0.623718 0.159936 0.632692 0.159936 0.649359 0.166346 0.689744 0.203526 0.707692 0.217628 0.729487 0.234295 0.744872 0.235577 0.767308 0.227885 0.791667 0.191987 0.773718 0.127885 0.755128 0.109936 0.744231 0.081731 0.730769 0.036859 0.734615 0.007372 0.641667 0.00609 0.636538 0.035577
0 0.770513 0.31891 0.76859 0.339423 0.740385 0.347115 0.745513 0.384295 0.755769 0.411218 0.753846 0.444551 0.748718 0.459936 0.773718 0.500962 0.789103 0.522756 0.798077 0.539423 0.801923 0.56891 0.801923 0.576603 0.807692 0.561218 0.807692 0.535577 0.827564 0.535577 0.846154 0.51891 0.851282 0.46891 0.836538 0.433013 0.820513 0.425321 0.804487 0.416346 0.797436 0.354808
0 0.642308 0.639423 0.619872 0.675321 0.600641 0.680449 0.585256 0.674038 0.576282 0.690705 0.569231 0.750962 0.555769 0.783013 0.548718 0.830449 0.558974 0.909936 0.587179 0.944551 0.594872 0.95609 0.598077 0.997115 0.658974 0.995833 0.639103 0.953526 0.626923 0.933013 0.635897 0.86891 0.662179 0.840705 0.677564 0.809936 0.688462 0.774038 0.701923 0.708654 0.689103 0.674038 0.665385 0.649679
0 0.001923 0.743269 0.008333 0.757372 0.027564 0.75609 0.039103 0.724038 0.057692 0.735577 0.063462 0.766346 0.048077 0.780449 0.044231 0.791987 0.046154 0.8125 0.06859 0.843269 0.077564 0.859936 0.057051 0.907372 0.04359 0.967628 0.025641 0.952244 0.010897 0.963782 0.001923 0.986859
0 0.120513 0.707372 0.083974 0.748397 0.072436 0.783013 0.096795 0.824038 0.121154 0.843269 0.139103 0.847115 0.155128 0.839423 0.178205 0.830449 0.198718 0.866346 0.228846 0.897115 0.250641 0.880449 0.240385 0.822756 0.221795 0.785577 0.224359 0.739423 0.203205 0.736859 0.180128 0.741987 0.155769 0.685577
0 0.307051 0.630449 0.290385 0.680449 0.283333 0.699679 0.287179 0.774038 0.298718 0.802244 0.312179 0.833013 0.327564 0.838141 0.353846 0.802244 0.363462 0.744551 0.342949 0.739423 0.329487 0.734295 0.317308 0.711218 0.316026 0.677885 0.326282 0.672756 0.341667 0.679167 0.354487 0.695833 0.366667 0.703526 0.382051 0.684295 0.376923 0.641987 0.358974 0.620192 0.335897 0.611218 0.316026 0.615064
0 0.388462 0.85609 0.375 0.916346 0.359615 0.934295 0.353205 0.976603 0.358974 0.991987 0.420513 0.993269 0.428205 0.965064 0.44359 0.971474 0.442949 0.990705 0.507051 0.995833 0.505128 0.959936 0.478205 0.934295 0.458974 0.908654 0.437179 0.885577 0.410256 0.865064
0 0.257692 0.952244 0.250641 0.972756 0.25 0.983013 0.247436 0.997115 0.302564 0.995833 0.3 0.957372 0.29359 0.947115 0.266667 0.947115
0 0.936538 0.013782 0.955128 0.031731 0.978846 0.05609 0.985897 0.095833 0.998718 0.108654 0.997436 0.007372 0.942949 0.004808
0 0.920513 0.454808 0.90641 0.463782 0.89359 0.479167 0.903846 0.521474 0.910897 0.538141 0.922436 0.517628 0.937821 0.490705 0.938462 0.4625
0 0.797436 0.874038 0.787821 0.899679 0.790385 0.91891 0.8 0.935577 0.816026 0.950962 0.823077 0.961218 0.829487 0.944551 0.846154 0.938141 0.855128 0.890705 0.851282 0.875321 0.829487 0.875321 0.807692 0.867628
0 0.902564 0.681731 0.891026 0.671474 0.885897 0.716346 0.882051 0.739423 0.899359 0.767628 0.916026 0.790705 0.945513 0.786859 0.953846 0.752244 0.93141 0.741987 0.914103 0.745833 0.907051 0.745833 0.898077 0.734295 0.903846 0.722756 0.917308 0.70609 0.921154 0.690705
0 0.995513 0.670192 0.973077 0.702244 0.966026 0.730449 0.957692 0.752244 0.969231 0.745833 0.982051 0.770192 0.985897 0.798397 0.984615 0.813782 0.997436 0.821474
0 0.977564 0.870192 0.954487 0.888141 0.939103 0.90609 0.947436 0.926603 0.949359 0.952244 0.948077 0.993269 0.996795 0.991987 0.997436 0.926603 0.985256 0.913782
