0 0.001923 0.245833 0.041667 0.249679 0.046795 0.254808 0.049359 0.279167 0.074359 0.374038 0.083333 0.431731 0.087821 0.490705 0.057692 0.503526 0.038462 0.535577 0.032051 0.56891 0.003205 0.60609
0 0.095513 0.270192 0.101923 0.329167 0.110897 0.370192 0.116026 0.398397 0.132692 0.41891 0.169872 0.424038 0.18141 0.465064 0.219872 0.447115 0.194872 0.391987 0.200641 0.334295 0.201923 0.272756 0.192949 0.253526 0.145513 0.248397 0.110256 0.243269 0.092308 0.253526
0 0.287179 0.049679 0.271795 0.086859 0.257692 0.121474 0.273077 0.159936 0.285897 0.161218 0.314744 0.139423 0.315385 0.107372 0.3 0.065064
0 0.341667 0.177885 0.329487 0.21891 0.298718 0.202244 0.283333 0.2125 0.305128 0.25609 0.332692 0.290705 0.347436 0.309936 0.391026 0.290705 0.39359 0.261218 0.371795 0.200962 0.359615 0.171474
0 0.437179 0.0625 0.437821 0.140705 0.451282 0.176603 0.516026 0.241987 0.549359 0.220192 0.54359 0.181731 0.549359 0.140705 0.603205 0.094551 0.608974 0.075321 0.615385 0.004808 0.440385 0.009936
0 0.642949 0.022756 0.648077 0.06891 0.649359 0.133013 0.648077 0.170192 0.691026 0.170192 0.717949 0.16891 0.723077 0.131731 0.737821 0.086859 0.73141 0.045833 0.694872 0.007372 0.644231 0.007372
0 0.930128 0.316346 0.900641 0.303526 0.892949 0.300962 0.875641 0.334295 0.860256 0.370192 0.85641 0.399679 0.864103 0.421474 0.887179 0.436859 0.896795 0.4625 0.920513 0.495833 0.948718 0.485577 0.977564 0.463782 0.987179 0.41891 0.987821 0.377885 0.971154 0.340705 0.957692 0.330449 0.937179 0.317628
0 0.74359 0.407372 0.741667 0.440705 0.709615 0.448397 0.70641 0.474038 0.688462 0.535577 0.692308 0.566346 0.71859 0.589423 0.721795 0.611218 0.730128 0.645833 0.745513 0.671474 0.762179 0.675321 0.76859 0.679167 0.778205 0.588141 0.766026 0.549679 0.778205 0.515064 0.783333 0.475321 0.778205 0.431731 0.762821 0.41891
0 0.526923 0.440705 0.498718 0.445833 0.483333 0.457372 0.470513 0.457372 0.465385 0.472756 0.482051 0.536859 0.485897 0.558654 0.501282 0.60609 0.507692 0.609936 0.517949 0.598397 0.538462 0.554808 0.550641 0.509936 0.551923 0.466346 0.537821 0.436859
0 0.003846 0.650962 0.024359 0.639423 0.038462 0.61891 0.073718 0.611218 0.105128 0.620192 0.119872 0.644551 0.121795 0.708654 0.117308 0.726603 0.083974 0.721474 0.070513 0.721474 0.05641 0.721474 0.025641 0.724038 0.003205 0.720192
0 0.422436 0.824038 0.423077 0.849679 0.40641 0.871474 0.389744 0.898397 0.372436 0.931731 0.373077 0.963782 0.375641 0.993269 0.542949 0.991987 0.560256 0.941987 0.569231 0.899679 0.539103 0.867628 0.517949 0.877885 0.494231 0.890705 0.475 0.893269 0.463462 0.931731 0.451923 0.925321 0.440385 0.900962 0.451282 0.875321 0.458333 0.857372 0.439744 0.822756 0.433333 0.804808
0 0.897436 0.680449 0.878846 0.716346 0.88141 0.752244 0.867308 0.783013 0.864744 0.8125 0.836538 0.821474 0.81859 0.852244 0.822436 0.884295 0.814744 0.916346 0.802564 0.931731 0.787179 0.949679 0.782051 0.967628 0.784615 0.993269 0.841026 0.994551 0.844231 0.966346 0.871795 0.970192 0.891667 0.938141 0.923077 0.921474 0.949359 0.926603 0.98141 0.897115 0.99359 0.86891 0.997436 0.625321 0.980769 0.599679 0.98141 0.626603 0.984615 0.672756 0.985256 0.703526 0.973718 0.730449 0.939744 0.720192 0.925641 0.711218 0.908333 0.690705
0 0.646795 0.947115 0.653205 0.96891 0.654487 0.993269 0.712179 0.994551 0.685897 0.959936 0.671154 0.952244 0.653846 0.934295 0.647436 0.934295
