0 0.337821 0.4625 0.302564 0.508654 0.279487 0.609936 0.289103 0.65609 0.309615 0.66891 0.332692 0.689423 0.339103 0.647115 0.351282 0.583013 0.370513 0.493269 0.36859 0.453526 0.348718 0.4625
0 0.420513 0.441987 0.410256 0.517628 0.413462 0.540705 0.429487 0.561218 0.447436 0.566346 0.439103 0.479167 0.435256 0.439423 0.413462 0.429167
0 0.25641 0.020192 0.219872 0.1125 0.207051 0.140705 0.259615 0.195833 0.251282 0.240705 0.242949 0.300962 0.252564 0.321474 0.28141 0.299679 0.292308 0.215064 0.301282 0.202244 0.344872 0.20609 0.375641 0.150962 0.394231 0.131731 0.421795 0.143269 0.447436 0.188141 0.489744 0.158654 0.464744 0.088141 0.483974 0.015064 0.473718 0.00609 0.436538 0.009936 0.404487 0.067628 0.364103 0.045833 0.358333 0.007372 0.262821 0.004808
0 0.013462 0.166346 0.049359 0.10609 0.065385 0.057372 0.099359 0.016346 0.112179 0.034295 0.104487 0.091987 0.114744 0.122756 0.092949 0.177885 0.083333 0.221474 0.045513 0.317628 0.00641 0.367628 0.001923 0.176603
0 0.005128 0.825321 0.021795 0.843269 0.016667 0.880449 0.013462 0.904808 0.016667 0.91891 0.03141 0.925321 0.041667 0.872756 0.067949 0.909936 0.062179 0.994551 0.001923 0.994551 0.001923 0.850962
0 0.560897 0.15609 0.553205 0.25609 0.541026 0.304808 0.544231 0.344551 0.621795 0.344551 0.655769 0.374038 0.654487 0.472756 0.730128 0.503526 0.758974 0.50609 0.791026 0.480449 0.810256 0.439423 0.789103 0.327885 0.760897 0.285577 0.691026 0.253526 0.649359 0.134295 0.613462 0.126603 0.571154 0.170192
0 0.832692 0.188141 0.855128 0.257372 0.862821 0.294551 0.855769 0.322756 0.837821 0.324038 0.835256 0.407372 0.844872 0.427885 0.848718 0.500962 0.851282 0.511218 0.890385 0.484295 0.903205 0.381731 0.907692 0.334295 0.934615 0.300962 0.937179 0.224038 0.939744 0.191987 0.910897 0.184295 0.88141 0.193269 0.860256 0.150962 0.837821 0.172756
0 0.870513 0.56891 0.838462 0.720192 0.830128 0.759936 0.81859 0.863782 0.840385 0.961218 0.846795 0.997115 0.951923 0.990705 0.948718 0.945833 0.926923 0.931731 0.913462 0.843269 0.925641 0.761218 0.967308 0.727885 0.964103 0.597115 0.973077 0.522756 0.951282 0.544551 0.937179 0.497115 0.951282 0.465064 0.930128 0.436859 0.915385 0.541987 0.892949 0.570192
0 0.553205 0.653526 0.541026 0.695833 0.562179 0.747115 0.577564 0.766346 0.617949 0.800962 0.641026 0.759936 0.628846 0.691987 0.589744 0.666346
0 0.469231 0.713782 0.475641 0.780449 0.492949 0.847115 0.523718 0.843269 0.523077 0.793269 0.520513 0.779167 0.537821 0.738141 0.528846 0.716346 0.499359 0.735577 0.478205 0.699679 0.470513 0.688141
0 0.505128 0.877885 0.492949 0.941987 0.489744 0.991987 0.539103 0.991987 0.544231 0.959936 0.53141 0.899679 0.527564 0.867628 0.515385 0.858654 0.510256 0.86891
0 0.634615 0.900962 0.635256 0.959936 0.632692 0.994551 0.683974 0.997115 0.690385 0.926603 0.685256 0.904808 0.648718 0.886859 0.640385 0.893269
