0 0.276282 0.241987 0.246795 0.329167 0.23141 0.429167 0.273718 0.548397 0.282692 0.558654 0.322436 0.625321 0.339744 0.624038 0.373077 0.454808 0.394231 0.317628 0.375 0.244551 0.341667 0.286859 0.332051 0.276603 0.285897 0.243269
0 0.565385 0.320192 0.540385 0.377885 0.523718 0.436859 0.51859 0.498397 0.529487 0.526603 0.54359 0.550962 0.603846 0.649679 0.609615 0.722756 0.635897 0.761218 0.66859 0.777885 0.735897 0.7125 0.732692 0.6625 0.717308 0.604808 0.703846 0.485577 0.730769 0.4125 0.724359 0.357372 0.694231 0.399679 0.678205 0.407372 0.637179 0.377885 0.58141 0.325321
0 0.767949 0.476603 0.753205 0.539423 0.748077 0.602244 0.747436 0.649679 0.773077 0.717628 0.803846 0.71891 0.846795 0.693269 0.867308 0.704808 0.905769 0.666346 0.921795 0.589423 0.876923 0.557372 0.832692 0.517628 0.778846 0.486859
0 0.710256 0.0125 0.7 0.079167 0.683333 0.145833 0.675 0.194551 0.673718 0.236859 0.675641 0.280449 0.75641 0.25609 0.767949 0.230449 0.803846 0.167628 0.811538 0.103526 0.759615 0.00609 0.717949 0.008654
0 0.63141 0.004808 0.627564 0.052244 0.623718 0.084295 0.633333 0.098397 0.658333 0.0625 0.691667 0.00609
0 0.307692 0.015064 0.304487 0.089423 0.312179 0.102244 0.403205 0.1625 0.447436 0.165064 0.470513 0.140705 0.472436 0.089423 0.460256 0.004808 0.31859 0.004808
0 0.130769 0.120192 0.094231 0.094551 0.066667 0.091987 0.082051 0.186859 0.095513 0.253526 0.078205 0.315064 0.128205 0.335577 0.148718 0.250962 0.148718 0.174038 0.158974 0.124038
0 0.003846 0.450962 0.030769 0.450962 0.05641 0.476603 0.077564 0.484295 0.103205 0.504808 0.1 0.625321 0.09359 0.685577 0.072436 0.733013 0.002564 0.736859
0 0.142308 0.552244 0.141026 0.61891 0.147436 0.65609 0.153846 0.680449 0.167949 0.661218 0.175 0.594551 0.167308 0.540705
0 0.222436 0.500962 0.208333 0.559936 0.197436 0.598397 0.239744 0.698397 0.247436 0.772756 0.283974 0.771474 0.303846 0.684295 0.298718 0.640705 0.258333 0.636859 0.25641 0.567628 0.25641 0.526603 0.239744 0.491987
0 0.458333 0.422756 0.428846 0.466346 0.426282 0.507372 0.417308 0.515064 0.409615 0.490705 0.401282 0.46891 0.378205 0.509936 0.375641 0.572756 0.416667 0.585577 0.437179 0.561218 0.480769 0.509936 0.505769 0.477885 0.511538 0.424038 0.473077 0.424038
0 0.476282 0.786859 0.430769 0.793269 0.399359 0.820192 0.398077 0.844551 0.404487 0.876603 0.409615 0.902244 0.420513 0.926603 0.439103 0.939423 0.458333 0.936859 0.492308 0.945833 0.547436 0.983013 0.567949 0.970192 0.587179 0.927885 0.589103 0.820192 0.59359 0.793269 0.575641 0.771474 0.523718 0.744551 0.494231 0.758654 0.483974 0.76891
0 0.837821 0.280449 0.826282 0.330449 0.837821 0.40609 0.860256 0.431731 0.889103 0.452244 0.905128 0.479167 0.927564 0.463782 0.93141 0.431731 0.907051 0.386859 0.883333 0.350962 0.849359 0.293269
0 0.853205 0.900962 0.798718 0.915064 0.820513 0.950962 0.846795 0.990705 0.921154 0.994551 0.892308 0.945833
