0 0.125 0.293269 0.13269200000000003 0.338141 0.13333300000000003 0.353526 0.142308 0.395833 0.142308 0.416346 0.13076900000000002 0.461218 0.123718 0.488141 0.11538499999999996 0.520192 0.10705100000000001 0.538141 0.09743599999999997 0.5625 0.083974 0.572756 0.06538500000000003 0.575321 0.047436000000000034 0.576603 0.02884600000000004 0.565064 0.01474399999999998 0.55609 0.001923000000000008 0.529167 0.0012820000000000054 0.299679 0.025641000000000025 0.317628 0.04487200000000002 0.313782 0.06923100000000004 0.317628 0.086538 0.317628 0.09102600000000005 0.302244 0.11282099999999995 0.280449
0 0.19807699999999995 0.008654 0.21602600000000005 0.043269 0.22628199999999998 0.057372 0.23846199999999995 0.030449 0.25897400000000004 0.030449 0.269231 0.076603 0.27884600000000004 0.102244 0.28141000000000005 0.141987 0.28141000000000005 0.157372 0.28141000000000005 0.198397 0.275 0.254808 0.270513 0.283013 0.266667 0.291987 0.24230799999999997 0.311218 0.230769 0.343269 0.230769 0.353526 0.230128 0.371474 0.21794899999999995 0.375321 0.209615 0.357372 0.19294900000000004 0.349679 0.18140999999999996 0.344551 0.166026 0.324038 0.17051300000000003 0.289423 0.17051300000000003 0.2625 0.16859000000000002 0.225321 0.15897399999999995 0.174038 0.142308 0.130449 0.13141000000000003 0.109936 0.13012800000000002 0.085577 0.13012800000000002 0.063782 0.13012800000000002 0.038141 0.123718 0.027885 0.11730799999999997 0.021474 0.11153800000000003 0.00609 0.19102600000000003 0.007372
0 0.43205099999999996 0.277885 0.43140999999999996 0.295833 0.43012799999999995 0.339423 0.42628200000000005 0.398397 0.42756400000000006 0.421474 0.42948699999999995 0.453526 0.43205099999999996 0.4625 0.44359000000000004 0.486859 0.45192299999999996 0.491987 0.44294900000000004 0.503526 0.43205099999999996 0.529167 0.42820499999999995 0.540705 0.417949 0.543269 0.401282 0.536859 0.372436 0.540705 0.373077 0.520192 0.396154 0.465064 0.40641000000000005 0.426603 0.398718 0.397115 0.38205100000000003 0.376603 0.36217900000000003 0.340705 0.36794899999999997 0.309936 0.392949 0.288141 0.413462 0.2625 0.416667 0.254808
0 0.4 0.074038 0.414103 0.109936 0.42500000000000004 0.098397 0.42692300000000005 0.140705 0.44102600000000003 0.170192 0.44166700000000003 0.199679 0.42820499999999995 0.215064 0.40833299999999995 0.229167 0.36794899999999997 0.1625 0.360256 0.139423 0.357051 0.107372 0.36282099999999995 0.085577 0.369231 0.071474 0.38782099999999997 0.0625 0.392949 0.072756
0 0.30128200000000005 0.348397 0.30705099999999996 0.358654 0.33974400000000005 0.391987 0.34102600000000005 0.411218 0.34230799999999995 0.439423 0.34487199999999996 0.483013 0.33846200000000004 0.525321 0.33141 0.531731 0.29871800000000004 0.520192 0.28461499999999995 0.493269 0.269231 0.475321 0.254487 0.457372 0.25833300000000003 0.426603 0.27692300000000003 0.371474
0 0.392949 0.590705 0.392949 0.617628 0.414744 0.617628 0.44679500000000005 0.61891 0.486538 0.659936 0.494872 0.691987 0.496154 0.739423 0.498077 0.763782 0.498718 0.808654 0.48717900000000003 0.835577 0.458974 0.798397 0.43140999999999996 0.75609 0.40320500000000004 0.740705 0.373718 0.726603 0.36410299999999995 0.715064 0.351282 0.693269 0.352564 0.640705 0.358333 0.621474 0.371795 0.602244 0.38397400000000004 0.586859
0 0.55 0.033013 0.560256 0.066346 0.562179 0.104808 0.570513 0.133013 0.583333 0.153526 0.596795 0.157372 0.60641 0.177885 0.616026 0.217628 0.616026 0.252244 0.594231 0.293269 0.585897 0.311218 0.5564100000000001 0.289423 0.552564 0.281731 0.533974 0.3125 0.5314099999999999 0.363782 0.519231 0.393269 0.500641 0.400962 0.482051 0.407372 0.475641 0.36891 0.47051299999999996 0.267628 0.48141 0.21891 0.494231 0.1625 0.503205 0.117628 0.503205 0.066346 0.503205 0.041987 0.503846 0.0125 0.536538 0.009936
0 0.744872 0.009936 0.733333 0.025321 0.733333 0.05609 0.711538 0.090705 0.704487 0.102244 0.697436 0.104808 0.6814100000000001 0.089423 0.6769229999999999 0.077885 0.676282 0.054808 0.662821 0.038141 0.646795 0.008654 0.736538 0.00609
0 0.888462 0.645833 0.888462 0.667628 0.920513 0.690705 0.924359 0.725321 0.935897 0.75609 0.936538 0.781731 0.939103 0.797115 0.91859 0.822756 0.905128 0.831731 0.883974 0.845833 0.876282 0.871474 0.853205 0.863782 0.838462 0.833013 0.830128 0.785577 0.8230770000000001 0.683013 0.845513 0.667628 0.867308 0.666346 0.875641 0.672756 0.880769 0.667628
0 0.567949 0.415064 0.573718 0.448397 0.589744 0.461218 0.6 0.474038 0.591026 0.521474 0.584615 0.541987 0.566667 0.565064 0.5564100000000001 0.534295 0.5538460000000001 0.491987 0.5538460000000001 0.461218 0.5576920000000001 0.433013
0 0.13974399999999998 0.694551 0.14038499999999998 0.707372 0.17371800000000004 0.738141 0.18205099999999996 0.747115 0.19487200000000005 0.772756 0.19551300000000005 0.813782 0.22179499999999996 0.798397 0.20128199999999996 0.853526 0.20448699999999997 0.881731 0.18846200000000002 0.915064 0.17628200000000005 0.924038 0.167308 0.930449 0.15448700000000004 0.915064 0.14935900000000002 0.867628 0.127564 0.820192 0.126923 0.799679 0.105128 0.76891 0.083974 0.758654 0.08140999999999998 0.734295 0.083974 0.715064 0.12948700000000002 0.707372
0 0.20384599999999997 0.55609 0.21858999999999995 0.603526 0.22243599999999997 0.620192 0.22564099999999998 0.657372 0.22435899999999998 0.679167 0.20448699999999997 0.683013 0.18333299999999997 0.643269 0.17692300000000005 0.622756 0.17692300000000005 0.575321 0.18910300000000002 0.559936
0 0.996154 0.400962 0.996795 0.420192 0.982051 0.470192 0.967949 0.476603 0.95 0.477885 0.921154 0.479167 0.9 0.491987 0.8871789999999999 0.508654 0.884615 0.548397 0.888462 0.5625 0.897436 0.565064 0.919231 0.558654 0.937821 0.535577 0.954487 0.549679 0.954487 0.576603 0.954487 0.597115 0.975 0.626603 0.985897 0.641987 0.989103 0.663782 0.987821 0.690705 0.969231 0.704808 0.941026 0.7125 0.942949 0.745833 0.95641 0.772756 0.971154 0.802244 0.978205 0.813782 0.990385 0.820192 0.998077 0.821474 0.999359 0.424038
0 0.482051 0.941987 0.496154 0.961218 0.5 0.972756 0.508974 0.994551 0.455769 0.993269 0.46474400000000005 0.970192 0.473718 0.944551