0 0.646795 0.080449 0.713462 0.150962 0.696795 0.258654 0.6717949999999999 0.35609 0.671154 0.486859 0.649359 0.599679 0.64359 0.624038 0.641667 0.708654 0.637821 0.716346 0.601282 0.736859 0.580769 0.658654 0.510256 0.599679 0.501923 0.567628 0.485897 0.502244 0.41089699999999996 0.333013 0.41153799999999996 0.270192 0.476923 0.074038 0.503846 0.025321 0.5371790000000001 0.030449 0.594231 0.071474 0.607051 0.081731 0.625 0.098397
0 0.853205 0.021474 0.849359 0.113782 0.817308 0.1625 0.8 0.217628 0.780769 0.341987 0.748718 0.465064 0.723077 0.497115 0.75 0.631731 0.753205 0.647115 0.745513 0.653526 0.712179 0.599679 0.663462 0.607372 0.663462 0.630449 0.6525639999999999 0.693269 0.640385 0.721474 0.627564 0.739423 0.6153850000000001 0.776603 0.671154 0.752244 0.696795 0.753526 0.8019229999999999 0.711218 0.9 0.711218 0.923077 0.681731 0.963462 0.61891 0.998077 0.543269 0.99359 0.248397 0.978205 0.139423 0.973718 0.080449 0.978846 0.004808 0.857051 0.004808
0 0.358974 0.139423 0.380769 0.221474 0.373077 0.279167 0.375641 0.330449 0.335897 0.291987 0.315385 0.244551 0.295513 0.197115 0.294231 0.167628 0.313462 0.161218 0.34294899999999995 0.1625
0 0.23397400000000002 0.017628 0.20512799999999998 0.15609 0.19615400000000005 0.222756 0.18333299999999997 0.299679 0.167308 0.345833 0.14359 0.311218 0.12948700000000002 0.211218 0.11346199999999995 0.233013 0.06346200000000002 0.288141 0.038461999999999996 0.2625 0.003846000000000016 0.197115 0.005128000000000021 0.016346 0.020513000000000003 0.041987 0.062178999999999984 0.024038 0.09871799999999997 0.052244 0.125641 0.041987 0.11987199999999998 0.002244 0.229487 0.002244
0 0.057691999999999966 0.398397 0.06089699999999998 0.467628 0.09551299999999996 0.533013 0.11538499999999996 0.574038 0.126282 0.586859 0.13076900000000002 0.586859 0.144231 0.520192 0.16987200000000002 0.4625 0.18525599999999998 0.534295 0.18333299999999997 0.576603 0.15192300000000003 0.598397 0.141667 0.643269 0.146154 0.647115 0.17500000000000004 0.639423 0.17179500000000003 0.744551 0.15000000000000002 0.783013 0.141667 0.794551 0.09999999999999998 0.815064 0.07115400000000005 0.825321 0.030128000000000044 0.811218 0.0025640000000000107 0.822756 0.004487000000000019 0.661218 0.012820999999999971 0.663782 0.05384599999999995 0.65609 0.05897399999999997 0.626603 0.05320499999999995 0.604808 0.045513000000000026 0.583013 0.040385000000000004 0.4625 0.03205100000000005 0.420192 0.026282000000000028 0.403526 0.039744 0.390705
0 0.294872 0.708654 0.30833299999999997 0.759936 0.34807699999999997 0.798397 0.38397400000000004 0.80609 0.41153799999999996 0.81891 0.42115400000000003 0.829167 0.42243600000000003 0.848397 0.416026 0.883013 0.40705100000000005 0.911218 0.394872 0.95609 0.38653800000000005 0.986859 0.34551299999999996 0.976603 0.34230799999999995 0.929167 0.34038500000000005 0.866346 0.32756399999999997 0.841987 0.314103 0.875321 0.312179 0.9125 0.30769199999999997 0.929167 0.27884600000000004 0.924038 0.255128 0.965064 0.25 0.993269 0.21923099999999995 0.989423 0.228846 0.944551 0.21858999999999995 0.867628 0.21730799999999995 0.816346 0.232692 0.750962 0.26153800000000005 0.7125
0 0.30769199999999997 0.481731 0.36602599999999996 0.552244 0.40833299999999995 0.576603 0.43269199999999997 0.577885 0.474359 0.589423 0.48717900000000003 0.620192 0.48782099999999995 0.688141 0.476282 0.708654 0.43140999999999996 0.689423 0.34743599999999997 0.648397 0.30833299999999997 0.60609 0.25705100000000003 0.550962 0.248077 0.5125 0.29807700000000004 0.474038
0 0.996154 0.849679 0.987179 0.86891 0.976923 0.883013 0.983333 0.917628 0.984615 0.935577 0.983333 0.949679 0.978846 0.967628 0.973077 0.993269 0.998718 0.998397
0 0.803205 0.9125 0.773718 0.916346 0.744231 0.954808 0.771795 0.995833 0.892949 0.995833 0.862179 0.967628 0.853846 0.945833 0.851923 0.935577 0.830769 0.935577 0.823718 0.929167 0.814103 0.9125
0 0.565385 0.983013 0.533974 0.944551 0.512821 0.936859 0.495513 0.944551 0.486538 0.95609 0.483333 0.991987 0.553205 0.997115
0 0.20192299999999996 0.920192 0.18717899999999998 0.886859 0.15256400000000003 0.890705 0.13589700000000005 0.897115 0.13525600000000004 0.924038 0.13461500000000004 0.940705 0.125 0.952244 0.12115399999999998 0.989423 0.147436 0.994551 0.15961499999999995 0.9625 0.18589699999999998 0.949679 0.18974400000000002 0.943269