0 0.06346200000000002 0.086859 0.09743599999999997 0.159936 0.103846 0.230449 0.09807699999999997 0.291987 0.07051300000000005 0.303526 0.04423100000000002 0.271474 0.0025640000000000107 0.220192 0.001923000000000008 0.099679 0.02179500000000001 0.095833 0.028205000000000036 0.070192 0.042949000000000015 0.075321
0 0.20705099999999999 0.085577 0.227564 0.134295 0.19230800000000003 0.208654 0.210256 0.254808 0.24358999999999997 0.284295 0.275 0.320192 0.28333299999999995 0.384295 0.309615 0.430449 0.27948700000000004 0.516346 0.274359 0.563782 0.208974 0.626603 0.19679500000000005 0.6625 0.18846200000000002 0.680449 0.16217899999999996 0.657372 0.13461500000000004 0.591987 0.105769 0.561218 0.08910300000000004 0.604808 0.07628199999999996 0.649679 0.06923100000000004 0.675321 0.059614999999999974 0.727885 0.05576899999999996 0.749679 0.030128000000000044 0.753526 0.012179000000000051 0.699679 0.004487000000000019 0.584295 0.03141000000000005 0.552244 0.03397399999999995 0.503526 0.023077000000000014 0.421474 0.025000000000000022 0.359936 0.04871800000000004 0.31891 0.08140999999999998 0.35609 0.11538499999999996 0.354808 0.146795 0.300962 0.18525599999999998 0.250962 0.15256400000000003 0.209936 0.17115400000000003 0.06891
0 0.392308 0.374038 0.419872 0.390705 0.44230800000000003 0.430449 0.45641 0.495833 0.44423100000000004 0.581731 0.420513 0.591987 0.42948699999999995 0.665064 0.43012799999999995 0.695833 0.40512800000000004 0.748397 0.369231 0.776603 0.349359 0.774038 0.34102600000000005 0.733013 0.32115400000000005 0.688141 0.29807700000000004 0.639423 0.29935900000000004 0.553526 0.376923 0.509936 0.36346199999999995 0.470192 0.357692 0.397115 0.36666699999999997 0.375321
0 0.558333 0.481731 0.583974 0.497115 0.621154 0.50609 0.6320509999999999 0.541987 0.64359 0.608654 0.6608970000000001 0.658654 0.669872 0.697115 0.64359 0.743269 0.610897 0.766346 0.591026 0.781731 0.571795 0.770192 0.5538460000000001 0.707372 0.5346150000000001 0.626603 0.523077 0.583013 0.520513 0.541987 0.524359 0.493269 0.5467949999999999 0.483013
0 0.778846 0.463782 0.776923 0.51891 0.7814099999999999 0.554808 0.790385 0.611218 0.773077 0.713782 0.7621789999999999 0.739423 0.749359 0.758654 0.745513 0.738141 0.749359 0.690705 0.728846 0.685577 0.7173080000000001 0.731731 0.6980770000000001 0.747115 0.685256 0.724038 0.684615 0.661218 0.695513 0.620192 0.723718 0.561218 0.733333 0.513782 0.7416670000000001 0.463782 0.7858970000000001 0.461218 0.7846150000000001 0.472756
0 0.749359 0.767628 0.775 0.786859 0.787179 0.824038 0.786538 0.86891 0.771154 0.917628 0.780769 0.95609 0.759615 0.983013 0.745513 0.952244 0.730128 0.936859 0.696795 0.944551 0.691667 0.853526 0.7 0.815064 0.727564 0.798397 0.734615 0.788141 0.734615 0.744551
0 0.998718 0.222756 0.983974 0.272756 0.961538 0.283013 0.937821 0.433013 0.925 0.489423 0.917308 0.527885 0.896154 0.547115 0.8448720000000001 0.602244 0.837179 0.683013 0.846154 0.700962 0.869872 0.693269 0.899359 0.684295 0.920513 0.683013 0.945513 0.684295 0.958974 0.679167 0.998077 0.665064
0 0.907051 0.953526 0.864744 0.929167 0.857051 0.927885 0.827564 0.943269 0.803205 0.954808 0.7826919999999999 0.993269 0.894872 0.990705
0 0.478846 0.783013 0.497436 0.844551 0.478205 0.885577 0.460256 0.908654 0.44102600000000003 0.941987 0.44871799999999995 0.981731 0.43333299999999997 0.988141 0.42628200000000005 0.950962 0.394231 0.970192 0.380128 0.977885 0.371154 0.979167 0.36346199999999995 0.972756 0.378205 0.902244 0.396795 0.870192 0.40705100000000005 0.865064 0.42371800000000004 0.863782 0.436538 0.833013 0.460256 0.765064
0 0.30512799999999995 0.861218 0.33846200000000004 0.894551 0.34294899999999995 0.915064 0.350641 0.938141 0.351282 0.959936 0.355769 0.993269 0.24358999999999997 0.994551 0.253205 0.948397 0.24615399999999998 0.895833 0.25 0.870192 0.276282 0.867628
0 0.13782099999999997 0.865064 0.15064100000000002 0.902244 0.18846200000000002 0.91891 0.18333299999999997 0.990705 0.038461999999999996 0.990705 0.033332999999999946 0.917628 0.040385000000000004 0.874038 0.09871799999999997 0.853526 0.10064099999999998 0.885577 0.08782100000000004 0.917628 0.09487199999999996 0.95609 0.11923099999999998 0.908654 0.11346199999999995 0.865064