0 0.31602600000000003 0.016346 0.30448699999999995 0.053526 0.30192300000000005 0.113782 0.314103 0.131731 0.32692299999999996 0.135577 0.34743599999999997 0.103526 0.375 0.097115 0.389744 0.147115 0.38717900000000005 0.2125 0.380128 0.261218 0.36859 0.298397 0.360897 0.313782 0.294872 0.35609 0.25897400000000004 0.322756 0.230128 0.304808 0.21602600000000005 0.284295 0.21923099999999995 0.250962 0.23461500000000002 0.20609 0.23846199999999995 0.180449 0.23846199999999995 0.144551 0.208333 0.100962 0.20064099999999996 0.065064 0.19871799999999995 0.013782 0.19999999999999996 0.004808 0.30640999999999996 0.004808
0 0.5711539999999999 0.007372 0.5756410000000001 0.065064 0.596795 0.103526 0.602564 0.133013 0.601923 0.176603 0.603205 0.198397 0.609615 0.211218 0.639744 0.211218 0.641026 0.240705 0.641026 0.297115 0.630128 0.354808 0.594231 0.325321 0.561538 0.284295 0.5288459999999999 0.226603 0.5121789999999999 0.163782 0.485897 0.086859 0.499359 0.044551 0.513462 0.003526
0 0.09487199999999996 0.007372 0.09743599999999997 0.072756 0.08846200000000004 0.121474 0.060255999999999976 0.184295 0.030128000000000044 0.191987 0.005769000000000024 0.180449 0.004487000000000019 0.115064 0.023077000000000014 0.108654 0.020513000000000003 0.034295 0.0070510000000000295 0.003526
0 0.16987200000000002 0.200962 0.16794900000000001 0.249679 0.164103 0.279167 0.15448700000000004 0.291987 0.144872 0.295833 0.12243599999999999 0.279167 0.10833300000000001 0.247115 0.11089700000000002 0.235577 0.13717900000000005 0.220192 0.15641000000000005 0.234295 0.15769200000000005 0.185577
0 0.389744 0.45609 0.40641000000000005 0.493269 0.42948699999999995 0.491987 0.42756400000000006 0.50609 0.41859 0.553526 0.412821 0.590705 0.41025599999999995 0.625321 0.40833299999999995 0.640705 0.372436 0.657372 0.358974 0.640705 0.34487199999999996 0.603526 0.34615399999999996 0.548397 0.36282099999999995 0.500962 0.371154 0.471474
0 0.812821 0.7125 0.813462 0.771474 0.820513 0.813782 0.821795 0.850962 0.832051 0.871474 0.844231 0.900962 0.855769 0.922756 0.849359 0.991987 0.7416670000000001 0.991987 0.748718 0.954808 0.762821 0.904808 0.7621789999999999 0.854808 0.754487 0.81891 0.729487 0.827885 0.7141029999999999 0.843269 0.695513 0.830449 0.673718 0.803526 0.629487 0.740705 0.589744 0.76891 0.562179 0.777885 0.536538 0.817628 0.512821 0.786859 0.458333 0.716346 0.49294899999999997 0.648397 0.5538460000000001 0.620192 0.609615 0.581731 0.6814100000000001 0.599679 0.7006410000000001 0.616346 0.705128 0.636859 0.692949 0.667628 0.6910259999999999 0.685577 0.707051 0.685577 0.741026 0.672756 0.758974 0.659936 0.802564 0.685577
0 0.997436 0.811218 0.982692 0.827885 0.958333 0.839423 0.936538 0.85609 0.921795 0.909936 0.921154 0.947115 0.919231 0.991987 0.996795 0.993269
0 0.996795 0.233013 0.960897 0.197115 0.935897 0.181731 0.910897 0.21891 0.878846 0.329167 0.857051 0.361218 0.814744 0.379167 0.785256 0.363782 0.773077 0.320192 0.778846 0.280449 0.807692 0.240705 0.8403849999999999 0.183013 0.871795 0.147115 0.888462 0.089423 0.905128 0.049679 0.923077 0.00609 0.997436 0.00609
0 0.848718 0.017628 0.849359 0.088141 0.841026 0.153526 0.838462 0.179167 0.826923 0.144551 0.807692 0.11891 0.766667 0.122756 0.749359 0.093269 0.746795 0.009936 0.835256 0.008654
0 0.34166700000000005 0.722756 0.357692 0.777885 0.357692 0.80609 0.34166700000000005 0.820192 0.333333 0.8625 0.292949 0.859936 0.27948700000000004 0.8125 0.249359 0.858654 0.229487 0.839423 0.21538500000000005 0.777885 0.22179499999999996 0.71891 0.25769200000000003 0.761218 0.28141000000000005 0.761218 0.31666700000000003 0.740705 0.330769 0.725321
0 0.11025600000000002 0.775321 0.13525600000000004 0.803526 0.147436 0.857372 0.14807700000000001 0.888141 0.11858999999999997 0.886859 0.09294899999999995 0.898397 0.09935899999999998 0.953526 0.10320499999999999 0.986859 0.060255999999999976 0.999679 0.039744 0.965064 0.020513000000000003 0.936859 0.020513000000000003 0.845833 0.042949000000000015 0.825321 0.08076899999999998 0.804808
0 0.15384600000000004 0.335577 0.17243600000000003 0.416346 0.15641000000000005 0.430449 0.14102599999999998 0.441987 0.13782099999999997 0.472756 0.10705100000000001 0.444551 0.10256399999999999 0.430449 0.11602599999999996 0.367628 0.13012800000000002 0.340705
0 0.05705099999999996 0.481731 0.09294899999999995 0.480449 0.09807699999999997 0.503526 0.07756399999999997 0.558654 0.05384599999999995 0.598397 0.0032050000000000134 0.625321 0.003846000000000016 0.497115 0.02435900000000002 0.503526 0.045513000000000026 0.491987