0 0.23525600000000002 0.015064 0.24230799999999997 0.102244 0.24230799999999997 0.144551 0.21410300000000004 0.131731 0.212179 0.089423 0.19871799999999995 0.109936 0.19487200000000005 0.124038 0.19551300000000005 0.152244 0.19359000000000004 0.197115 0.19807699999999995 0.229167 0.210897 0.243269 0.21858999999999995 0.265064 0.21858999999999995 0.279167 0.207692 0.295833 0.18397399999999997 0.298397 0.15641000000000005 0.286859 0.126923 0.283013 0.126923 0.261218 0.12884600000000002 0.217628 0.145513 0.176603 0.15448700000000004 0.149679 0.163462 0.109936 0.17115400000000003 0.067628 0.17115400000000003 0.029167 0.17820499999999995 0.004808
0 0.44871799999999995 0.00609 0.45384599999999997 0.079167 0.44999999999999996 0.115064 0.46410300000000004 0.141987 0.48974399999999996 0.133013 0.46987199999999996 0.177885 0.455769 0.216346 0.45128199999999996 0.215064 0.45256399999999997 0.190705 0.42756400000000006 0.183013 0.42948699999999995 0.170192 0.42948699999999995 0.141987 0.42179500000000003 0.099679 0.416026 0.083013 0.400641 0.066346 0.388462 0.016346 0.392308 0.004808
0 0.48782099999999995 0.226603 0.51859 0.239423 0.536538 0.254808 0.5916669999999999 0.272756 0.625641 0.304808 0.653205 0.244551 0.678205 0.186859 0.676282 0.274038 0.669231 0.321474 0.636538 0.380449 0.621154 0.40609 0.577564 0.365064 0.548718 0.345833 0.521154 0.3625 0.480769 0.294551 0.47179499999999996 0.316346 0.479487 0.349679 0.480128 0.370192 0.460897 0.3625 0.435897 0.425321 0.44487200000000005 0.45609 0.45320499999999997 0.490705 0.45256399999999997 0.50609 0.42884599999999995 0.511218 0.40833299999999995 0.485577 0.40512800000000004 0.440705 0.40769200000000005 0.394551 0.400641 0.353526 0.41859 0.293269 0.436538 0.249679 0.457051 0.231731
0 0.333974 0.245833 0.36730799999999997 0.281731 0.36282099999999995 0.343269 0.35641 0.400962 0.350641 0.435577 0.34230799999999995 0.444551 0.29935900000000004 0.493269 0.273077 0.504808 0.24487199999999998 0.472756 0.23653800000000003 0.416346 0.23910299999999995 0.375321 0.289744 0.330449 0.310897 0.31891 0.314744 0.272756 0.32051300000000005 0.245833
0 0.07820499999999997 0.183013 0.12115399999999998 0.202244 0.11410299999999995 0.297115 0.10641 0.326603 0.08782100000000004 0.348397 0.06859000000000004 0.358654 0.04615400000000003 0.329167 0.03461499999999995 0.26891 0.04679500000000003 0.225321 0.05320499999999995 0.203526
0 0.018589999999999995 0.027885 0.035255999999999954 0.050962 0.019872 0.065064 0.013461999999999974 0.094551 0.0025640000000000107 0.100962 0.0012820000000000054 0.029167 0.026282000000000028 0.024038
0 0.921795 0.011218 0.921154 0.057372 0.904487 0.1125 0.889744 0.115064 0.849359 0.107372 0.827564 0.116346 0.817308 0.135577 0.798718 0.152244 0.760256 0.143269 0.748718 0.147115 0.7185900000000001 0.145833 0.7 0.113782 0.698718 0.081731 0.725641 0.052244 0.7621789999999999 0.058654 0.7801279999999999 0.031731 0.7826919999999999 0.007372 0.819231 0.008654
0 0.967949 0.263782 0.923718 0.266346 0.897436 0.241987 0.896795 0.280449 0.896154 0.303526 0.887821 0.315064 0.878205 0.31891 0.852564 0.313782 0.829487 0.274038 0.792949 0.277885 0.774359 0.257372 0.761538 0.350962 0.8006409999999999 0.404808 0.814744 0.439423 0.849359 0.440705 0.876282 0.416346 0.8871789999999999 0.415064 0.914744 0.417628 0.925641 0.398397 0.944872 0.325321 0.973718 0.358654 0.976923 0.293269
0 0.916026 0.458654 0.919231 0.520192 0.926282 0.550962 0.925641 0.589423 0.920513 0.685577 0.921795 0.707372 0.910256 0.745833 0.9064099999999999 0.749679 0.883333 0.747115 0.869872 0.689423 0.836538 0.685577 0.819231 0.629167 0.811538 0.567628 0.817949 0.495833 0.830769 0.470192 0.858333 0.46891 0.882692 0.434295 0.9064099999999999 0.425321 0.924359 0.431731
0 0.994231 0.844551 0.976282 0.813782 0.961538 0.833013 0.950641 0.839423 0.921154 0.824038 0.923718 0.789423 0.917308 0.781731 0.882692 0.798397 0.872436 0.822756 0.878205 0.86891 0.892308 0.893269 0.9083330000000001 0.898397 0.942308 0.911218 0.998077 0.936859 0.996795 0.861218
0 0.5326919999999999 0.50609 0.545513 0.511218 0.541667 0.584295 0.5371790000000001 0.599679 0.526923 0.607372 0.501923 0.598397 0.485897 0.570192 0.476923 0.549679 0.505128 0.51891
0 0.601282 0.529167 0.648718 0.533013 0.639103 0.567628 0.632692 0.594551 0.598077 0.567628 0.5769230000000001 0.543269
0 0.21410300000000004 0.470192 0.17051300000000003 0.509936 0.142308 0.516346 0.13653800000000005 0.500962 0.15448700000000004 0.453526 0.18397399999999997 0.434295 0.209615 0.444551
0 0.17115400000000003 0.75609 0.20384599999999997 0.785577 0.20128199999999996 0.847115 0.19615400000000005 0.886859 0.17500000000000004 0.945833 0.13910299999999998 0.913782 0.125 0.86891 0.144231 0.799679
0 0.06794900000000004 0.56891 0.08782100000000004 0.667628 0.08140999999999998 0.683013 0.038461999999999996 0.698397 0.0032050000000000134 0.697115 0.005128000000000021 0.607372 0.04359000000000002 0.557372 0.06602600000000003 0.549679