0 0.03717899999999996 0.347115 0.055127999999999955 0.386859 0.10192299999999999 0.399679 0.11089700000000002 0.529167 0.08846200000000004 0.540705 0.047436000000000034 0.558654 0.020513000000000003 0.547115 0.0025640000000000107 0.498397 0.0012820000000000054 0.363782 0.019872 0.35609
0 0.22115399999999996 0.184295 0.292949 0.199679 0.274359 0.253526 0.266667 0.275321 0.28012800000000004 0.390705 0.271795 0.409936 0.265385 0.434295 0.20064099999999996 0.366346 0.18910300000000002 0.358654 0.17692300000000005 0.317628 0.18525599999999998 0.241987 0.19743599999999994 0.195833 0.19935899999999995 0.185577
0 0.562821 0.00609 0.559615 0.088141 0.542308 0.147115 0.5 0.158654 0.480769 0.109936 0.459615 0.063782 0.43076899999999996 0.007372
0 0.573718 0.222756 0.644872 0.286859 0.671154 0.316346 0.712179 0.335577 0.748077 0.383013 0.775641 0.426603 0.767949 0.444551 0.73141 0.484295 0.702564 0.507372 0.679487 0.471474 0.626282 0.420192 0.5961540000000001 0.381731 0.580128 0.36891 0.541026 0.384295 0.5096149999999999 0.349679 0.49102599999999996 0.317628 0.5108969999999999 0.244551 0.5519229999999999 0.267628 0.5589740000000001 0.250962
0 0.439103 0.115064 0.45384599999999997 0.186859 0.455769 0.243269 0.437821 0.258654 0.43333299999999997 0.321474 0.44743599999999994 0.376603 0.44807699999999995 0.440705 0.44166700000000003 0.461218 0.376282 0.504808 0.360256 0.481731 0.357692 0.426603 0.36666699999999997 0.386859 0.353205 0.345833 0.36217900000000003 0.307372 0.398718 0.252244 0.379487 0.216346 0.396795 0.195833 0.419231 0.152244 0.42435900000000004 0.122756 0.43076899999999996 0.1125
0 0.25 0.016346 0.22307699999999997 0.066346 0.16987200000000002 0.058654 0.167308 0.004808 0.24358999999999997 0.003526
0 0.162821 0.529167 0.18717899999999998 0.580449 0.20512799999999998 0.591987 0.21987199999999996 0.622756 0.21923099999999995 0.652244 0.209615 0.708654 0.21282100000000004 0.761218 0.207692 0.791987 0.142949 0.744551 0.13525600000000004 0.717628 0.13782099999999997 0.657372 0.13269200000000003 0.595833 0.13653800000000005 0.552244
0 0.334615 0.509936 0.353846 0.515064 0.35 0.579167 0.337179 0.590705 0.31923100000000004 0.603526 0.29615400000000003 0.565064 0.294231 0.544551
0 0.010897000000000046 0.661218 0.039103 0.661218 0.042949000000000015 0.665064 0.05128200000000005 0.713782 0.05320499999999995 0.748397 0.04230800000000001 0.785577 0.025641000000000025 0.81891 0.0025640000000000107 0.845833 0.0025640000000000107 0.659936
0 0.837821 0.633013 0.747436 0.6125 0.725 0.565064 0.7166669999999999 0.554808 0.641026 0.554808 0.636538 0.608654 0.599359 0.633013 0.561538 0.688141 0.514103 0.731731 0.412821 0.724038 0.375 0.804808 0.370513 0.826603 0.38397400000000004 0.9625 0.398077 0.994551 0.438462 0.948397 0.461538 0.971474 0.46923099999999995 0.986859 0.5519229999999999 0.995833 0.5589740000000001 0.941987 0.544872 0.867628 0.545513 0.827885 0.553205 0.797115 0.5903849999999999 0.738141 0.639744 0.691987 0.653205 0.703526 0.662821 0.798397 0.692949 0.861218 0.7378210000000001 0.831731 0.819231 0.758654 0.8403849999999999 0.717628
0 0.994872 0.46891 0.957051 0.470192 0.932692 0.393269 0.934615 0.331731 0.95641 0.291987 0.996154 0.298397
0 0.995513 0.193269 0.933974 0.213782 0.904487 0.081731 0.899359 0.021474 0.905769 0.003526 0.998718 0.00609
0 0.991026 0.780449 0.923077 0.767628 0.921795 0.780449 0.983974 0.963782 0.997436 0.995833 0.994872 0.865064
0 0.680769 0.897115 0.685256 0.983013 0.685897 0.991987 0.632692 0.984295 0.623077 0.925321 0.651923 0.885577
0 0.846795 0.949679 0.853846 0.981731 0.851923 0.994551 0.7858970000000001 0.990705 0.812179 0.949679 0.833974 0.949679
0 0.03461499999999995 0.927885 0.050000000000000044 0.9625 0.06538500000000003 0.995833 0.01474399999999998 0.990705 0.02179500000000001 0.952244