0 0.9269229999999999 0.024038 0.924359 0.072756 0.91859 0.103526 0.910897 0.175321 0.894231 0.215064 0.883333 0.216346 0.845513 0.194551 0.839744 0.208654 0.859615 0.263782 0.874359 0.290705 0.887821 0.295833 0.866026 0.343269 0.837821 0.393269 0.8243590000000001 0.435577 0.8038460000000001 0.439423 0.8006409999999999 0.367628 0.789103 0.290705 0.771154 0.209936 0.771795 0.167628 0.802564 0.131731 0.821795 0.133013 0.8256410000000001 0.098397 0.810897 0.045833 0.810897 0.004808 0.925 0.00609
0 0.7403850000000001 0.017628 0.712179 0.049679 0.696795 0.086859 0.692949 0.117628 0.685256 0.231731 0.6788460000000001 0.26891 0.660256 0.25609 0.6346149999999999 0.221474 0.611538 0.198397 0.6 0.166346 0.586538 0.124038 0.580128 0.00609 0.732051 0.008654
0 0.900641 0.497115 0.905128 0.577885 0.911538 0.647115 0.915385 0.684295 0.911538 0.716346 0.901923 0.734295 0.85641 0.750962 0.832692 0.731731 0.817949 0.685577 0.808974 0.639423 0.8038460000000001 0.593269 0.794872 0.554808 0.805769 0.524038 0.829487 0.490705 0.844231 0.463782 0.870513 0.486859
0 0.995513 0.5125 0.978205 0.554808 0.9673080000000001 0.547115 0.951923 0.566346 0.939103 0.611218 0.940385 0.716346 0.957051 0.736859 0.996154 0.797115
0 0.827564 0.776603 0.805769 0.809936 0.81859 0.847115 0.81859 0.85609 0.7814099999999999 0.909936 0.777564 0.911218 0.765385 0.8625 0.767308 0.811218 0.8051280000000001 0.759936 0.816667 0.75609
0 0.65 0.750962 0.685256 0.807372 0.705128 0.852244 0.703846 0.875321 0.690385 0.879167 0.639103 0.933013 0.601282 0.854808 0.6 0.8125 0.626923 0.780449 0.646795 0.763782
0 0.502564 0.644551 0.5108969999999999 0.71891 0.511538 0.75609 0.5121789999999999 0.786859 0.46923099999999995 0.772756 0.44294900000000004 0.766346 0.396795 0.759936 0.36666699999999997 0.76891 0.31794900000000004 0.80609 0.30897399999999997 0.753526 0.292949 0.681731 0.288462 0.645833 0.295513 0.613782 0.35641 0.594551 0.40897399999999995 0.609936 0.44999999999999996 0.620192 0.485897 0.627885
0 0.5333330000000001 0.338141 0.544231 0.383013 0.5083329999999999 0.400962 0.515385 0.436859 0.524359 0.459936 0.5506409999999999 0.465064 0.561538 0.483013 0.560256 0.543269 0.5326919999999999 0.557372 0.49359 0.548397 0.46282100000000004 0.502244 0.42371800000000004 0.452244 0.389103 0.404808 0.369231 0.357372 0.36666699999999997 0.315064 0.43205099999999996 0.253526 0.477564 0.286859 0.49102599999999996 0.321474 0.516026 0.338141
0 0.373077 0.434295 0.35 0.408654 0.267949 0.321474 0.255769 0.329167 0.21282100000000004 0.365064 0.19551300000000005 0.383013 0.17820499999999995 0.407372 0.14807700000000001 0.465064 0.15833299999999995 0.513782 0.18012799999999995 0.554808 0.232692 0.566346 0.270513 0.513782 0.292308 0.445833 0.29679500000000003 0.439423 0.333974 0.483013 0.34743599999999997 0.467628
0 0.497436 0.021474 0.47307699999999997 0.067628 0.48910299999999995 0.138141 0.455769 0.188141 0.44423100000000004 0.213782 0.41153799999999996 0.121474 0.40961499999999995 0.070192 0.398077 0.007372 0.496795 0.007372
0 0.34551299999999996 0.029167 0.360897 0.053526 0.36602599999999996 0.067628 0.36730799999999997 0.097115 0.38589700000000005 0.117628 0.388462 0.113782 0.38589700000000005 0.149679 0.378205 0.158654 0.34487199999999996 0.167628 0.30705099999999996 0.157372 0.29615400000000003 0.089423 0.29679500000000003 0.052244 0.30448699999999995 0.004808 0.337179 0.007372
0 0.18653799999999998 0.044551 0.22692299999999999 0.075321 0.24230799999999997 0.089423 0.255128 0.102244 0.21987199999999996 0.122756 0.22307699999999997 0.16891 0.22307699999999997 0.184295 0.211538 0.189423 0.20192299999999996 0.174038 0.18782100000000002 0.140705 0.18076899999999996 0.11891 0.15384600000000004 0.094551 0.13846199999999997 0.090705 0.125 0.085577 0.13653800000000005 0.058654 0.15961499999999995 0.043269
0 0.11217900000000003 0.020192 0.11923099999999998 0.049679 0.11153800000000003 0.093269 0.10320499999999999 0.120192 0.09743599999999997 0.121474 0.07820499999999997 0.130449 0.059614999999999974 0.166346 0.06602600000000003 0.194551 0.05128200000000005 0.191987 0.037820999999999994 0.158654 0.048077000000000036 0.075321 0.04871800000000004 0.034295 0.057691999999999966 0.094551 0.07051300000000005 0.124038 0.09102600000000005 0.103526 0.09679499999999996 0.088141 0.09230799999999995 0.052244 0.08846200000000004 0.027885 0.09551299999999996 0.009936
0 0.12307699999999999 0.220192 0.14871800000000002 0.261218 0.15961499999999995 0.2625 0.19294900000000004 0.267628 0.20448699999999997 0.271474 0.20705099999999999 0.294551 0.17179500000000003 0.333013 0.17564100000000005 0.349679 0.14871800000000002 0.345833 0.13397400000000004 0.329167 0.11474399999999996 0.286859 0.09230799999999995 0.257372 0.09166700000000005 0.235577 0.103846 0.226603
0 0.0070510000000000295 0.258654 0.023077000000000014 0.311218 0.06153799999999998 0.472756 0.057691999999999966 0.522756 0.03205100000000005 0.530449 0.019230999999999998 0.567628 0.02243600000000001 0.598397 0.012820999999999971 0.6125 0.003846000000000016 0.620192 0.0025640000000000107 0.277885
0 0.11346199999999995 0.715064 0.142949 0.770192 0.144231 0.790705 0.127564 0.800962 0.08269199999999999 0.776603 0.07435899999999995 0.747115 0.083974 0.730449 0.104487 0.720192