0 0.9064099999999999 0.026603 0.876282 0.074038 0.884615 0.130449 0.910897 0.125321 0.9083330000000001 0.213782 0.902564 0.249679 0.862179 0.221474 0.812179 0.193269 0.7801279999999999 0.149679 0.765385 0.080449 0.794231 0.031731 0.817308 0.004808 0.9096150000000001 0.00609
0 0.728205 0.0125 0.713462 0.070192 0.726923 0.098397 0.761538 0.154808 0.760256 0.198397 0.735897 0.235577 0.660256 0.303526 0.619231 0.31891 0.573718 0.327885 0.538462 0.293269 0.521154 0.238141 0.525 0.213782 0.5698719999999999 0.143269 0.5935900000000001 0.065064 0.579487 0.00609 0.723077 0.004808
0 0.46538500000000005 0.091987 0.45064099999999996 0.149679 0.458333 0.225321 0.46538500000000005 0.266346 0.46730799999999995 0.363782 0.46538500000000005 0.436859 0.436538 0.452244 0.36602599999999996 0.375321 0.32628199999999996 0.31891 0.30000000000000004 0.197115 0.253205 0.074038 0.22692299999999999 0.081731 0.19551300000000005 0.074038 0.163462 0.038141 0.15448700000000004 0.00609 0.372436 0.00609 0.391026 0.066346 0.40705100000000005 0.076603 0.460897 0.070192
0 0.126282 0.063782 0.145513 0.100962 0.15512800000000004 0.131731 0.15576900000000005 0.157372 0.141667 0.185577 0.12115399999999998 0.184295 0.11217900000000003 0.191987 0.10128199999999998 0.175321 0.10320499999999999 0.125321 0.10897400000000002 0.077885 0.10961500000000002 0.048397
0 0.02884600000000004 0.093269 0.05128200000000005 0.113782 0.06282100000000002 0.165064 0.05705099999999996 0.197115 0.04935900000000004 0.241987 0.04423100000000002 0.252244 0.001923000000000008 0.322756 0.0032050000000000134 0.061218 0.005128000000000021 0.083013
0 0.142949 0.427885 0.15641000000000005 0.467628 0.164744 0.516346 0.165385 0.530449 0.147436 0.541987 0.12243599999999999 0.5625 0.11217900000000003 0.602244 0.09038500000000005 0.609936 0.08076899999999998 0.559936 0.10128199999999998 0.500962 0.11346199999999995 0.463782
0 0.353846 0.472756 0.360256 0.545833 0.35641 0.598397 0.360256 0.620192 0.392308 0.645833 0.41089699999999996 0.635577 0.48910299999999995 0.647115 0.498718 0.720192 0.48910299999999995 0.791987 0.47243599999999997 0.831731 0.45641 0.859936 0.42179500000000003 0.858654 0.40641000000000005 0.825321 0.39359 0.745833 0.374359 0.7125 0.31666700000000003 0.685577 0.28461499999999995 0.647115 0.263462 0.589423 0.292308 0.508654 0.32307699999999995 0.4625 0.335897 0.457372
0 0.6961539999999999 0.358654 0.703846 0.466346 0.667308 0.521474 0.6583330000000001 0.591987 0.657051 0.621474 0.666026 0.680449 0.6923079999999999 0.691987 0.752564 0.7125 0.757692 0.740705 0.750641 0.803526 0.739744 0.815064 0.648718 0.788141 0.633974 0.784295 0.613462 0.781731 0.591026 0.76891 0.579487 0.799679 0.564744 0.839423 0.558333 0.884295 0.538462 0.886859 0.526282 0.885577 0.525 0.857372 0.535256 0.788141 0.5275639999999999 0.744551 0.5314099999999999 0.629167 0.541667 0.571474 0.562179 0.491987 0.5961540000000001 0.371474
0 0.903205 0.297115 0.923077 0.357372 0.951923 0.372756 0.978846 0.394551 0.996154 0.440705 0.996795 0.484295 0.971154 0.517628 0.954487 0.529167 0.932051 0.475321 0.914103 0.459936 0.862179 0.489423 0.842949 0.420192 0.845513 0.357372 0.879487 0.289423
0 0.08012799999999998 0.652244 0.086538 0.679167 0.126923 0.65609 0.127564 0.6625 0.142308 0.763782 0.13846199999999997 0.783013 0.13333300000000003 0.8125 0.10769200000000001 0.848397 0.08012799999999998 0.877885 0.04871800000000004 0.861218 0.03461499999999995 0.839423 0.03461499999999995 0.802244 0.045513000000000026 0.735577 0.05640999999999996 0.641987
0 0.19423100000000004 0.915064 0.18974400000000002 0.971474 0.19743599999999994 0.994551 0.08333299999999999 0.990705 0.09038500000000005 0.970192 0.13653800000000005 0.935577 0.16153799999999996 0.958654 0.17435900000000004 0.959936 0.18076899999999996 0.90609
0 0.991026 0.966346 0.978846 0.967628 0.9666669999999999 0.938141 0.960897 0.907372 0.93141 0.880449 0.896154 0.863782 0.879487 0.872756 0.885256 0.915064 0.900641 0.939423 0.905769 0.959936 0.917308 0.993269 0.996154 0.993269 0.997436 0.972756
0 0.835256 0.980449 0.834615 0.9625 0.811538 0.961218 0.7993589999999999 0.95609 0.783974 0.949679 0.764744 0.961218 0.767949 0.993269 0.834615 0.994551