0 0.991026 0.209936 0.963462 0.179167 0.928205 0.158654 0.916667 0.186859 0.9083330000000001 0.322756 0.885897 0.350962 0.891026 0.391987 0.894872 0.408654 0.892308 0.498397 0.917308 0.507372 0.934615 0.500962 0.9480770000000001 0.470192 0.9666669999999999 0.429167 0.998718 0.352244 0.998077 0.233013
0 0.834615 0.189423 0.869231 0.202244 0.883974 0.272756 0.853205 0.313782 0.848077 0.341987 0.847436 0.354808 0.8243590000000001 0.376603 0.796154 0.40609 0.789103 0.403526 0.764744 0.340705 0.745513 0.291987 0.747436 0.239423 0.787179 0.197115 0.810256 0.191987 0.822436 0.179167 0.828846 0.179167
0 0.619872 0.334295 0.635256 0.40609 0.638462 0.534295 0.661538 0.522756 0.704487 0.51891 0.710897 0.525321 0.725 0.567628 0.712179 0.630449 0.691667 0.713782 0.6801280000000001 0.763782 0.655769 0.883013 0.63141 0.900962 0.6128210000000001 0.91891 0.604487 0.941987 0.588462 0.9625 0.5358970000000001 0.915064 0.551282 0.850962 0.580128 0.794551 0.586538 0.774038 0.580769 0.699679 0.575 0.699679 0.5480769999999999 0.70609 0.49294899999999997 0.631731 0.511538 0.461218 0.5346150000000001 0.389423 0.5538460000000001 0.340705 0.5782050000000001 0.322756
0 0.358974 0.470192 0.434615 0.507372 0.458333 0.579167 0.484615 0.647115 0.476923 0.694551 0.46794899999999995 0.727885 0.46410300000000004 0.785577 0.46858999999999995 0.834295 0.458974 0.858654 0.440385 0.86891 0.41089699999999996 0.813782 0.377564 0.758654 0.34423099999999995 0.708654 0.332051 0.645833 0.290385 0.561218 0.310256 0.495833 0.330128 0.466346
0 0.28076900000000005 0.593269 0.291667 0.631731 0.336538 0.729167 0.359615 0.780449 0.395513 0.85609 0.413462 0.875321 0.40961499999999995 0.889423 0.371154 0.91891 0.351282 0.86891 0.31859000000000004 0.835577 0.30448699999999995 0.803526 0.270513 0.699679 0.255769 0.629167 0.253846 0.579167
0 0.19230800000000003 0.5125 0.21282100000000004 0.516346 0.21987199999999996 0.552244 0.20512799999999998 0.595833 0.17051300000000003 0.580449 0.167308 0.55609 0.18589699999999998 0.515064
0 0.145513 0.177885 0.19743599999999994 0.207372 0.22051299999999996 0.241987 0.23846199999999995 0.325321 0.23653800000000003 0.371474 0.15128200000000003 0.372756 0.146795 0.283013 0.13012800000000002 0.195833
0 0.05640999999999996 0.184295 0.104487 0.288141 0.12884600000000002 0.333013 0.127564 0.433013 0.12307699999999999 0.470192 0.11153800000000003 0.470192 0.06859000000000004 0.440705 0.05576899999999996 0.407372 0.038461999999999996 0.327885 0.032692000000000054 0.261218 0.04102600000000001 0.224038
0 0.801282 0.809936 0.842949 0.839423 0.853205 0.898397 0.853205 0.947115 0.853846 0.990705 0.775 0.989423 0.775 0.920192 0.755769 0.922756 0.744231 0.874038 0.74359 0.833013 0.7801279999999999 0.807372
0 0.04679500000000003 0.657372 0.06794900000000004 0.689423 0.08782100000000004 0.711218 0.08076899999999998 0.731731 0.06602600000000003 0.793269 0.08974400000000005 0.804808 0.10064099999999998 0.797115 0.10833300000000001 0.8125 0.09871799999999997 0.875321 0.06859000000000004 0.898397 0.0032050000000000134 0.908654 0.005769000000000024 0.754808 0.021154000000000006 0.736859 0.010897000000000046 0.698397 0.00961500000000004 0.666346 0.03461499999999995 0.659936
0 0.17948699999999995 0.791987 0.19871799999999995 0.824038 0.22179499999999996 0.841987 0.24230799999999997 0.799679 0.246795 0.870192 0.24294899999999997 0.893269 0.233333 0.990705 0.20064099999999996 0.989423 0.19679500000000005 0.935577 0.14935900000000002 0.904808 0.146154 0.829167 0.16025599999999995 0.800962
0 0.15192300000000003 0.941987 0.166667 0.991987 0.11923099999999998 0.995833 0.13012800000000002 0.952244 0.13653800000000005 0.941987
0 0.482692 0.102244 0.503846 0.127885 0.516026 0.267628 0.5108969999999999 0.293269 0.498718 0.329167 0.478846 0.221474 0.414744 0.180449 0.434615 0.148397 0.44615400000000005 0.117628