0 0.32692299999999996 0.031731 0.349359 0.06891 0.36730799999999997 0.116346 0.36602599999999996 0.127885 0.398077 0.171474 0.42500000000000004 0.207372 0.44871799999999995 0.400962 0.42564100000000005 0.470192 0.416026 0.500962 0.401282 0.545833 0.380128 0.588141 0.348718 0.577885 0.329487 0.502244 0.335897 0.431731 0.32820499999999997 0.365064 0.32435899999999995 0.345833 0.30448699999999995 0.413782 0.288462 0.45609 0.275641 0.471474 0.23717900000000003 0.458654 0.246795 0.397115 0.24615399999999998 0.361218 0.23910299999999995 0.320192 0.230128 0.261218 0.25897400000000004 0.247115 0.276282 0.20609 0.309615 0.194551 0.32179500000000005 0.165064 0.31602600000000003 0.139423 0.29935900000000004 0.104808 0.291667 0.074038 0.29359 0.039423 0.30192300000000005 0.027885
0 0.27948700000000004 0.00609 0.288462 0.041987 0.26859 0.048397 0.246795 0.044551 0.22115399999999996 0.070192 0.208974 0.107372 0.208974 0.133013 0.21602600000000005 0.189423 0.20705099999999999 0.189423 0.18910300000000002 0.191987 0.18205099999999996 0.179167 0.17179500000000003 0.157372 0.166026 0.1125 0.16153799999999996 0.097115 0.15128200000000003 0.149679 0.15641000000000005 0.208654 0.15961499999999995 0.249679 0.163462 0.284295 0.15256400000000003 0.303526 0.144231 0.299679 0.10897400000000002 0.276603 0.09487199999999996 0.259936 0.062178999999999984 0.231731 0.085256 0.170192 0.10705100000000001 0.149679 0.10833300000000001 0.135577 0.09679499999999996 0.091987 0.09358999999999995 0.052244 0.09038500000000005 0.026603 0.07115400000000005 0.025321 0.05705099999999996 0.007372
0 0.037820999999999994 0.01891 0.04102600000000001 0.043269 0.04230800000000001 0.079167 0.02692300000000003 0.124038 0.027564000000000033 0.194551 0.04359000000000002 0.265064 0.06410300000000002 0.289423 0.06987200000000005 0.321474 0.039103 0.371474 0.030769000000000046 0.417628 0.020513000000000003 0.459936 0.003846000000000016 0.459936 0.0025640000000000107 0.008654 0.02948700000000004 0.007372
0 0.732051 0.015064 0.730128 0.045833 0.728846 0.10609 0.736538 0.136859 0.758974 0.171474 0.752564 0.21891 0.748718 0.257372 0.720513 0.313782 0.705128 0.300962 0.684615 0.265064 0.667949 0.241987 0.664103 0.21891 0.648077 0.215064 0.625 0.202244 0.611538 0.179167 0.610897 0.145833 0.612179 0.122756 0.586538 0.116346 0.624359 0.076603 0.64359 0.052244 0.6564099999999999 0.025321 0.6576919999999999 0.007372 0.724359 0.007372
0 0.917308 0.0125 0.901923 0.065064 0.896154 0.086859 0.891667 0.100962 0.877564 0.088141 0.876282 0.076603 0.85641 0.061218 0.85 0.035577 0.836538 0.008654 0.908974 0.00609
0 0.93141 0.008654 0.923077 0.038141 0.922436 0.081731 0.9288460000000001 0.079167 0.939744 0.079167 0.937821 0.095833 0.93141 0.140705 0.930769 0.191987 0.922436 0.244551 0.905769 0.283013 0.900641 0.30609 0.908974 0.329167 0.922436 0.334295 0.958333 0.338141 0.962179 0.338141 0.980128 0.300962 0.991026 0.257372 0.995513 0.215064 0.996795 0.181731 0.996795 0.135577 0.997436 0.00609
0 0.989103 0.466346 0.971154 0.500962 0.944872 0.526603 0.932692 0.526603 0.923718 0.583013 0.922436 0.589423 0.901282 0.570192 0.878205 0.613782 0.836538 0.66891 0.834615 0.711218 0.8628210000000001 0.71891 0.888462 0.674038 0.912179 0.638141 0.923077 0.645833 0.925641 0.695833 0.962179 0.715064 0.967949 0.700962 0.980128 0.659936 0.983974 0.654808 0.995513 0.676603 0.996795 0.597115 0.995513 0.499679
0 0.817949 0.270192 0.8403849999999999 0.300962 0.854487 0.325321 0.8416669999999999 0.372756 0.833974 0.404808 0.798718 0.397115 0.795513 0.35609 0.791026 0.322756 0.79359 0.297115 0.807051 0.283013
0 0.649359 0.334295 0.685256 0.374038 0.691667 0.402244 0.6743589999999999 0.461218 0.664744 0.453526 0.650641 0.41891 0.641667 0.385577 0.646154 0.350962
0 0.5673079999999999 0.711218 0.589744 0.740705 0.5916669999999999 0.788141 0.584615 0.825321 0.5782050000000001 0.847115 0.560897 0.859936 0.537821 0.816346 0.526923 0.803526 0.5480769999999999 0.744551
0 0.511538 0.821474 0.5096149999999999 0.871474 0.478205 0.916346 0.46987199999999996 0.898397 0.46538500000000005 0.871474 0.497436 0.831731
0 0.30833299999999997 0.635577 0.31794900000000004 0.677885 0.332692 0.7625 0.30640999999999996 0.8125 0.28076900000000005 0.784295 0.26282099999999997 0.729167 0.255769 0.697115 0.275 0.665064 0.30256400000000006 0.616346
0 0.17628200000000005 0.602244 0.22435899999999998 0.639423 0.229487 0.650962 0.19359000000000004 0.722756 0.19935899999999995 0.780449 0.17692300000000005 0.797115 0.162821 0.789423 0.142949 0.739423 0.146795 0.686859 0.15000000000000002 0.653526
0 0.02179500000000001 0.665064 0.06730800000000003 0.739423 0.08782100000000004 0.785577 0.030128000000000044 0.822756 0.015384999999999982 0.793269 0.0025640000000000107 0.76891 0.001923000000000008 0.679167 0.026282000000000028 0.654808
0 0.538462 0.149679 0.558333 0.161218 0.548718 0.200962 0.541026 0.21891 0.521795 0.216346 0.512821 0.195833 0.517308 0.175321
0 0.264103 0.867628 0.272436 0.91891 0.28141000000000005 0.933013 0.289744 0.980449 0.289103 0.994551 0.23589700000000002 0.994551 0.22435899999999998 0.926603 0.21858999999999995 0.880449 0.251923 0.874038