0 0.10769200000000001 0.320192 0.11410299999999995 0.35609 0.13974399999999998 0.35609 0.146154 0.375321 0.16153799999999996 0.403526 0.16859000000000002 0.493269 0.14359 0.498397 0.125641 0.5125 0.12884600000000002 0.553526 0.11153800000000003 0.541987 0.06666700000000003 0.547115 0.03589699999999996 0.545833 0.026282000000000028 0.549679 0.005128000000000021 0.489423 0.005769000000000024 0.443269 0.01730799999999999 0.4125 0.02948700000000004 0.383013 0.033332999999999946 0.402244 0.05192300000000005 0.404808 0.07115400000000005 0.402244 0.08782100000000004 0.409936 0.09230799999999995 0.404808 0.09294899999999995 0.381731 0.09102600000000005 0.339423 0.09487199999999996 0.331731
0 0.02692300000000003 0.630449 0.040385000000000004 0.650962 0.050000000000000044 0.689423 0.06410300000000002 0.759936 0.07051300000000005 0.798397 0.06474400000000002 0.871474 0.045513000000000026 0.890705 0.004487000000000019 0.86891 0.001923000000000008 0.676603 0.015384999999999982 0.674038 0.018589999999999995 0.650962 0.015384999999999982 0.629167
0 0.34038500000000005 0.263782 0.313462 0.285577 0.291026 0.341987 0.290385 0.376603 0.312821 0.40609 0.32307699999999995 0.413782 0.357692 0.465064 0.371795 0.483013 0.375641 0.561218 0.38205100000000003 0.583013 0.350641 0.549679 0.32499999999999996 0.515064 0.292949 0.461218 0.269872 0.399679 0.232051 0.377885 0.212179 0.336859 0.232051 0.271474 0.22499999999999998 0.224038 0.23717900000000003 0.203526 0.26859 0.234295 0.294231 0.235577 0.30512799999999995 0.227885 0.332051 0.243269 0.337179 0.252244
0 0.42307700000000004 0.2625 0.45128199999999996 0.284295 0.46794899999999995 0.289423 0.476923 0.336859 0.483974 0.352244 0.434615 0.381731 0.40448700000000004 0.394551 0.392308 0.339423 0.392308 0.272756 0.40512800000000004 0.261218
0 0.586538 0.007372 0.5878209999999999 0.054808 0.5538460000000001 0.083013 0.546154 0.113782 0.540385 0.145833 0.526282 0.186859 0.496154 0.229167 0.483974 0.247115 0.480128 0.270192 0.460256 0.250962 0.459615 0.154808 0.47115399999999996 0.099679 0.484615 0.045833 0.49166699999999997 0.024038 0.496795 0.00609 0.5782050000000001 0.004808
0 0.742308 0.011218 0.750641 0.061218 0.755769 0.086859 0.747436 0.122756 0.727564 0.165064 0.705769 0.204808 0.671154 0.276603 0.664744 0.304808 0.646795 0.321474 0.633974 0.283013 0.628205 0.238141 0.632692 0.181731 0.639744 0.177885 0.653205 0.184295 0.662821 0.131731 0.6608970000000001 0.111218 0.6551279999999999 0.077885 0.654487 0.043269 0.651923 0.024038 0.626923 0.00609 0.733333 0.004808
0 0.8243590000000001 0.033013 0.833974 0.113782 0.836538 0.130449 0.859615 0.129167 0.867308 0.122756 0.86859 0.172756 0.860897 0.272756 0.853205 0.325321 0.847436 0.363782 0.835256 0.4125 0.816667 0.467628 0.798718 0.481731 0.789744 0.471474 0.785256 0.459936 0.7858970000000001 0.436859 0.8 0.376603 0.8038460000000001 0.352244 0.798718 0.326603 0.8038460000000001 0.290705 0.820513 0.270192 0.8256410000000001 0.258654 0.826923 0.21891 0.826282 0.179167 0.820513 0.154808 0.807692 0.120192 0.795513 0.081731 0.801282 0.05609 0.817308 0.044551
0 0.733974 0.436859 0.739744 0.459936 0.745513 0.481731 0.739744 0.51891 0.726282 0.545833 0.703846 0.524038 0.703846 0.493269 0.7128209999999999 0.463782 0.723718 0.443269
0 0.625 0.436859 0.657051 0.452244 0.6596150000000001 0.467628 0.649359 0.495833 0.642949 0.543269 0.638462 0.565064 0.632692 0.589423 0.629487 0.631731 0.644231 0.666346 0.6608970000000001 0.638141 0.6608970000000001 0.679167 0.650641 0.744551 0.639744 0.7625 0.625641 0.770192 0.621154 0.733013 0.601923 0.702244 0.582051 0.700962 0.566667 0.694551 0.555769 0.66891 0.538462 0.607372 0.542308 0.580449 0.544872 0.534295 0.5480769999999999 0.507372 0.5564100000000001 0.479167 0.563462 0.463782 0.5935900000000001 0.444551
0 0.502564 0.565064 0.501923 0.594551 0.5083329999999999 0.602244 0.508974 0.621474 0.5 0.648397 0.495513 0.653526 0.47307699999999997 0.643269 0.485256 0.599679 0.486538 0.588141 0.49038499999999996 0.577885
0 0.503846 0.688141 0.516667 0.711218 0.536538 0.724038 0.557051 0.708654 0.559615 0.771474 0.5551280000000001 0.815064 0.5493589999999999 0.836859 0.528205 0.830449 0.5108969999999999 0.807372 0.483974 0.745833 0.485256 0.725321
0 0.998077 0.257372 0.982051 0.266346 0.969231 0.275321 0.944872 0.284295 0.949359 0.298397 0.961538 0.321474 0.966026 0.372756 0.942308 0.443269 0.942949 0.459936 0.95 0.46891 0.951282 0.484295 0.951282 0.508654 0.9269229999999999 0.5125 0.9064099999999999 0.563782 0.922436 0.559936 0.933333 0.561218 0.954487 0.602244 0.961538 0.6125 0.962821 0.630449 0.96859 0.650962 0.998718 0.684295 0.998718 0.531731 0.987179 0.541987 0.980769 0.535577 0.973077 0.511218 0.976923 0.498397 0.984615 0.485577 0.988462 0.481731 0.999359 0.483013
0 0.834615 0.647115 0.837179 0.708654 0.8423080000000001 0.766346 0.852564 0.784295 0.865385 0.776603 0.891667 0.761218 0.897436 0.781731 0.916667 0.825321 0.945513 0.857372 0.951282 0.889423 0.946154 0.920192 0.921795 0.947115 0.890385 0.930449 0.8628210000000001 0.880449 0.859615 0.850962 0.832051 0.853526 0.83141 0.8125 0.8211539999999999 0.785577 0.820513 0.745833 0.79359 0.734295 0.7621789999999999 0.758654 0.748718 0.747115 0.74359 0.713782 0.780769 0.661218 0.776282 0.636859 0.807692 0.624038 0.822436 0.645833
0 0.745513 0.921474 0.75641 0.945833 0.767308 0.965064 0.769872 0.990705 0.728846 0.991987 0.728846 0.95609 0.735256 0.909936
0 0.6826920000000001 0.930449 0.696795 0.952244 0.711538 0.954808 0.710897 0.980449 0.6980770000000001 0.994551 0.644231 0.994551 0.630769 0.965064 0.646795 0.947115 0.670513 0.945833
0 0.355769 0.870192 0.36730799999999997 0.911218 0.396795 0.883013 0.389744 0.935577 0.396154 0.947115 0.42692300000000005 0.958654 0.42884599999999995 0.981731 0.42692300000000005 0.993269 0.36602599999999996 0.994551 0.353205 0.950962 0.33910300000000004 0.948397 0.329487 0.925321 0.34743599999999997 0.857372