0 0.603846 0.00609 0.608333 0.05609 0.595513 0.145833 0.599359 0.183013 0.585256 0.20609 0.585256 0.245833 0.603846 0.293269 0.614744 0.341987 0.645513 0.372756 0.663462 0.404808 0.670513 0.429167 0.685256 0.45609 0.70641 0.481731 0.725641 0.486859 0.73141 0.485577 0.734615 0.445833 0.728846 0.397115 0.73141 0.367628 0.708333 0.324038 0.7006410000000001 0.304808 0.688462 0.274038 0.669872 0.230449 0.658974 0.184295 0.665385 0.149679 0.687821 0.126603 0.7006410000000001 0.117628 0.759615 0.100962 0.770513 0.081731 0.763462 0.029167 0.764103 0.00609
0 0.991026 0.079167 0.964103 0.102244 0.933974 0.122756 0.925641 0.148397 0.952564 0.153526 0.952564 0.167628 0.945513 0.239423 0.942308 0.281731 0.957051 0.293269 0.972436 0.266346 0.975641 0.208654 0.979487 0.188141 0.996795 0.176603 0.99359 0.504808 0.971795 0.486859 0.951923 0.504808 0.93141 0.5125 0.889103 0.517628 0.866026 0.485577 0.852564 0.444551 0.873077 0.388141 0.890385 0.350962 0.910256 0.353526 0.919231 0.313782 0.921795 0.286859 0.910256 0.276603 0.871795 0.279167 0.842949 0.263782 0.837179 0.213782 0.837179 0.177885 0.844231 0.153526 0.860897 0.11891 0.863462 0.072756 0.876282 0.004808 0.997436 0.003526 0.996795 0.0625
0 0.36217900000000003 0.024038 0.380128 0.085577 0.391026 0.122756 0.40384600000000004 0.154808 0.39359 0.183013 0.391667 0.226603 0.40705100000000005 0.267628 0.41153799999999996 0.272756 0.439103 0.222756 0.460256 0.227885 0.46538500000000005 0.235577 0.473718 0.277885 0.480128 0.347115 0.46923099999999995 0.385577 0.46538500000000005 0.503526 0.43397399999999997 0.5125 0.42564100000000005 0.504808 0.38141 0.493269 0.333974 0.466346 0.314744 0.447115 0.31666700000000003 0.40609 0.33141 0.308654 0.32435899999999995 0.277885 0.30000000000000004 0.236859 0.29359 0.189423 0.30064100000000005 0.172756 0.34230799999999995 0.116346 0.348718 0.098397 0.336538 0.053526 0.32499999999999996 0.007372 0.355128 0.008654
0 0.21410300000000004 0.013782 0.19166700000000003 0.130449 0.18076899999999996 0.180449 0.15769200000000005 0.304808 0.15320500000000004 0.31891 0.10256399999999999 0.327885 0.07307699999999995 0.309936 0.07884599999999997 0.274038 0.103846 0.261218 0.11025600000000002 0.238141 0.11153800000000003 0.211218 0.10833300000000001 0.15609 0.11025600000000002 0.113782 0.12051299999999998 0.076603 0.10064099999999998 0.044551 0.06458299999999995 0.0 0.20576899999999998 0.004808
0 0.012820999999999971 0.047115 0.017948999999999993 0.11891 0.023718000000000017 0.186859 0.028205000000000036 0.222756 0.03589699999999996 0.249679 0.047436000000000034 0.304808 0.04615400000000003 0.333013 0.03589699999999996 0.344551 0.03461499999999995 0.371474 0.059614999999999974 0.376603 0.08782100000000004 0.376603 0.09871799999999997 0.402244 0.09807699999999997 0.45609 0.07371799999999995 0.51891 0.04423100000000002 0.527885 0.032692000000000054 0.522756 0.003846000000000016 0.444551 0.003846000000000016 0.049679
0 0.49294899999999997 0.607372 0.501923 0.630449 0.5275639999999999 0.645833 0.519231 0.695833 0.503846 0.775321 0.501282 0.784295 0.476923 0.804808 0.44487200000000005 0.785577 0.434615 0.716346 0.44359000000000004 0.658654 0.455769 0.625321 0.476923 0.604808
0 0.923077 0.850962 0.886538 0.821474 0.8416669999999999 0.800962 0.836538 0.811218 0.829487 0.830449 0.794872 0.835577 0.771795 0.813782 0.787821 0.774038 0.782051 0.752244 0.7403850000000001 0.727885 0.705769 0.726603 0.6910259999999999 0.735577 0.642308 0.763782 0.585256 0.799679 0.5730770000000001 0.811218 0.5564100000000001 0.838141 0.553205 0.881731 0.5769230000000001 0.91891 0.619872 0.899679 0.6564099999999999 0.929167 0.680769 0.891987 0.703846 0.879167 0.734615 0.890705 0.746154 0.933013 0.769231 0.96891 0.791667 0.96891 0.833333 0.975321 0.853846 0.980449 0.858333 0.989423 0.905128 0.997115 0.903846 0.930449 0.905128 0.898397 0.917949 0.871474
0 0.44487200000000005 0.90609 0.436538 0.858654 0.399359 0.852244 0.375641 0.90609 0.36538499999999996 0.911218 0.35 0.893269 0.32820499999999997 0.872756 0.30384599999999995 0.941987 0.32628199999999996 0.994551 0.43140999999999996 0.994551 0.435256 0.952244 0.44359000000000004 0.947115 0.44999999999999996 0.920192
0 0.23910299999999995 0.975321 0.21858999999999995 0.944551 0.21346200000000004 0.927885 0.20128199999999996 0.916346 0.18269199999999997 0.940705 0.14807700000000001 0.949679 0.11602599999999996 0.966346 0.10833300000000001 0.994551 0.23846199999999995 0.994551
0 0.09166700000000005 0.950962 0.06923100000000004 0.902244 0.05128200000000005 0.898397 0.02884600000000004 0.938141 0.019230999999999998 0.9625 0.003846000000000016 0.993269 0.09679499999999996 0.994551
0 0.247436 0.479167 0.248077 0.530449 0.250641 0.538141 0.23974399999999996 0.5625 0.23461500000000002 0.574038 0.228205 0.581731 0.22435899999999998 0.593269 0.20512799999999998 0.590705 0.207692 0.561218 0.211538 0.498397 0.24102599999999996 0.466346
0 0.255769 0.339423 0.255769 0.385577 0.24615399999999998 0.404808 0.23846199999999995 0.426603 0.23653800000000003 0.433013 0.20320499999999997 0.40609 0.19935899999999995 0.383013 0.20705099999999999 0.361218 0.22499999999999998 0.363782 0.24166699999999997 0.371474 0.246795 0.365064