0 0.880769 0.00609 0.876282 0.025321 0.871795 0.052244 0.875641 0.10609 0.908974 0.147115 0.917949 0.179167 0.914744 0.200962 0.916026 0.234295 0.922436 0.252244 0.954487 0.245833 0.975 0.2125 0.975 0.179167 0.976282 0.167628 0.986538 0.166346 0.994872 0.159936 0.997436 0.144551 0.999359 0.009936
0 0.833974 0.245833 0.851923 0.274038 0.851923 0.321474 0.8435900000000001 0.36891 0.8448720000000001 0.381731 0.845513 0.408654 0.850641 0.427885 0.862179 0.433013 0.871795 0.424038 0.896795 0.397115 0.903205 0.365064 0.900641 0.344551 0.898718 0.313782 0.905128 0.313782 0.923077 0.35609 0.924359 0.370192 0.919231 0.417628 0.919231 0.433013 0.925 0.444551 0.941026 0.444551 0.957051 0.424038 0.980769 0.403526 0.989744 0.411218 0.989103 0.447115 0.988462 0.466346 0.967949 0.484295 0.95641 0.495833 0.949359 0.524038 0.926282 0.552244 0.910897 0.558654 0.898718 0.574038 0.842949 0.547115 0.8391029999999999 0.533013 0.823718 0.490705 0.811538 0.445833 0.798077 0.509936 0.798077 0.572756 0.798077 0.599679 0.791026 0.617628 0.767949 0.616346 0.75 0.6125 0.732692 0.6125 0.713462 0.6125 0.728205 0.588141 0.733333 0.511218 0.751282 0.500962 0.766026 0.485577 0.767308 0.472756 0.7608969999999999 0.436859 0.735256 0.420192 0.704487 0.400962 0.682051 0.400962 0.663462 0.359936 0.667949 0.299679 0.7224360000000001 0.290705 0.74359 0.290705 0.767949 0.225321 0.7846150000000001 0.279167 0.779487 0.345833 0.7833330000000001 0.348397 0.796154 0.353526 0.808333 0.321474 0.8006409999999999 0.286859 0.80641 0.244551 0.816026 0.239423
0 0.664103 0.475321 0.6801280000000001 0.491987 0.707051 0.529167 0.708974 0.567628 0.707051 0.600962 0.7 0.622756 0.689103 0.634295 0.6743589999999999 0.638141 0.661538 0.639423 0.6551279999999999 0.648397 0.650641 0.690705 0.646154 0.693269 0.64359 0.657372 0.621795 0.648397 0.605769 0.638141 0.6153850000000001 0.590705 0.602564 0.533013 0.612179 0.508654 0.6320509999999999 0.490705 0.6551279999999999 0.481731
0 0.902564 0.625321 0.9096150000000001 0.649679 0.933333 0.649679 0.930769 0.694551 0.923077 0.721474 0.911538 0.741987 0.903846 0.763782 0.879487 0.786859 0.8641030000000001 0.804808 0.850641 0.815064 0.839744 0.820192 0.828205 0.822756 0.8403849999999999 0.80609 0.858333 0.785577 0.864744 0.767628 0.866667 0.730449 0.878846 0.702244 0.878846 0.684295 0.876282 0.665064 0.89359 0.643269 0.894872 0.636859
0 0.878205 0.952244 0.872436 0.91891 0.871795 0.898397 0.85641 0.891987 0.833333 0.865064 0.822436 0.870192 0.819231 0.880449 0.816026 0.888141 0.80641 0.891987 0.802564 0.891987 0.8019229999999999 0.871474 0.807051 0.845833 0.807692 0.817628 0.797436 0.822756 0.783974 0.852244 0.776923 0.857372 0.770513 0.870192 0.769872 0.890705 0.766026 0.908654 0.753846 0.921474 0.733333 0.899679 0.725 0.874038 0.7166669999999999 0.915064 0.701282 0.922756 0.697436 0.938141 0.691667 0.9625 0.682051 0.971474 0.669872 0.974038 0.655769 0.981731 0.648077 0.994551 0.771154 0.993269 0.782051 0.986859 0.814103 0.986859 0.88141 0.991987
0 0.43269199999999997 0.758654 0.43269199999999997 0.802244 0.45641 0.783013 0.46346200000000004 0.831731 0.45256399999999997 0.861218 0.436538 0.875321 0.42179500000000003 0.902244 0.41859 0.916346 0.395513 0.871474 0.396795 0.861218 0.40769200000000005 0.826603 0.412821 0.790705 0.416667 0.766346
0 0.47115399999999996 0.683013 0.44423100000000004 0.702244 0.43012799999999995 0.717628 0.415385 0.749679 0.401282 0.763782 0.394872 0.733013 0.38717900000000005 0.726603 0.391667 0.671474 0.42435900000000004 0.672756 0.46666700000000005 0.649679 0.478205 0.659936 0.478846 0.66891
0 0.544872 0.877885 0.5743590000000001 0.904808 0.577564 0.921474 0.570513 0.931731 0.5782050000000001 0.952244 0.585897 0.966346 0.582692 0.994551 0.503846 0.993269 0.516667 0.948397 0.5275639999999999 0.907372 0.542308 0.891987
0 0.26025600000000004 0.740705 0.273718 0.822756 0.287821 0.8625 0.310256 0.888141 0.30384599999999995 0.940705 0.30320499999999995 0.952244 0.292949 0.9625 0.267308 0.959936 0.24166699999999997 0.9625 0.22051299999999996 0.904808 0.230128 0.858654 0.23910299999999995 0.777885 0.251282 0.744551
0 0.18717899999999998 0.415064 0.233333 0.459936 0.26217900000000005 0.488141 0.26859 0.558654 0.269231 0.593269 0.272436 0.626603 0.25897400000000004 0.636859 0.22179499999999996 0.613782 0.20256399999999997 0.56891 0.17820499999999995 0.545833 0.15769200000000005 0.527885 0.13333300000000003 0.511218 0.123718 0.485577 0.125641 0.443269 0.13782099999999997 0.411218 0.15769200000000005 0.388141 0.166026 0.400962 0.167308 0.425321 0.17628200000000005 0.435577
0 0.19807699999999995 0.084295 0.20576899999999998 0.130449 0.20640999999999998 0.157372 0.20576899999999998 0.184295 0.20512799999999998 0.213782 0.20064099999999996 0.257372 0.210256 0.291987 0.21794899999999995 0.293269 0.20384599999999997 0.313782 0.20192299999999996 0.339423 0.19871799999999995 0.352244 0.18910300000000002 0.349679 0.17371800000000004 0.343269 0.15705100000000005 0.367628 0.144231 0.345833 0.15576900000000005 0.313782 0.15961499999999995 0.280449 0.16923100000000002 0.253526 0.17371800000000004 0.222756 0.15833299999999995 0.188141 0.14871800000000002 0.15609 0.14871800000000002 0.130449 0.15833299999999995 0.107372 0.18653799999999998 0.075321 0.19166700000000003 0.070192
0 0.34423099999999995 0.21891 0.34615399999999996 0.236859 0.353205 0.250962 0.36602599999999996 0.284295 0.357051 0.320192 0.355128 0.357372 0.34102600000000005 0.370192 0.32820499999999997 0.366346 0.31602600000000003 0.357372 0.32307699999999995 0.290705 0.330769 0.247115 0.33141 0.230449
0 0.334615 0.081731 0.315385 0.093269 0.29935900000000004 0.107372 0.30320499999999995 0.172756 0.29679500000000003 0.194551 0.28012800000000004 0.199679 0.26025600000000004 0.199679 0.248718 0.172756 0.255769 0.130449 0.24358999999999997 0.090705 0.23141 0.076603 0.23910299999999995 0.034295 0.24551299999999998 0.0125 0.251282 0.004808 0.376923 0.009936 0.374359 0.063782 0.355769 0.095833 0.34038500000000005 0.091987
0 0.07499999999999996 0.145833 0.085256 0.195833 0.126282 0.253526 0.12884600000000002 0.303526 0.11602599999999996 0.357372 0.09487199999999996 0.357372 0.07115400000000005 0.320192 0.05448699999999995 0.298397 0.027564000000000033 0.2625 0.019230999999999998 0.243269 0.033332999999999946 0.209936 0.05833299999999997 0.184295 0.05897399999999997 0.148397 0.06538500000000003 0.133013
0 0.04359000000000002 0.003526 0.05833299999999997 0.044551 0.05384599999999995 0.076603 0.038461999999999996 0.093269 0.028205000000000036 0.104808 0.020513000000000003 0.117628 0.012179000000000051 0.172756 0.003846000000000016 0.190705 0.003846000000000016 0.190705 0.001923000000000008 0.00609
0 0.07435899999999995 0.584295 0.07499999999999996 0.61891 0.08333299999999999 0.626603 0.08140999999999998 0.652244 0.07179500000000005 0.653526 0.06859000000000004 0.674038 0.05064100000000005 0.650962 0.020513000000000003 0.607372 0.028205000000000036 0.579167 0.04871800000000004 0.580449
0 0.566667 0.552244 0.562179 0.585577 0.5730770000000001 0.639423 0.5589740000000001 0.659936 0.548718 0.620192 0.5333330000000001 0.616346 0.51859 0.625321 0.515385 0.634295 0.505769 0.640705 0.510256 0.620192 0.526923 0.566346 0.535256 0.543269 0.5589740000000001 0.548397