0 0.889744 0.239423 0.900641 0.248397 0.910256 0.248397 0.921154 0.26891 0.910256 0.294551 0.910256 0.325321 0.919231 0.347115 0.921154 0.365064 0.910256 0.398397 0.887821 0.421474 0.879487 0.431731 0.877564 0.444551 0.875 0.452244 0.857692 0.439423 0.834615 0.41891 0.811538 0.393269 0.775641 0.354808 0.766026 0.341987 0.7621789999999999 0.276603 0.791026 0.2625 0.822436 0.247115 0.848718 0.234295 0.871154 0.222756
0 0.7 0.144551 0.6935899999999999 0.224038 0.6935899999999999 0.265064 0.6730769999999999 0.281731 0.637821 0.321474 0.610256 0.304808 0.607692 0.283013 0.607051 0.231731 0.603205 0.199679 0.608974 0.172756 0.623077 0.145833 0.626282 0.107372 0.648077 0.107372 0.666026 0.122756 0.6826920000000001 0.116346
0 0.958974 0.01891 0.962821 0.053526 0.955769 0.085577 0.955769 0.108654 0.957051 0.120192 0.960897 0.130449 0.970513 0.136859 0.971154 0.158654 0.955769 0.176603 0.94359 0.174038 0.930769 0.159936 0.9269229999999999 0.124038 0.901282 0.099679 0.888462 0.122756 0.885897 0.130449 0.874359 0.11891 0.865385 0.071474 0.865385 0.004808 0.95 0.007372
0 0.40897399999999995 0.01891 0.416667 0.049679 0.44871799999999995 0.034295 0.44807699999999995 0.054808 0.44359000000000004 0.081731 0.44679500000000005 0.094551 0.458333 0.102244 0.44743599999999994 0.148397 0.415385 0.1125 0.396795 0.100962 0.38269200000000003 0.134295 0.34679499999999996 0.158654 0.332051 0.176603 0.32820499999999997 0.197115 0.30576899999999996 0.195833 0.274359 0.183013 0.266026 0.181731 0.25833300000000003 0.154808 0.267949 0.089423 0.30128200000000005 0.048397 0.30833299999999997 0.013782 0.30833299999999997 0.008654 0.4 0.009936
0 0.55 0.021474 0.560256 0.070192 0.562179 0.089423 0.561538 0.127885 0.564744 0.153526 0.575 0.149679 0.601923 0.113782 0.5974360000000001 0.1625 0.582692 0.176603 0.5756410000000001 0.183013 0.5685899999999999 0.217628 0.5685899999999999 0.226603 0.577564 0.272756 0.575 0.300962 0.558333 0.289423 0.555769 0.250962 0.553205 0.197115 0.551282 0.166346 0.536538 0.133013 0.5346150000000001 0.102244 0.523077 0.077885 0.519872 0.047115 0.5275639999999999 0.011218
0 0.09551299999999996 0.01891 0.11730799999999997 0.052244 0.12884600000000002 0.052244 0.15448700000000004 0.050962 0.14038499999999998 0.080449 0.13910299999999998 0.125321 0.13974399999999998 0.133013 0.128205 0.139423 0.105769 0.143269 0.08205099999999999 0.149679 0.05640999999999996 0.139423 0.042949000000000015 0.136859 0.032692000000000054 0.121474 0.02884600000000004 0.072756 0.011538000000000048 0.008654 0.08846200000000004 0.00609
0 0.09166700000000005 0.21891 0.11025600000000002 0.239423 0.11730799999999997 0.284295 0.103846 0.308654 0.103846 0.329167 0.10256399999999999 0.339423 0.09423099999999995 0.357372 0.07692299999999996 0.365064 0.062178999999999984 0.338141 0.057691999999999966 0.315064 0.04230800000000001 0.276603 0.045513000000000026 0.250962 0.06987200000000005 0.263782 0.08333299999999999 0.230449
0 0.18205099999999996 0.385577 0.19743599999999994 0.409936 0.18589699999999998 0.458654 0.18589699999999998 0.470192 0.19166700000000003 0.488141 0.207692 0.497115 0.210897 0.583013 0.20320499999999997 0.621474 0.19551300000000005 0.643269 0.17179500000000003 0.657372 0.16217899999999996 0.653526 0.15192300000000003 0.636859 0.14038499999999998 0.585577 0.12243599999999999 0.524038 0.12051299999999998 0.491987 0.13782099999999997 0.490705 0.14871800000000002 0.449679 0.144231 0.386859
0 0.378846 0.377885 0.38717900000000005 0.420192 0.377564 0.475321 0.36410299999999995 0.485577 0.348718 0.494551 0.33974400000000005 0.495833 0.32756399999999997 0.476603 0.32756399999999997 0.443269 0.332692 0.429167 0.34743599999999997 0.409936 0.35641 0.397115
0 0.31602600000000003 0.517628 0.33846200000000004 0.544551 0.349359 0.558654 0.36410299999999995 0.552244 0.36730799999999997 0.575321 0.371154 0.600962 0.375 0.621474 0.374359 0.671474 0.373077 0.691987 0.35641 0.730449 0.34743599999999997 0.815064 0.30384599999999995 0.733013 0.28269200000000005 0.6125 0.28141000000000005 0.572756 0.28012800000000004 0.539423 0.27692300000000003 0.513782 0.30448699999999995 0.5125
0 0.521795 0.359936 0.535256 0.400962 0.542949 0.420192 0.519231 0.465064 0.514744 0.517628 0.500641 0.511218 0.483333 0.511218 0.46346200000000004 0.498397 0.455769 0.470192 0.45320499999999997 0.440705 0.46474400000000005 0.391987 0.478205 0.374038 0.48141 0.347115 0.48910299999999995 0.375321 0.499359 0.388141 0.512821 0.365064
0 0.644872 0.449679 0.651282 0.479167 0.6538459999999999 0.509936 0.646795 0.524038 0.633974 0.536859 0.624359 0.550962 0.608974 0.539423 0.602564 0.495833 0.607051 0.475321 0.638462 0.461218
0 0.834615 0.486859 0.835256 0.521474 0.846154 0.543269 0.855128 0.539423 0.873077 0.511218 0.888462 0.533013 0.871154 0.563782 0.876282 0.589423 0.879487 0.598397 0.887821 0.631731 0.887821 0.647115 0.869872 0.6625 0.8019229999999999 0.636859 0.789103 0.613782 0.791667 0.5625 0.780769 0.534295 0.760256 0.576603 0.745513 0.599679 0.7211540000000001 0.6125 0.7 0.579167 0.689103 0.553526 0.7128209999999999 0.524038 0.735897 0.524038 0.745513 0.504808 0.753846 0.474038 0.775641 0.479167 0.797436 0.497115 0.820513 0.499679 0.825 0.476603
0 0.982692 0.720192 0.961538 0.731731 0.951282 0.736859 0.944872 0.733013 0.930128 0.725321 0.921154 0.767628 0.932051 0.81891 0.93141 0.844551 0.932051 0.871474 0.920513 0.916346 0.930128 0.967628 0.992949 0.9625 0.982051 0.907372 0.986538 0.879167 0.988462 0.804808 0.991026 0.740705
0 0.603846 0.641987 0.591026 0.680449 0.5948720000000001 0.702244 0.5974360000000001 0.733013 0.609615 0.774038 0.619872 0.793269 0.621154 0.813782 0.598077 0.809936 0.585256 0.800962 0.5782050000000001 0.822756 0.583333 0.867628 0.586538 0.9125 0.5916669999999999 0.944551 0.589744 0.980449 0.503846 0.991987 0.5096149999999999 0.902244 0.502564 0.840705 0.494872 0.793269 0.5333330000000001 0.767628 0.5480769999999999 0.744551 0.561538 0.715064 0.554487 0.66891 0.538462 0.6625 0.522436 0.681731 0.501282 0.688141 0.517949 0.653526 0.522436 0.625321 0.5275639999999999 0.611218 0.5538460000000001 0.597115 0.582051 0.616346 0.5974360000000001 0.621474
0 0.023077000000000014 0.672756 0.04935900000000004 0.729167 0.09102600000000005 0.788141 0.09294899999999995 0.816346 0.07564099999999996 0.884295 0.055127999999999955 0.920192 0.03141000000000005 0.953526 0.021154000000000006 0.9625 0.005769000000000024 0.953526 0.003846000000000016 0.676603