0 0.17307700000000004 0.070192 0.18525599999999998 0.100962 0.19359000000000004 0.134295 0.20256399999999997 0.135577 0.22435899999999998 0.121474 0.23589700000000002 0.154808 0.21666700000000005 0.176603 0.20256399999999997 0.184295 0.19359000000000004 0.215064 0.18782100000000002 0.258654 0.14871800000000002 0.291987 0.13205100000000003 0.315064 0.11987199999999998 0.329167 0.10320499999999999 0.331731 0.09358999999999995 0.316346 0.085897 0.284295 0.07115400000000005 0.249679 0.09358999999999995 0.226603 0.10256399999999999 0.179167 0.12243599999999999 0.107372 0.126923 0.099679 0.123718 0.0625 0.11666699999999997 0.034295 0.13782099999999997 0.053526 0.14807700000000001 0.044551 0.165385 0.036859
0 0.10064099999999998 0.052244 0.09551299999999996 0.107372 0.09166700000000005 0.143269 0.07948699999999997 0.166346 0.06538500000000003 0.180449 0.02884600000000004 0.179167 0.01730799999999999 0.176603 0.005128000000000021 0.15609 0.001923000000000008 0.115064 0.001923000000000008 0.052244 0.006410000000000027 0.027885 0.03717899999999996 0.044551 0.07884599999999997 0.045833 0.08910300000000004 0.040705 0.09679499999999996 0.040705
0 0.230769 0.366346 0.271795 0.388141 0.28076900000000005 0.413782 0.26089700000000005 0.443269 0.270513 0.521474 0.25 0.535577 0.228205 0.541987 0.22307699999999997 0.534295 0.21858999999999995 0.490705 0.20320499999999997 0.457372 0.19102600000000003 0.438141 0.17115400000000003 0.4125 0.210897 0.374038 0.22115399999999996 0.366346
0 0.43076899999999996 0.074038 0.414744 0.122756 0.40833299999999995 0.180449 0.41025599999999995 0.220192 0.42564100000000005 0.224038 0.44294900000000004 0.213782 0.460897 0.21891 0.46538500000000005 0.220192 0.476923 0.188141 0.510256 0.198397 0.519872 0.238141 0.517949 0.267628 0.540385 0.294551 0.555769 0.304808 0.578846 0.340705 0.577564 0.393269 0.553205 0.422756 0.539103 0.445833 0.517308 0.479167 0.49230799999999997 0.481731 0.457692 0.493269 0.42628200000000005 0.435577 0.392308 0.404808 0.375641 0.36891 0.361538 0.347115 0.312179 0.3125 0.29743600000000003 0.304808 0.28076900000000005 0.284295 0.30705099999999996 0.241987 0.32628199999999996 0.240705 0.334615 0.195833 0.353205 0.134295 0.371795 0.059936 0.40961499999999995 0.034295 0.42243600000000003 0.01891 0.44871799999999995 0.025321 0.438462 0.072756
0 0.620513 0.01891 0.592949 0.052244 0.5756410000000001 0.06891 0.5756410000000001 0.115064 0.570513 0.148397 0.536538 0.147115 0.514744 0.113782 0.502564 0.063782 0.522436 0.024038 0.522436 0.007372 0.600641 0.004808
0 0.7801279999999999 0.136859 0.772436 0.207372 0.755128 0.243269 0.757692 0.279167 0.764103 0.297115 0.729487 0.324038 0.733974 0.352244 0.762821 0.343269 0.754487 0.388141 0.734615 0.407372 0.712179 0.424038 0.691667 0.415064 0.679487 0.398397 0.669231 0.350962 0.680769 0.317628 0.6935899999999999 0.313782 0.697436 0.291987 0.696795 0.266346 0.689744 0.257372 0.708333 0.229167 0.708333 0.209936 0.6923079999999999 0.204808 0.710256 0.180449 0.725641 0.139423 0.75641 0.129167 0.771795 0.129167
0 0.949359 0.004808 0.937179 0.059936 0.9269229999999999 0.100962 0.913462 0.129167 0.879487 0.120192 0.869231 0.10609 0.878846 0.058654 0.871154 0.040705 0.865385 0.003526
0 0.932692 0.275321 0.939744 0.316346 0.944872 0.326603 0.925 0.348397 0.925 0.377885 0.913462 0.409936 0.888462 0.411218 0.869872 0.394551 0.852564 0.357372 0.847436 0.344551 0.834615 0.313782 0.853205 0.275321 0.8628210000000001 0.263782 0.873718 0.289423 0.894231 0.281731 0.9269229999999999 0.284295
0 0.996795 0.308654 0.977564 0.294551 0.953205 0.289423 0.958974 0.324038 0.957692 0.341987 0.969872 0.375321 0.975 0.386859 0.998077 0.411218
0 0.7846150000000001 0.574038 0.7826919999999999 0.597115 0.8038460000000001 0.599679 0.832051 0.617628 0.841026 0.684295 0.837179 0.71891 0.816026 0.759936 0.80641 0.7625 0.777564 0.757372 0.755128 0.725321 0.746154 0.693269 0.709615 0.690705 0.726282 0.640705 0.710897 0.61891 0.720513 0.590705 0.732692 0.572756 0.75641 0.558654 0.7814099999999999 0.541987
0 0.6320509999999999 0.481731 0.660256 0.500962 0.6621790000000001 0.531731 0.647436 0.56891 0.6346149999999999 0.574038 0.630769 0.585577 0.621154 0.607372 0.608333 0.566346 0.6166670000000001 0.526603 0.619231 0.495833
0 0.500641 0.653526 0.5346150000000001 0.679167 0.5685899999999999 0.697115 0.5711539999999999 0.703526 0.54359 0.780449 0.547436 0.8125 0.539744 0.841987 0.532051 0.913782 0.517949 0.930449 0.512821 0.940705 0.498718 0.931731 0.485897 0.908654 0.46538500000000005 0.891987 0.44679500000000005 0.91891 0.43012799999999995 0.90609 0.42692300000000005 0.852244 0.415385 0.802244 0.40384600000000004 0.752244 0.461538 0.704808 0.479487 0.647115
0 0.253205 0.630449 0.271795 0.695833 0.28012800000000004 0.745833 0.292949 0.775321 0.32499999999999996 0.794551 0.35641 0.833013 0.358333 0.907372 0.351923 0.949679 0.35 0.966346 0.350641 0.998397 0.27756400000000003 0.976603 0.24294899999999997 0.948397 0.22371799999999997 0.894551 0.19807699999999995 0.859936 0.164103 0.838141 0.15641000000000005 0.781731 0.14935900000000002 0.745833 0.145513 0.686859 0.17115400000000003 0.670192 0.20576899999999998 0.677885 0.21858999999999995 0.611218 0.21666700000000005 0.594551 0.232692 0.604808
0 0.09102600000000005 0.631731 0.09807699999999997 0.663782 0.09551299999999996 0.702244 0.09102600000000005 0.739423 0.09102600000000005 0.759936 0.09102600000000005 0.777885 0.08910300000000004 0.785577 0.06089699999999998 0.779167 0.055127999999999955 0.748397 0.03717899999999996 0.731731 0.023077000000000014 0.70609 0.037820999999999994 0.697115 0.06474400000000002 0.649679 0.07371799999999995 0.640705 0.08846200000000004 0.591987 0.08846200000000004 0.617628