0 0.30320499999999995 0.05609 0.32371799999999995 0.100962 0.33141 0.229167 0.33782100000000004 0.330449 0.32179500000000005 0.384295 0.287821 0.475321 0.28333299999999995 0.486859 0.252564 0.466346 0.230128 0.385577 0.23589700000000002 0.324038 0.23397400000000002 0.254808 0.21346200000000004 0.259936 0.19871799999999995 0.280449 0.19294900000000004 0.329167 0.17051300000000003 0.384295 0.144872 0.381731 0.13333300000000003 0.274038 0.13076900000000002 0.211218 0.142949 0.166346 0.18974400000000002 0.117628 0.266026 0.072756 0.291667 0.05609
0 0.048077000000000036 0.035577 0.04359000000000002 0.06891 0.05640999999999996 0.113782 0.06346200000000002 0.1625 0.05064100000000005 0.20609 0.04615400000000003 0.217628 0.02692300000000003 0.209936 0.004487000000000019 0.176603 0.0032050000000000134 0.026603 0.025641000000000025 0.026603
0 0.255769 0.009936 0.24487199999999998 0.045833 0.23653800000000003 0.071474 0.230128 0.074038 0.22179499999999996 0.065064 0.20705099999999999 0.026603 0.19359000000000004 0.00609
0 0.632692 0.024038 0.648077 0.074038 0.666667 0.079167 0.650641 0.125321 0.650641 0.133013 0.654487 0.161218 0.6525639999999999 0.185577 0.628205 0.217628 0.6128210000000001 0.231731 0.564103 0.185577 0.559615 0.147115 0.560897 0.130449 0.48782099999999995 0.102244 0.512821 0.020192 0.529487 0.020192 0.621154 0.013782
0 0.985897 0.184295 0.951282 0.167628 0.928205 0.138141 0.903846 0.109936 0.894231 0.143269 0.878846 0.190705 0.866667 0.225321 0.851282 0.225321 0.8256410000000001 0.225321 0.810256 0.21891 0.821795 0.153526 0.832051 0.10609 0.832051 0.065064 0.8403849999999999 0.009936 0.911538 0.009936 0.905769 0.043269 0.932692 0.034295 0.95641 0.040705 0.967949 0.059936 0.976282 0.075321 0.978846 0.099679 0.985256 0.11891 0.990385 0.136859 0.991026 0.15609
0 0.999359 0.265064 0.983333 0.243269 0.973718 0.241987 0.942949 0.325321 0.935256 0.344551 0.952564 0.365064 0.963462 0.379167 0.970513 0.408654 0.989744 0.402244 0.998077 0.383013
0 0.964103 0.448397 0.942308 0.425321 0.937179 0.4125 0.925 0.409936 0.908974 0.417628 0.895513 0.430449 0.89359 0.409936 0.889103 0.40609 0.851923 0.421474 0.836538 0.431731 0.826282 0.476603 0.813462 0.533013 0.807692 0.557372 0.8243590000000001 0.584295 0.832051 0.594551 0.846154 0.638141 0.873077 0.648397 0.88141 0.600962 0.878205 0.567628 0.883333 0.561218 0.892308 0.588141 0.897436 0.621474 0.902564 0.645833 0.907051 0.683013 0.897436 0.709936 0.9096150000000001 0.735577 0.94359 0.763782 0.970513 0.774038 0.994231 0.76891 0.991667 0.725321 0.991667 0.640705 0.998077 0.616346 0.997436 0.474038
0 0.716026 0.194551 0.744872 0.226603 0.741026 0.272756 0.733333 0.338141 0.704487 0.297115 0.7 0.26891 0.683333 0.229167 0.686538 0.203526 0.6993590000000001 0.193269
0 0.476923 0.615064 0.482692 0.639423 0.48782099999999995 0.70609 0.49359 0.735577 0.477564 0.758654 0.46794899999999995 0.758654 0.440385 0.724038 0.437821 0.708654 0.436538 0.691987 0.460897 0.641987
0 0.20192299999999996 0.548397 0.210256 0.591987 0.22499999999999998 0.670192 0.228846 0.716346 0.21410300000000004 0.735577 0.18846200000000002 0.690705 0.164744 0.654808 0.164744 0.609936 0.18846200000000002 0.554808
0 0.09871799999999997 0.504808 0.13397400000000004 0.544551 0.128205 0.598397 0.09999999999999998 0.598397 0.087179 0.661218 0.084615 0.693269 0.05705099999999996 0.680449 0.05384599999999995 0.604808 0.052564000000000055 0.557372 0.07820499999999997 0.527885
0 0.571795 0.249679 0.5782050000000001 0.298397 0.576282 0.325321 0.577564 0.352244 0.562821 0.353526 0.541026 0.320192 0.542308 0.283013 0.5467949999999999 0.254808
0 0.164744 0.790705 0.16859000000000002 0.840705 0.17371800000000004 0.854808 0.17243600000000003 0.886859 0.17115400000000003 0.895833 0.16794900000000001 0.933013 0.15833299999999995 0.933013 0.13782099999999997 0.921474 0.11794899999999997 0.889423 0.11602599999999996 0.804808 0.11346199999999995 0.774038 0.14359 0.772756