0 0.544872 0.021474 0.532051 0.107372 0.5326919999999999 0.135577 0.529487 0.190705 0.513462 0.208654 0.5108969999999999 0.225321 0.507692 0.279167 0.503205 0.309936 0.483974 0.335577 0.480769 0.348397 0.480769 0.358654 0.44423100000000004 0.336859 0.43205099999999996 0.281731 0.417308 0.261218 0.40192300000000003 0.271474 0.394231 0.291987 0.38205100000000003 0.309936 0.36859 0.294551 0.34679499999999996 0.250962 0.351923 0.209936 0.34679499999999996 0.176603 0.332692 0.1625 0.310256 0.139423 0.287821 0.140705 0.28461499999999995 0.099679 0.290385 0.053526 0.28525599999999995 0.009936 0.371795 0.009936 0.358333 0.070192 0.36282099999999995 0.094551 0.375 0.091987 0.40641000000000005 0.066346 0.42628200000000005 0.059936 0.45641 0.043269 0.459615 0.034295 0.457051 0.00609 0.541667 0.00609
0 0.802564 0.029167 0.809615 0.06891 0.803205 0.130449 0.785256 0.177885 0.779487 0.204808 0.7833330000000001 0.243269 0.786538 0.270192 0.792949 0.311218 0.792308 0.372756 0.787821 0.404808 0.785256 0.439423 0.760256 0.452244 0.760256 0.491987 0.763462 0.5125 0.764744 0.526603 0.737179 0.553526 0.728205 0.544551 0.716026 0.538141 0.705769 0.5125 0.705128 0.459936 0.703846 0.452244 0.6839740000000001 0.440705 0.6801280000000001 0.445833 0.6596150000000001 0.443269 0.648077 0.438141 0.6333329999999999 0.450962 0.630769 0.483013 0.6525639999999999 0.508654 0.6769229999999999 0.586859 0.6788460000000001 0.616346 0.64359 0.676603 0.628205 0.679167 0.602564 0.644551 0.605769 0.571474 0.594231 0.543269 0.589744 0.509936 0.598077 0.409936 0.602564 0.354808 0.649359 0.341987 0.686538 0.349679 0.6980770000000001 0.327885 0.702564 0.283013 0.707051 0.259936 0.6788460000000001 0.249679 0.669872 0.20609 0.66859 0.188141 0.704487 0.145833 0.7 0.099679 0.6993590000000001 0.074038 0.734615 0.066346 0.757051 0.066346 0.766026 0.044551
0 0.839744 0.408654 0.845513 0.436859 0.8628210000000001 0.436859 0.884615 0.444551 0.896154 0.453526 0.907051 0.490705 0.910256 0.5125 0.880128 0.554808 0.8628210000000001 0.55609 0.861538 0.580449 0.833333 0.567628 0.813462 0.539423 0.807692 0.507372 0.814103 0.465064 0.816026 0.420192
0 0.698718 0.693269 0.6961539999999999 0.744551 0.689103 0.766346 0.688462 0.841987 0.678205 0.886859 0.661538 0.935577 0.648718 0.957372 0.6333329999999999 0.961218 0.602564 0.970192 0.579487 0.970192 0.5730770000000001 0.939423 0.564103 0.921474 0.5467949999999999 0.938141 0.516667 0.938141 0.46987199999999996 0.930449 0.45064099999999996 0.90609 0.41025599999999995 0.857372 0.373077 0.781731 0.36346199999999995 0.729167 0.373718 0.691987 0.413462 0.720192 0.417949 0.750962 0.455128 0.791987 0.495513 0.811218 0.519872 0.783013 0.540385 0.800962 0.554487 0.848397 0.599359 0.830449 0.5782050000000001 0.803526 0.5698719999999999 0.772756 0.565385 0.708654 0.595513 0.699679 0.626923 0.70609 0.649359 0.726603 0.673718 0.702244 0.689744 0.677885
0 0.844231 0.738141 0.857051 0.753526 0.8871789999999999 0.753526 0.894231 0.722756 0.900641 0.763782 0.891667 0.800962 0.875 0.821474 0.847436 0.800962 0.830128 0.839423 0.80641 0.843269 0.79359 0.824038 0.810897 0.776603 0.829487 0.761218 0.833974 0.727885
0 0.272436 0.489423 0.289744 0.536859 0.315385 0.584295 0.31730800000000003 0.622756 0.314744 0.633013 0.315385 0.644551 0.32628199999999996 0.681731 0.33141 0.713782 0.30256400000000006 0.752244 0.30256400000000006 0.785577 0.290385 0.849679 0.287821 0.86891 0.271795 0.902244 0.248077 0.988141 0.20128199999999996 0.994551 0.210256 0.933013 0.20320499999999997 0.888141 0.22564099999999998 0.849679 0.24358999999999997 0.815064 0.267308 0.744551 0.271795 0.726603 0.28397399999999995 0.674038 0.28397399999999995 0.635577 0.25 0.608654 0.24487199999999998 0.570192 0.24230799999999997 0.530449 0.230769 0.495833 0.246795 0.481731 0.264744 0.493269
0 0.30256400000000006 0.2625 0.294872 0.300962 0.28141000000000005 0.340705 0.30064100000000005 0.381731 0.31730800000000003 0.421474 0.32692299999999996 0.445833 0.30256400000000006 0.477885 0.28525599999999995 0.467628 0.27884600000000004 0.444551 0.272436 0.398397 0.26282099999999997 0.359936 0.25897400000000004 0.324038 0.25769200000000003 0.298397 0.28269200000000005 0.284295 0.287821 0.267628
0 0.24166699999999997 0.141987 0.25833300000000003 0.191987 0.264103 0.222756 0.252564 0.243269 0.25897400000000004 0.285577 0.24423099999999998 0.291987 0.232051 0.258654 0.21794899999999995 0.238141 0.208974 0.21891 0.20320499999999997 0.200962 0.20064099999999996 0.172756 0.20705099999999999 0.135577 0.22499999999999998 0.127885 0.23846199999999995 0.1125
0 0.480128 0.400962 0.483333 0.467628 0.485897 0.503526 0.477564 0.521474 0.462179 0.543269 0.44615400000000005 0.535577 0.44743599999999994 0.477885 0.44166700000000003 0.4125 0.44551300000000005 0.385577 0.46923099999999995 0.397115
0 0.10961500000000002 0.276603 0.10256399999999999 0.327885 0.11410299999999995 0.393269 0.13269200000000003 0.435577 0.13333300000000003 0.467628 0.126282 0.488141 0.09679499999999996 0.481731 0.07692299999999996 0.447115 0.06794900000000004 0.389423 0.05448699999999995 0.330449 0.040385000000000004 0.371474 0.030128000000000044 0.379167 0.010897000000000046 0.333013 0.010897000000000046 0.291987 0.027564000000000033 0.25609 0.06666700000000003 0.280449 0.08076899999999998 0.284295 0.09166700000000005 0.252244 0.11025600000000002 0.257372
0 0.12179499999999999 0.795833 0.13974399999999998 0.817628 0.15256400000000003 0.847115 0.125 0.875321 0.10064099999999998 0.866346 0.09102600000000005 0.835577 0.09679499999999996 0.800962
0 0.764103 0.920192 0.769231 0.930449 0.773718 0.965064 0.772436 0.991987 0.726282 0.993269 0.732051 0.934295 0.736538 0.90609 0.75 0.902244 0.758974 0.9125
0 0.938462 0.00609 0.959615 0.053526 0.954487 0.111218 0.960897 0.148397 0.978205 0.16891 0.994872 0.236859 0.996795 0.007372