0 0.955769 0.067628 0.971154 0.145833 0.9673080000000001 0.185577 0.961538 0.215064 0.932051 0.265064 0.921795 0.290705 0.896154 0.261218 0.867308 0.217628 0.866667 0.172756 0.870513 0.120192 0.857051 0.067628 0.891667 0.088141 0.912821 0.089423 0.924359 0.079167 0.932692 0.066346 0.95 0.045833
0 0.778846 0.285577 0.778205 0.315064 0.797436 0.316346 0.804487 0.349679 0.798718 0.388141 0.797436 0.411218 0.803205 0.426603 0.767949 0.395833 0.753846 0.352244 0.733333 0.320192 0.7403850000000001 0.286859 0.733333 0.257372 0.742308 0.225321 0.775641 0.230449 0.7858970000000001 0.229167 0.779487 0.26891
0 0.871795 0.658654 0.872436 0.689423 0.895513 0.657372 0.905769 0.647115 0.910897 0.686859 0.914744 0.726603 0.930769 0.699679 0.933333 0.776603 0.930128 0.848397 0.914103 0.865064 0.896795 0.885577 0.887821 0.915064 0.858333 0.947115 0.826923 0.931731 0.826282 0.875321 0.8423080000000001 0.833013 0.841026 0.759936 0.819231 0.811218 0.807051 0.725321 0.815385 0.702244 0.80641 0.638141 0.85 0.657372 0.860256 0.6625
0 0.730128 0.650962 0.744872 0.674038 0.757051 0.695833 0.761538 0.735577 0.7429490000000001 0.7625 0.735256 0.780449 0.725641 0.790705 0.725641 0.816346 0.6923079999999999 0.790705 0.680769 0.763782 0.670513 0.738141 0.665385 0.70609 0.689103 0.658654 0.705769 0.650962
0 0.623718 0.889423 0.641026 0.931731 0.641026 0.970192 0.6358969999999999 0.991987 0.5551280000000001 0.993269 0.539103 0.948397 0.5326919999999999 0.907372 0.537821 0.874038 0.5519229999999999 0.86891 0.567949 0.880449 0.5948720000000001 0.883013 0.616026 0.879167
0 0.5711539999999999 0.347115 0.560897 0.402244 0.554487 0.443269 0.5519229999999999 0.470192 0.5301279999999999 0.452244 0.523077 0.461218 0.485256 0.383013 0.455769 0.421474 0.42564100000000005 0.407372 0.40512800000000004 0.402244 0.376923 0.374038 0.36474399999999996 0.415064 0.358974 0.458654 0.337179 0.467628 0.28333299999999995 0.449679 0.250641 0.417628 0.24166699999999997 0.372756 0.249359 0.31891 0.267949 0.249679 0.252564 0.221474 0.269231 0.161218 0.28653799999999996 0.129167 0.30320499999999995 0.079167 0.34358999999999995 0.0625 0.353846 0.047115 0.380769 0.044551 0.380128 0.099679 0.40320500000000004 0.120192 0.415385 0.109936 0.46602600000000005 0.126603 0.499359 0.11891 0.530769 0.1125 0.546154 0.133013 0.55 0.174038 0.5358970000000001 0.229167 0.522436 0.250962 0.498718 0.239423 0.47307699999999997 0.291987 0.48717900000000003 0.322756 0.557051 0.322756 0.577564 0.327885
0 0.12307699999999999 0.467628 0.16794900000000001 0.51891 0.16025599999999995 0.55609 0.16153799999999996 0.629167 0.15769200000000005 0.663782 0.15256400000000003 0.716346 0.13782099999999997 0.767628 0.127564 0.702244 0.11410299999999995 0.659936 0.09038500000000005 0.611218 0.06474400000000002 0.561218 0.06346200000000002 0.509936 0.08076899999999998 0.461218 0.10961500000000002 0.470192
0 0.315385 0.602244 0.353205 0.644551 0.32371799999999995 0.709936 0.32371799999999995 0.758654 0.335256 0.803526 0.36794899999999997 0.838141 0.34551299999999996 0.893269 0.32820499999999997 0.922756 0.314744 0.967628 0.30512799999999995 0.983013 0.27756400000000003 0.993269 0.269231 0.941987 0.276282 0.848397 0.271795 0.794551 0.269231 0.759936 0.269872 0.690705 0.27692300000000003 0.654808 0.292949 0.634295 0.30320499999999995 0.590705
0 0.13782099999999997 0.16891 0.15641000000000005 0.172756 0.17243600000000003 0.165064 0.18205099999999996 0.216346 0.17820499999999995 0.261218 0.15705100000000005 0.315064 0.126923 0.327885 0.09807699999999997 0.329167 0.02948700000000004 0.359936 0.0012820000000000054 0.385577 0.0032050000000000134 0.094551 0.05576899999999996 0.150962 0.07756399999999997 0.181731 0.09294899999999995 0.202244 0.10705100000000001 0.203526 0.13076900000000002 0.177885
0 0.028205000000000036 0.577885 0.05384599999999995 0.586859 0.040385000000000004 0.627885 0.039744 0.643269 0.03397399999999995 0.652244 0.02179500000000001 0.643269 0.01730799999999999 0.599679 0.018589999999999995 0.580449
0 0.994872 0.430449 0.982051 0.441987 0.971795 0.439423 0.949359 0.450962 0.951923 0.498397 0.961538 0.534295 0.992949 0.536859 0.998077 0.454808
0 0.45064099999999996 0.691987 0.474359 0.699679 0.476923 0.733013 0.473718 0.753526 0.462179 0.761218 0.455769 0.763782 0.44359000000000004 0.777885 0.435897 0.766346 0.435897 0.738141 0.43269199999999997 0.694551 0.44102600000000003 0.676603