0 0.44102600000000003 0.013782 0.43333299999999997 0.065064 0.4 0.116346 0.353846 0.127885 0.33846200000000004 0.0125 0.42307700000000004 0.004808
0 0.270513 0.016346 0.251923 0.099679 0.228846 0.134295 0.17243600000000003 0.15609 0.142308 0.144551 0.125 0.113782 0.11730799999999997 0.030449 0.12115399999999998 0.00609 0.26282099999999997 0.007372
0 0.680769 0.111218 0.675 0.159936 0.6564099999999999 0.188141 0.641667 0.202244 0.578846 0.209936 0.5480769999999999 0.185577 0.557051 0.140705 0.5948720000000001 0.122756 0.630128 0.108654 0.644872 0.10609
0 0.48717900000000003 0.181731 0.514744 0.229167 0.541667 0.253526 0.553205 0.281731 0.529487 0.339423 0.525641 0.384295 0.498718 0.402244 0.461538 0.324038 0.42628200000000005 0.244551 0.40448700000000004 0.222756 0.389744 0.152244 0.435256 0.135577 0.44999999999999996 0.171474 0.476282 0.185577
0 0.353846 0.254808 0.394872 0.275321 0.40833299999999995 0.308654 0.41025599999999995 0.361218 0.41025599999999995 0.422756 0.396154 0.474038 0.396154 0.516346 0.43140999999999996 0.577885 0.42115400000000003 0.694551 0.377564 0.674038 0.354487 0.659936 0.34166700000000005 0.700962 0.32692299999999996 0.729167 0.29359 0.772756 0.27884600000000004 0.758654 0.25 0.643269 0.250641 0.599679 0.28141000000000005 0.549679 0.263462 0.495833 0.23974399999999996 0.485577 0.22307699999999997 0.488141 0.19615400000000005 0.444551 0.19038500000000003 0.391987 0.19807699999999995 0.345833 0.254487 0.375321 0.28333299999999995 0.399679 0.33141 0.431731 0.34551299999999996 0.426603 0.357051 0.347115 0.330128 0.30609 0.33782100000000004 0.270192 0.34743599999999997 0.247115
0 0.14038499999999998 0.233013 0.15512800000000004 0.316346 0.167308 0.381731 0.13717900000000005 0.416346 0.125641 0.409936 0.13076900000000002 0.379167 0.13141000000000003 0.333013 0.09423099999999995 0.265064 0.10064099999999998 0.249679 0.12051299999999998 0.245833
0 0.992949 0.254808 0.967949 0.233013 0.866667 0.213782 0.870513 0.254808 0.858333 0.294551 0.834615 0.303526 0.81859 0.263782 0.812179 0.238141 0.750641 0.289423 0.742308 0.322756 0.708333 0.424038 0.697436 0.46891 0.683333 0.570192 0.716026 0.608654 0.730769 0.645833 0.728205 0.71891 0.725641 0.807372 0.765385 0.857372 0.783974 0.799679 0.811538 0.720192 0.8211539999999999 0.658654 0.810897 0.588141 0.780769 0.529167 0.775 0.489423 0.770513 0.420192 0.777564 0.400962 0.807051 0.388141 0.851923 0.380449 0.907051 0.357372 0.919231 0.402244 0.927564 0.491987 0.9269229999999999 0.56891 0.934615 0.639423 0.942308 0.679167 0.999359 0.659936 0.998077 0.285577
0 0.877564 0.749679 0.896795 0.808654 0.898718 0.899679 0.904487 0.994551 0.780769 0.995833 0.813462 0.952244 0.811538 0.895833 0.792308 0.870192 0.810897 0.834295 0.839744 0.859936 0.849359 0.861218 0.867949 0.791987 0.869872 0.7625
0 0.632692 0.589423 0.664103 0.647115 0.671154 0.674038 0.661538 0.699679 0.628205 0.690705 0.608333 0.675321 0.600641 0.649679 0.613462 0.615064 0.624359 0.598397
0 0.42756400000000006 0.800962 0.455769 0.845833 0.485897 0.866346 0.46602600000000005 0.917628 0.458333 0.971474 0.44807699999999995 0.995833 0.370513 0.995833 0.36730799999999997 0.931731 0.355769 0.880449 0.371795 0.834295 0.390385 0.802244 0.401282 0.795833 0.419231 0.800962
0 0.028205000000000036 0.5625 0.04615400000000003 0.593269 0.07115400000000005 0.613782 0.09615399999999996 0.697115 0.09935899999999998 0.724038 0.07307699999999995 0.765064 0.04359000000000002 0.808654 0.003846000000000016 0.757372 0.0032050000000000134 0.5625
0 0.016025999999999985 0.859936 0.02179500000000001 0.903526 0.042949000000000015 0.950962 0.05128200000000005 0.988141 0.0025640000000000107 0.993269 0.001923000000000008 0.866346
0 0.24294899999999997 0.921474 0.267308 0.9625 0.30640999999999996 0.938141 0.32307699999999995 0.990705 0.208974 0.993269 0.21923099999999995 0.959936 0.230128 0.935577
0 0.630769 0.815064 0.677564 0.802244 0.685256 0.86891 0.6525639999999999 0.898397 0.61859 0.899679 0.622436 0.836859