0 0.15000000000000002 0.038141 0.15384600000000004 0.085577 0.14807700000000001 0.134295 0.145513 0.158654 0.146795 0.188141 0.15256400000000003 0.207372 0.14038499999999998 0.250962 0.128205 0.266346 0.11410299999999995 0.283013 0.083974 0.293269 0.09423099999999995 0.277885 0.12179499999999999 0.21891 0.105128 0.195833 0.08782100000000004 0.165064 0.06923100000000004 0.11891 0.040385000000000004 0.072756 0.048077000000000036 0.045833 0.07499999999999996 0.038141 0.10320499999999999 0.040705 0.13910299999999998 0.035577
0 0.312179 0.215064 0.335256 0.253526 0.34807699999999997 0.297115 0.34743599999999997 0.313782 0.330128 0.329167 0.32435899999999995 0.336859 0.314744 0.359936 0.294231 0.379167 0.28012800000000004 0.397115 0.27756400000000003 0.389423 0.28012800000000004 0.316346 0.289103 0.263782 0.27692300000000003 0.230449 0.28205100000000005 0.217628 0.287821 0.20609 0.30000000000000004 0.208654
0 0.17371800000000004 0.390705 0.18269199999999997 0.417628 0.18782100000000002 0.430449 0.19807699999999995 0.429167 0.23589700000000002 0.424038 0.25 0.443269 0.27884600000000004 0.488141 0.28525599999999995 0.579167 0.275641 0.599679 0.232692 0.625321 0.209615 0.657372 0.163462 0.684295 0.142308 0.647115 0.10833300000000001 0.641987 0.07115400000000005 0.600962 0.05192300000000005 0.574038 0.09807699999999997 0.500962 0.10961500000000002 0.454808 0.105128 0.433013 0.085897 0.411218 0.09294899999999995 0.386859 0.11794899999999997 0.353526 0.15448700000000004 0.345833 0.162821 0.339423
0 0.38461500000000004 0.425321 0.391667 0.503526 0.394872 0.552244 0.412821 0.615064 0.42435900000000004 0.615064 0.440385 0.643269 0.46282100000000004 0.658654 0.494872 0.629167 0.532051 0.647115 0.5519229999999999 0.674038 0.563462 0.759936 0.5685899999999999 0.815064 0.5698719999999999 0.838141 0.519872 0.872756 0.503205 0.876603 0.49038499999999996 0.871474 0.476923 0.845833 0.47051299999999996 0.803526 0.5121789999999999 0.763782 0.516026 0.733013 0.5070509999999999 0.690705 0.48141 0.689423 0.478205 0.700962 0.46858999999999995 0.720192 0.46666700000000005 0.749679 0.45256399999999997 0.76891 0.44935899999999995 0.799679 0.457692 0.836859 0.44230800000000003 0.863782 0.42371800000000004 0.885577 0.40192300000000003 0.85609 0.375 0.81891 0.34166700000000005 0.744551 0.30833299999999997 0.600962 0.330128 0.489423 0.350641 0.421474 0.374359 0.357372 0.391667 0.372756
0 0.685256 0.291987 0.716026 0.304808 0.7 0.398397 0.673718 0.452244 0.6564099999999999 0.471474 0.670513 0.536859 0.647436 0.581731 0.623718 0.553526 0.628205 0.489423 0.6358969999999999 0.400962 0.644231 0.325321 0.675 0.290705
0 0.545513 0.253526 0.564103 0.276603 0.5660259999999999 0.340705 0.5711539999999999 0.344551 0.564744 0.375321 0.558333 0.393269 0.5730770000000001 0.435577 0.5673079999999999 0.452244 0.542949 0.430449 0.517949 0.400962 0.496154 0.383013 0.5096149999999999 0.3125 0.5083329999999999 0.239423 0.517949 0.21891
0 0.687821 0.01891 0.6801280000000001 0.049679 0.682051 0.059936 0.6814100000000001 0.079167 0.6717949999999999 0.091987 0.6608970000000001 0.104808 0.625641 0.131731 0.60641 0.135577 0.5756410000000001 0.121474 0.519231 0.00609 0.683333 0.003526
0 0.896795 0.093269 0.935256 0.152244 0.948718 0.195833 0.959615 0.227885 0.938462 0.279167 0.932051 0.288141 0.894872 0.274038 0.874359 0.2625 0.841026 0.236859 0.8423080000000001 0.175321 0.832692 0.120192 0.846795 0.11891 0.860897 0.102244 0.888462 0.091987
0 0.942949 0.007372 0.95 0.054808 0.997436 0.107372 0.997436 0.007372
0 0.975 0.734295 0.960897 0.713782 0.948718 0.690705 0.93141 0.648397 0.917949 0.640705 0.89359 0.645833 0.869231 0.700962 0.838462 0.693269 0.815385 0.686859 0.80641 0.698397 0.827564 0.815064 0.845513 0.833013 0.873718 0.863782 0.901282 0.876603 0.927564 0.880449 0.951282 0.889423 0.961538 0.86891 0.969872 0.827885 0.969231 0.774038
0 0.7801279999999999 0.76891 0.787821 0.80609 0.8019229999999999 0.798397 0.810897 0.786859 0.813462 0.831731 0.8051280000000001 0.924038 0.790385 0.995833 0.7403850000000001 0.989423 0.721795 0.949679 0.6993590000000001 0.934295 0.707051 0.903526 0.728205 0.849679 0.736538 0.835577 0.758333 0.772756
0 0.750641 0.686859 0.744872 0.697115 0.727564 0.726603 0.726282 0.752244 0.704487 0.761218 0.6801280000000001 0.795833 0.667308 0.833013 0.6576919999999999 0.85609 0.642308 0.877885 0.6371789999999999 0.886859 0.621154 0.880449 0.621154 0.833013 0.611538 0.789423 0.605128 0.763782 0.608974 0.759936 0.630128 0.763782 0.666026 0.693269 0.710897 0.702244 0.736538 0.688141
0 0.19359000000000004 0.774038 0.22051299999999996 0.830449 0.24551299999999998 0.865064 0.23589700000000002 0.904808 0.22115399999999996 0.938141 0.19551300000000005 0.993269 0.10705100000000001 0.983013 0.06346200000000002 0.949679 0.040385000000000004 0.885577 0.02948700000000004 0.824038 0.05192300000000005 0.800962 0.103846 0.785577 0.15448700000000004 0.748397