0 0.32564099999999996 0.085577 0.333333 0.147115 0.353846 0.220192 0.360256 0.261218 0.32307699999999995 0.291987 0.310897 0.315064 0.294872 0.321474 0.253205 0.288141 0.20384599999999997 0.263782 0.19999999999999996 0.308654 0.21730799999999995 0.349679 0.18846200000000002 0.345833 0.126282 0.343269 0.14102599999999998 0.241987 0.13141000000000003 0.189423 0.09743599999999997 0.144551 0.06794900000000004 0.116346 0.05320499999999995 0.058654 0.059614999999999974 0.027885 0.141667 0.016346 0.229487 0.020192 0.23717900000000003 0.104808 0.24294899999999997 0.152244 0.253205 0.139423 0.287821 0.063782 0.309615 0.074038
0 0.48717900000000003 0.204808 0.510256 0.245833 0.5 0.3125 0.515385 0.403526 0.510256 0.499679 0.46346200000000004 0.565064 0.44743599999999994 0.552244 0.438462 0.46891 0.419231 0.374038 0.40512800000000004 0.276603 0.399359 0.229167 0.42948699999999995 0.204808 0.44935899999999995 0.225321 0.46923099999999995 0.20609
0 0.834615 0.334295 0.830769 0.416346 0.849359 0.484295 0.869231 0.450962 0.891026 0.483013 0.908974 0.597115 0.890385 0.615064 0.851282 0.584295 0.839744 0.672756 0.844231 0.689423 0.807051 0.726603 0.782051 0.744551 0.7801279999999999 0.633013 0.764744 0.609936 0.734615 0.575321 0.705769 0.493269 0.7198720000000001 0.386859 0.75 0.366346 0.7846150000000001 0.372756 0.769872 0.31891 0.779487 0.302244 0.814103 0.325321 0.8403849999999999 0.341987
0 0.695513 0.634295 0.7224360000000001 0.71891 0.735897 0.766346 0.723718 0.817628 0.711538 0.836859 0.687821 0.80609 0.678205 0.794551 0.683333 0.90609 0.682051 0.945833 0.6839740000000001 0.985577 0.6375 0.995833 0.63141 0.925321 0.625 0.889423 0.586538 0.915064 0.548718 0.929167 0.535256 0.930449 0.5756410000000001 0.81891 0.5948720000000001 0.758654 0.621154 0.702244 0.651923 0.629167 0.662821 0.621474 0.675 0.635577
0 0.503846 0.663782 0.5121789999999999 0.720192 0.512821 0.75609 0.512821 0.777885 0.475641 0.775321 0.459615 0.727885 0.44487200000000005 0.679167 0.46666700000000005 0.671474 0.49359 0.6625
0 0.22371799999999997 0.871474 0.251282 0.920192 0.27820500000000004 0.922756 0.272436 0.870192 0.30705099999999996 0.877885 0.314744 0.90609 0.31794900000000004 0.916346 0.28717899999999996 0.954808 0.294231 0.971474 0.294872 0.994551 0.19487200000000005 0.994551 0.20064099999999996 0.940705 0.20128199999999996 0.888141 0.20256399999999997 0.867628 0.210897 0.853526
0 0.10961500000000002 0.849679 0.12051299999999998 0.903526 0.14038499999999998 0.879167 0.15833299999999995 0.854808 0.15512800000000004 0.920192 0.13653800000000005 0.950962 0.12243599999999999 0.991987 0.06538500000000003 0.988141 0.07179500000000005 0.915064 0.07179500000000005 0.876603 0.08974400000000005 0.8625
0 0.086538 0.497115 0.07499999999999996 0.577885 0.06859000000000004 0.603526 0.04487200000000002 0.654808 0.019230999999999998 0.717628 0.0012820000000000054 0.727885 0.008333000000000035 0.640705 0.015384999999999982 0.602244 0.00961500000000004 0.570192 0.004487000000000019 0.565064 0.014102999999999977 0.490705 0.03653799999999996 0.515064 0.05384599999999995 0.548397 0.06923100000000004 0.511218
0 0.919872 0.875321 0.887821 0.847115 0.871795 0.848397 0.863462 0.838141 0.85641 0.791987 0.8391029999999999 0.745833 0.835897 0.75609 0.8256410000000001 0.780449 0.7846150000000001 0.804808 0.769872 0.798397 0.753205 0.80609 0.7429490000000001 0.81891 0.748718 0.876603 0.728205 0.90609 0.710256 0.990705 0.908974 0.990705 0.9269229999999999 0.950962 0.935256 0.897115
0 0.555769 0.225321 0.585256 0.270192 0.585897 0.325321 0.5961540000000001 0.383013 0.596795 0.4125 0.5935900000000001 0.436859 0.585256 0.445833 0.566667 0.426603 0.5480769999999999 0.336859 0.5333330000000001 0.283013 0.514744 0.243269 0.5358970000000001 0.2125
0 0.994872 0.238141 0.974359 0.277885 0.93141 0.291987 0.914103 0.240705 0.916667 0.181731 0.955128 0.107372 0.998077 0.113782
0 0.994872 0.847115 0.95641 0.821474 0.933333 0.8125 0.930769 0.767628 0.936538 0.715064 0.96859 0.716346 0.978846 0.694551 0.997436 0.657372 0.996154 0.834295
0 0.992308 0.930449 0.975641 0.907372 0.961538 0.920192 0.937821 0.975321 0.934615 0.989423 0.995513 0.991987 0.996795 0.950962
0 0.42884599999999995 0.852244 0.42884599999999995 0.889423 0.44551300000000005 0.921474 0.42884599999999995 0.950962 0.416026 0.924038 0.395513 0.940705 0.36859 0.909936 0.36730799999999997 0.863782 0.376923 0.813782 0.391667 0.876603 0.417308 0.867628