0 0.310897 0.013782 0.31602600000000003 0.061218 0.32692299999999996 0.085577 0.314103 0.120192 0.292949 0.135577 0.27692300000000003 0.154808 0.232051 0.177885 0.20705099999999999 0.188141 0.18205099999999996 0.11891 0.17179500000000003 0.085577 0.20064099999999996 0.05609 0.21474400000000005 0.0125 0.22115399999999996 0.00609 0.30192300000000005 0.003526
0 0.18012799999999995 0.285577 0.20576899999999998 0.304808 0.20705099999999999 0.327885 0.20256399999999997 0.370192 0.20192299999999996 0.398397 0.20064099999999996 0.422756 0.18589699999999998 0.449679 0.16859000000000002 0.488141 0.15705100000000005 0.507372 0.13461500000000004 0.486859 0.10961500000000002 0.471474 0.11217900000000003 0.398397 0.11858999999999997 0.370192 0.142949 0.375321 0.14935900000000002 0.345833 0.166026 0.320192 0.17500000000000004 0.297115
0 0.03589699999999996 0.409936 0.05576899999999996 0.427885 0.06538500000000003 0.439423 0.05833299999999997 0.470192 0.048077000000000036 0.483013 0.037820999999999994 0.477885 0.02243600000000001 0.450962 0.017948999999999993 0.435577 0.017948999999999993 0.411218
0 0.15192300000000003 0.521474 0.15320500000000004 0.543269 0.15320500000000004 0.594551 0.146795 0.607372 0.13653800000000005 0.6125 0.11923099999999998 0.609936 0.12051299999999998 0.588141 0.13910299999999998 0.567628 0.14038499999999998 0.535577 0.144872 0.511218
0 0.062178999999999984 0.624038 0.07179500000000005 0.661218 0.07115400000000005 0.690705 0.06666700000000003 0.698397 0.05576899999999996 0.707372 0.05384599999999995 0.683013 0.039103 0.658654 0.026282000000000028 0.631731 0.037820999999999994 0.630449 0.05192300000000005 0.631731
0 0.023718000000000017 0.691987 0.04166700000000001 0.700962 0.04871800000000004 0.720192 0.03397399999999995 0.726603 0.023077000000000014 0.736859 0.006410000000000027 0.738141 0.0032050000000000134 0.699679
0 0.11153800000000003 0.817628 0.12243599999999999 0.833013 0.142308 0.834295 0.15128200000000003 0.825321 0.15769200000000005 0.804808 0.16217899999999996 0.854808 0.15769200000000005 0.871474 0.14038499999999998 0.899679 0.13269200000000003 0.913782 0.11923099999999998 0.922756 0.105128 0.903526 0.09679499999999996 0.863782 0.09294899999999995 0.827885 0.09166700000000005 0.807372
0 0.314103 0.593269 0.32499999999999996 0.617628 0.34038500000000005 0.633013 0.369872 0.622756 0.378846 0.666346 0.380128 0.695833 0.38717900000000005 0.727885 0.388462 0.753526 0.39359 0.777885 0.396795 0.824038 0.389103 0.858654 0.38269200000000003 0.884295 0.353846 0.902244 0.355769 0.934295 0.352564 0.954808 0.33846200000000004 0.990705 0.251282 0.993269 0.24487199999999998 0.958654 0.253846 0.934295 0.273718 0.939423 0.29935900000000004 0.929167 0.30897399999999997 0.921474 0.31923100000000004 0.90609 0.32435899999999995 0.870192 0.32243599999999994 0.838141 0.310897 0.813782 0.28589699999999996 0.772756 0.26089700000000005 0.745833 0.24551299999999998 0.679167 0.24294899999999997 0.634295 0.25641 0.615064 0.28076900000000005 0.607372 0.294231 0.589423
0 0.510256 0.452244 0.522436 0.493269 0.542949 0.51891 0.545513 0.571474 0.546154 0.585577 0.526282 0.613782 0.5096149999999999 0.630449 0.48974399999999996 0.653526 0.47115399999999996 0.66891 0.44166700000000003 0.672756 0.438462 0.625321 0.42628200000000005 0.60609 0.416667 0.585577 0.42179500000000003 0.553526 0.42243600000000003 0.50609 0.40192300000000003 0.471474 0.413462 0.415064 0.43333299999999997 0.411218 0.44615400000000005 0.4125 0.479487 0.417628 0.486538 0.413782 0.486538 0.327885 0.485256 0.275321 0.46730799999999995 0.279167 0.454487 0.303526 0.436538 0.315064 0.414103 0.315064 0.40769200000000005 0.277885 0.40641000000000005 0.248397 0.41089699999999996 0.211218 0.437821 0.207372 0.474359 0.215064 0.482692 0.190705 0.46794899999999995 0.165064 0.46538500000000005 0.149679 0.478205 0.133013 0.500641 0.131731 0.535256 0.161218 0.54359 0.175321 0.538462 0.221474 0.528205 0.266346 0.519231 0.327885 0.523718 0.371474 0.537821 0.354808 0.544872 0.315064 0.547436 0.288141 0.5589740000000001 0.289423 0.562179 0.317628 0.566667 0.386859 0.560256 0.4125 0.542308 0.448397 0.5333330000000001 0.415064 0.528205 0.415064
0 0.44423100000000004 0.050962 0.43269199999999997 0.093269 0.44102600000000003 0.141987 0.42371800000000004 0.177885 0.42179500000000003 0.189423 0.401282 0.235577 0.38782099999999997 0.275321 0.372436 0.294551 0.355128 0.302244 0.32051300000000005 0.298397 0.30576899999999996 0.254808 0.31987200000000005 0.226603 0.32051300000000005 0.211218 0.31730800000000003 0.139423 0.32820499999999997 0.102244 0.348718 0.097115 0.36282099999999995 0.124038 0.36217900000000003 0.077885 0.359615 0.057372 0.389103 0.029167 0.392308 0.007372 0.440385 0.007372
0 0.607051 0.559936 0.632692 0.563782 0.651923 0.580449 0.654487 0.597115 0.654487 0.616346 0.663462 0.636859 0.6743589999999999 0.647115 0.671154 0.704808 0.6583330000000001 0.727885 0.649359 0.775321 0.64359 0.791987 0.629487 0.788141 0.617308 0.772756 0.609615 0.761218 0.601282 0.733013 0.586538 0.721474 0.607051 0.700962 0.626282 0.691987 0.63141 0.680449 0.63141 0.621474 0.6179490000000001 0.630449 0.612179 0.644551 0.607051 0.652244 0.596795 0.65609 0.5782050000000001 0.650962 0.564744 0.625321 0.564744 0.603526 0.582051 0.576603
0 0.671154 0.875321 0.685256 0.908654 0.6935899999999999 0.927885 0.697436 0.95609 0.7 0.971474 0.70641 0.989423 0.6153850000000001 0.991987 0.630769 0.959936 0.657051 0.911218
0 0.562179 0.817628 0.565385 0.865064 0.576282 0.889423 0.5903849999999999 0.877885 0.609615 0.897115 0.607051 0.938141 0.605128 0.9625 0.5974360000000001 0.991987 0.519872 0.993269 0.530769 0.967628 0.5326919999999999 0.911218 0.515385 0.926603 0.5083329999999999 0.95609 0.5083329999999999 0.974038 0.507692 0.988141 0.485256 0.988141 0.46346200000000004 0.963782 0.454487 0.925321 0.46923099999999995 0.889423 0.485897 0.867628 0.5083329999999999 0.854808 0.523718 0.839423 0.5326919999999999 0.80609
0 0.739744 0.684295 0.758333 0.720192 0.76859 0.703526 0.766667 0.677885 0.766667 0.658654 0.801282 0.661218 0.835256 0.703526 0.846795 0.699679 0.871795 0.7125 0.88141 0.736859 0.867949 0.777885 0.844231 0.779167 0.833974 0.803526 0.825 0.8125 0.8019229999999999 0.827885 0.795513 0.808654 0.776282 0.784295 0.757692 0.797115 0.758974 0.830449 0.730128 0.853526 0.712179 0.849679 0.7019230000000001 0.838141 0.6910259999999999 0.817628 0.7006410000000001 0.794551 0.716026 0.785577 0.729487 0.758654 0.735256 0.735577 0.726923 0.721474 0.7185900000000001 0.697115 0.7198720000000001 0.689423
0 0.996154 0.748397 0.991667 0.736859 0.990385 0.683013 0.982051 0.681731 0.960256 0.707372 0.945513 0.711218 0.921154 0.708654 0.910897 0.685577 0.898718 0.70609 0.9 0.745833 0.900641 0.774038 0.892949 0.795833 0.880128 0.802244 0.876282 0.802244 0.888462 0.843269 0.895513 0.883013 0.9 0.900962 0.914744 0.920192 0.929487 0.913782 0.947436 0.916346 0.951282 0.948397 0.955769 0.972756 0.945513 0.994551 0.998718 0.991987 0.997436 0.789423
0 0.994231 0.489423 0.980769 0.497115 0.960256 0.534295 0.946154 0.5625 0.91859 0.571474 0.891667 0.572756 0.871795 0.563782 0.860897 0.508654 0.845513 0.491987 0.835256 0.461218 0.832051 0.415064 0.832051 0.371474 0.841026 0.307372 0.848718 0.257372 0.866026 0.199679 0.901923 0.145833 0.927564 0.148397 0.936538 0.191987 0.935256 0.266346 0.933974 0.326603 0.923718 0.361218 0.946154 0.352244 0.9666669999999999 0.343269 0.962821 0.317628 0.975641 0.335577 0.998077 0.353526 0.999359 0.471474
0 0.812821 0.367628 0.827564 0.393269 0.816026 0.433013 0.812179 0.485577 0.807051 0.525321 0.789744 0.565064 0.744872 0.586859 0.720513 0.543269 0.7173080000000001 0.465064 0.691667 0.372756 0.683333 0.335577 0.683333 0.295833 0.677564 0.258654 0.6551279999999999 0.243269 0.610897 0.188141 0.594231 0.138141 0.604487 0.008654 0.669872 0.013782 0.6980770000000001 0.083013 0.6993590000000001 0.095833 0.707051 0.126603 0.7128209999999999 0.163782 0.744231 0.200962 0.751282 0.253526 0.755128 0.274038 0.767949 0.327885 0.765385 0.358654 0.7814099999999999 0.377885 0.795513 0.371474
0 0.883333 0.026603 0.889744 0.095833 0.882692 0.136859 0.86859 0.148397 0.837821 0.152244 0.826923 0.184295 0.834615 0.225321 0.796154 0.243269 0.771795 0.233013 0.75 0.184295 0.754487 0.113782 0.771154 0.133013 0.794872 0.133013 0.801282 0.077885 0.81859 0.038141 0.832692 0.004808 0.885256 0.013782