0 0.994231 0.467628 0.952564 0.434295 0.9288460000000001 0.40609 0.89359 0.370192 0.864744 0.367628 0.846154 0.348397 0.829487 0.30609 0.829487 0.284295 0.808974 0.280449 0.732692 0.308654 0.7128209999999999 0.329167 0.624359 0.366346 0.595513 0.441987 0.5903849999999999 0.484295 0.598077 0.552244 0.5948720000000001 0.584295 0.6 0.635577 0.610897 0.645833 0.622436 0.595833 0.641667 0.588141 0.6576919999999999 0.649679 0.6935899999999999 0.711218 0.7198720000000001 0.683013 0.7128209999999999 0.613782 0.713462 0.571474 0.726282 0.521474 0.748077 0.427885 0.75641 0.41891 0.805769 0.408654 0.8051280000000001 0.453526 0.805769 0.545833 0.816026 0.647115 0.807692 0.702244 0.797436 0.791987 0.80641 0.815064 0.814103 0.866346 0.828205 0.936859 0.837179 0.991987 0.907051 0.995833 0.901923 0.950962 0.883333 0.930449 0.866026 0.908654 0.853846 0.867628 0.860897 0.857372 0.883974 0.86891 0.9076919999999999 0.861218 0.929487 0.766346 0.905128 0.763782 0.857051 0.747115 0.855128 0.716346 0.853846 0.661218 0.858333 0.617628 0.863462 0.608654 0.892308 0.603526 0.920513 0.611218 0.930128 0.60609 0.962179 0.583013 0.998718 0.544551 0.998077 0.488141
0 0.657051 0.770192 0.669872 0.789423 0.708333 0.826603 0.7141029999999999 0.85609 0.7032050000000001 0.930449 0.707051 0.954808 0.723718 0.991987 0.636538 0.993269 0.625641 0.944551 0.610897 0.926603 0.601282 0.883013 0.583333 0.844551 0.585897 0.8125 0.600641 0.795833 0.621795 0.779167 0.649359 0.7625
0 0.561538 0.350962 0.562179 0.413782 0.567949 0.449679 0.579487 0.475321 0.578846 0.536859 0.566667 0.613782 0.561538 0.638141 0.551282 0.657372 0.536538 0.634295 0.5326919999999999 0.60609 0.530769 0.585577 0.519231 0.554808 0.5096149999999999 0.531731 0.5121789999999999 0.486859 0.502564 0.4125 0.505769 0.331731 0.517308 0.331731 0.548718 0.354808
0 0.5070509999999999 0.145833 0.501923 0.191987 0.482051 0.216346 0.48717900000000003 0.252244 0.504487 0.308654 0.47179499999999996 0.361218 0.47243599999999997 0.402244 0.435256 0.400962 0.434615 0.354808 0.42820499999999995 0.322756 0.41089699999999996 0.327885 0.40897399999999995 0.385577 0.40192300000000003 0.429167 0.414744 0.483013 0.36859 0.4625 0.351923 0.527885 0.360897 0.581731 0.36730799999999997 0.643269 0.329487 0.691987 0.31730800000000003 0.71891 0.30128200000000005 0.752244 0.28397399999999995 0.794551 0.24166699999999997 0.721474 0.22628199999999998 0.667628 0.22628199999999998 0.597115 0.248718 0.520192 0.270513 0.379167 0.254487 0.275321 0.36730799999999997 0.252244 0.372436 0.203526 0.394231 0.121474 0.44230800000000003 0.108654 0.48141 0.113782
0 0.22499999999999998 0.353526 0.21923099999999995 0.457372 0.210256 0.502244 0.20512799999999998 0.535577 0.18333299999999997 0.540705 0.13076900000000002 0.526603 0.105769 0.497115 0.086538 0.447115 0.086538 0.40609 0.09999999999999998 0.374038 0.11346199999999995 0.359936 0.162821 0.339423 0.18589699999999998 0.336859 0.21410300000000004 0.353526
0 0.012179000000000051 0.349679 0.030128000000000044 0.386859 0.03717899999999996 0.403526 0.04615400000000003 0.472756 0.035255999999999954 0.497115 0.01730799999999999 0.497115 0.0032050000000000134 0.504808 0.001923000000000008 0.335577
0 0.05320499999999995 0.621474 0.06794900000000004 0.640705 0.11217900000000003 0.686859 0.13141000000000003 0.672756 0.15192300000000003 0.671474 0.16025599999999995 0.711218 0.15897399999999995 0.725321 0.13653800000000005 0.758654 0.105769 0.771474 0.08333299999999999 0.795833 0.05384599999999995 0.798397 0.032692000000000054 0.761218 0.02179500000000001 0.703526 0.014102999999999977 0.65609 0.039744 0.630449
0 0.479487 0.561218 0.485256 0.613782 0.5096149999999999 0.603526 0.523077 0.631731 0.501923 0.663782 0.486538 0.674038 0.46346200000000004 0.699679 0.44166700000000003 0.699679 0.43333299999999997 0.680449 0.43012799999999995 0.633013 0.42500000000000004 0.600962 0.44807699999999995 0.579167 0.459615 0.574038 0.47179499999999996 0.554808
0 0.379487 0.771474 0.40897399999999995 0.794551 0.45641 0.765064 0.46346200000000004 0.783013 0.44102600000000003 0.900962 0.438462 0.920192 0.42179500000000003 0.941987 0.369231 0.944551 0.33846200000000004 0.9125 0.33141 0.902244 0.34358999999999995 0.866346 0.357051 0.825321
0 0.31730800000000003 0.843269 0.32115400000000005 0.877885 0.32243599999999994 0.897115 0.31666700000000003 0.930449 0.32884599999999997 0.972756 0.332051 0.984295 0.30576899999999996 0.984295 0.28589699999999996 0.972756 0.27820500000000004 0.900962 0.276282 0.859936 0.295513 0.844551 0.32435899999999995 0.831731
0 0.28461499999999995 0.011218 0.23717900000000003 0.11891 0.19679500000000005 0.157372 0.18461499999999997 0.177885 0.17115400000000003 0.111218 0.12179499999999999 0.058654 0.11538499999999996 0.007372 0.26153800000000005 0.004808
0 0.995513 0.894551 0.984615 0.938141 0.966026 0.991987 0.996795 0.994551 0.998718 0.9125