0 0.10961500000000002 0.211218 0.11410299999999995 0.244551 0.13461500000000004 0.239423 0.167308 0.244551 0.19102600000000003 0.289423 0.208974 0.326603 0.21602600000000005 0.371474 0.21923099999999995 0.408654 0.21538500000000005 0.445833 0.19935899999999995 0.457372 0.17500000000000004 0.445833 0.16923100000000002 0.407372 0.15320500000000004 0.390705 0.13012800000000002 0.3625 0.10256399999999999 0.340705 0.085897 0.325321 0.07435899999999995 0.304808 0.07243599999999994 0.272756 0.06923100000000004 0.234295 0.08333299999999999 0.215064 0.09807699999999997 0.203526
0 0.15192300000000003 0.011218 0.14871800000000002 0.045833 0.147436 0.067628 0.164103 0.091987 0.16794900000000001 0.116346 0.14871800000000002 0.131731 0.144872 0.136859 0.13782099999999997 0.148397 0.13076900000000002 0.161218 0.12051299999999998 0.147115 0.11217900000000003 0.15609 0.11282099999999995 0.172756 0.105769 0.195833 0.10641 0.174038 0.10192299999999999 0.148397 0.09551299999999996 0.145833 0.10897400000000002 0.088141 0.11923099999999998 0.066346 0.11858999999999997 0.040705 0.11858999999999997 0.025321 0.11410299999999995 0.015064 0.11025600000000002 0.007372 0.14038499999999998 0.004808
0 0.04935900000000004 0.000962 0.07243599999999994 0.045833 0.07499999999999996 0.083013 0.07371799999999995 0.117628 0.060255999999999976 0.139423 0.05192300000000005 0.1625 0.042949000000000015 0.163782 0.019230999999999998 0.120192 0.00961500000000004 0.113782 0.0012820000000000054 0.11891 0.001923000000000008 0.008654
0 0.28397399999999995 0.025321 0.28461499999999995 0.053526 0.314744 0.06891 0.31987200000000005 0.072756 0.31666700000000003 0.115064 0.30576899999999996 0.149679 0.295513 0.161218 0.28076900000000005 0.161218 0.266026 0.163782 0.26153800000000005 0.154808 0.263462 0.107372 0.271154 0.063782 0.276282 0.040705
0 0.209615 0.549679 0.21602600000000005 0.602244 0.22628199999999998 0.625321 0.23910299999999995 0.653526 0.253205 0.657372 0.264103 0.675321 0.24230799999999997 0.709936 0.24102599999999996 0.744551 0.23141 0.767628 0.20640999999999998 0.771474 0.19423100000000004 0.76891 0.164103 0.745833 0.15641000000000005 0.702244 0.164103 0.649679 0.18205099999999996 0.599679 0.19102600000000003 0.558654 0.19743599999999994 0.544551
0 0.085897 0.930449 0.11153800000000003 0.9625 0.125641 0.979167 0.14102599999999998 0.997115 0.019230999999999998 0.998397 0.050000000000000044 0.961218 0.07115400000000005 0.940705
0 0.495513 0.704808 0.5083329999999999 0.731731 0.505769 0.761218 0.497436 0.800962 0.49359 0.813782 0.48717900000000003 0.844551 0.494872 0.885577 0.503205 0.900962 0.516026 0.884295 0.519872 0.863782 0.519872 0.799679 0.523718 0.789423 0.554487 0.795833 0.580769 0.848397 0.585256 0.852244 0.603846 0.807372 0.608333 0.770192 0.628846 0.741987 0.646795 0.711218 0.669231 0.70609 0.6910259999999999 0.759936 0.686538 0.831731 0.66859 0.863782 0.6371789999999999 0.885577 0.639103 0.929167 0.639103 0.944551 0.639103 0.965064 0.641667 0.995833 0.45064099999999996 0.995833 0.44743599999999994 0.974038 0.435897 0.943269 0.42692300000000005 0.9125 0.42692300000000005 0.8625 0.44999999999999996 0.852244 0.45256399999999997 0.844551 0.45256399999999997 0.815064 0.46794899999999995 0.745833 0.475641 0.725321
0 0.749359 0.629167 0.742308 0.676603 0.744872 0.689423 0.753205 0.695833 0.765385 0.691987 0.778205 0.683013 0.808333 0.695833 0.817949 0.733013 0.808333 0.795833 0.783974 0.809936 0.772436 0.799679 0.759615 0.793269 0.745513 0.800962 0.726282 0.811218 0.707692 0.804808 0.6980770000000001 0.781731 0.697436 0.752244 0.711538 0.711218 0.7141029999999999 0.671474 0.739744 0.643269
0 0.852564 0.426603 0.853205 0.444551 0.866026 0.453526 0.872436 0.449679 0.876923 0.477885 0.878846 0.488141 0.8641030000000001 0.513782 0.854487 0.533013 0.845513 0.575321 0.8230770000000001 0.608654 0.8019229999999999 0.61891 0.773718 0.635577 0.795513 0.597115 0.812821 0.566346 0.817308 0.517628 0.822436 0.489423 0.8230770000000001 0.481731 0.826282 0.454808 0.833974 0.447115 0.8435900000000001 0.422756
0 0.626923 0.289423 0.6358969999999999 0.335577 0.6576919999999999 0.386859 0.626282 0.433013 0.598718 0.450962 0.586538 0.457372 0.560256 0.422756 0.542949 0.344551 0.544231 0.317628 0.564744 0.298397 0.604487 0.281731
0 0.4 0.45609 0.40897399999999995 0.463782 0.390385 0.499679 0.36666699999999997 0.515064 0.36538499999999996 0.535577 0.36538499999999996 0.544551 0.335256 0.574038 0.34615399999999996 0.549679 0.34615399999999996 0.536859 0.32692299999999996 0.529167 0.33974400000000005 0.4625 0.34102600000000005 0.440705 0.380128 0.443269
0 0.375 0.563782 0.38141 0.589423 0.391026 0.586859 0.394872 0.613782 0.396795 0.663782 0.38589700000000005 0.677885 0.369231 0.686859 0.36538499999999996 0.721474 0.358333 0.717628 0.34679499999999996 0.697115 0.32884599999999997 0.676603 0.32884599999999997 0.635577 0.34487199999999996 0.621474 0.351282 0.620192 0.359615 0.586859 0.359615 0.563782
0 0.775 0.053526 0.790385 0.0625 0.802564 0.103526 0.798718 0.147115 0.789103 0.211218 0.786538 0.229167 0.786538 0.266346 0.794231 0.266346 0.80641 0.240705 0.814103 0.221474 0.826282 0.209936 0.844231 0.194551 0.844231 0.175321 0.83141 0.129167 0.837821 0.111218 0.860256 0.122756 0.867949 0.153526 0.862179 0.189423 0.867308 0.239423 0.869872 0.253526 0.878205 0.25609 0.883974 0.25609 0.903205 0.21891 0.910256 0.207372 0.9288460000000001 0.208654 0.937179 0.267628 0.932692 0.288141 0.9083330000000001 0.298397 0.894872 0.303526 0.892308 0.316346 0.892308 0.325321 0.870513 0.350962 0.8448720000000001 0.354808 0.816026 0.365064 0.801282 0.3625 0.7814099999999999 0.331731 0.775 0.309936 0.767949 0.274038 0.747436 0.258654 0.74359 0.284295 0.757692 0.308654 0.762821 0.321474 0.759615 0.374038 0.760256 0.397115 0.713462 0.436859 0.691667 0.433013 0.669872 0.422756 0.673718 0.370192 0.657051 0.352244 0.665385 0.31891 0.6801280000000001 0.289423 0.6961539999999999 0.30609 0.710256 0.285577 0.708333 0.2625 0.698718 0.238141 0.695513 0.236859 0.671154 0.217628 0.667308 0.208654 0.649359 0.191987 0.629487 0.184295 0.610256 0.167628 0.585256 0.150962 0.627564 0.103526 0.685256 0.107372 0.688462 0.081731 0.723077 0.036859 0.744872 0.065064 0.767949 0.059936
0 0.991026 0.565064 0.969231 0.593269 0.960897 0.645833 0.959615 0.674038 0.950641 0.698397 0.934615 0.721474 0.928205 0.736859 0.944231 0.776603 0.939103 0.804808 0.935897 0.81891 0.944872 0.9125 0.95641 0.961218 0.989103 0.953526 1.0 0.931731 0.999359 0.857372 0.982692 0.859936 0.972436 0.861218 0.964744 0.825321 0.972436 0.797115 0.985897 0.784295 0.99359 0.775321 0.992308 0.71891 0.994231 0.690705 0.992308 0.625321 0.996795 0.594551
0 0.891026 0.007372 0.891667 0.038141 0.882692 0.054808 0.846154 0.067628 0.8641030000000001 0.022756 0.861538 0.011218