0 0.954487 0.011218 0.94359 0.086859 0.925 0.116346 0.870513 0.127885 0.8423080000000001 0.111218 0.811538 0.041987 0.808974 0.009936
0 0.788462 0.016346 0.772436 0.05609 0.757051 0.1125 0.726923 0.190705 0.708974 0.185577 0.704487 0.109936 0.7166669999999999 0.007372 0.782051 0.008654
0 0.999359 0.371474 0.969231 0.340705 0.937179 0.31891 0.91859 0.343269 0.894872 0.365064 0.896154 0.384295 0.937821 0.440705 0.998718 0.489423
0 0.842949 0.404808 0.825 0.488141 0.817308 0.536859 0.8435900000000001 0.686859 0.835897 0.765064 0.860897 0.789423 0.885256 0.817628 0.897436 0.857372 0.898718 0.893269 0.900641 0.9125 0.886538 0.952244 0.875641 0.945833 0.851282 0.908654 0.8243590000000001 0.893269 0.817308 0.876603 0.807051 0.847115 0.775641 0.822756 0.758333 0.802244 0.7416670000000001 0.738141 0.7608969999999999 0.677885 0.779487 0.6125 0.785256 0.586859 0.764103 0.566346 0.735897 0.559936 0.726923 0.554808 0.711538 0.550962 0.710897 0.591987 0.705769 0.634295 0.666667 0.627885 0.649359 0.5625 0.613462 0.549679 0.60641 0.491987 0.5974360000000001 0.475321 0.588462 0.474038 0.576282 0.447115 0.580128 0.413782 0.607692 0.425321 0.6128210000000001 0.417628 0.607692 0.394551 0.594231 0.358654 0.592949 0.333013 0.6179490000000001 0.31891 0.664744 0.341987 0.690385 0.366346 0.735256 0.333013 0.755128 0.361218 0.771795 0.385577 0.786538 0.415064 0.820513 0.400962
0 0.997436 0.621474 0.978846 0.634295 0.965385 0.633013 0.957692 0.60609 0.947436 0.6125 0.933974 0.634295 0.916026 0.652244 0.908974 0.707372 0.897436 0.733013 0.896154 0.786859 0.923077 0.847115 0.962821 0.850962 0.997436 0.825321
0 0.624359 0.743269 0.6621790000000001 0.8125 0.687179 0.867628 0.7198720000000001 0.903526 0.7391030000000001 0.931731 0.7153849999999999 0.991987 0.40192300000000003 0.991987 0.38205100000000003 0.949679 0.36602599999999996 0.913782 0.35641 0.848397 0.391667 0.830449 0.41153799999999996 0.827885 0.435897 0.845833 0.44359000000000004 0.81891 0.482051 0.794551 0.483333 0.786859 0.478846 0.75609 0.479487 0.693269 0.513462 0.684295 0.542308 0.683013 0.566667 0.720192 0.578846 0.741987 0.605128 0.750962
0 0.440385 0.375321 0.477564 0.398397 0.44679500000000005 0.449679 0.40833299999999995 0.438141 0.401282 0.40609 0.40192300000000003 0.388141 0.42884599999999995 0.381731
0 0.357692 0.227885 0.34294899999999995 0.295833 0.31602600000000003 0.35609 0.30512799999999995 0.371474 0.249359 0.361218 0.22692299999999999 0.340705 0.22243599999999997 0.389423 0.208333 0.507372 0.19807699999999995 0.608654 0.18076899999999996 0.574038 0.17307700000000004 0.552244 0.16987200000000002 0.494551 0.167308 0.435577 0.17179500000000003 0.3125 0.17179500000000003 0.289423 0.19294900000000004 0.2625 0.228846 0.230449 0.24358999999999997 0.236859 0.263462 0.271474 0.294231 0.265064 0.30769199999999997 0.245833 0.349359 0.239423
0 0.17307700000000004 0.654808 0.18525599999999998 0.686859 0.18589699999999998 0.745833 0.232051 0.690705 0.29359 0.66891 0.23589700000000002 0.800962 0.17564100000000005 0.835577 0.17564100000000005 0.891987 0.19294900000000004 0.903526 0.22243599999999997 0.890705 0.264744 0.872756 0.29743600000000003 0.917628 0.291667 0.990705 0.17692300000000005 0.991987 0.17243600000000003 0.943269 0.15576900000000005 0.922756 0.15064100000000002 0.967628 0.14935900000000002 0.993269 0.10769200000000001 0.991987 0.11282099999999995 0.941987 0.10769200000000001 0.895833 0.06602600000000003 0.824038 0.048077000000000036 0.750962 0.037820999999999994 0.674038 0.07499999999999996 0.690705 0.10256399999999999 0.698397 0.103846 0.765064 0.10961500000000002 0.785577 0.12051299999999998 0.790705 0.13397400000000004 0.765064 0.142949 0.740705 0.146795 0.720192 0.147436 0.694551 0.147436 0.676603 0.15448700000000004 0.657372
0 0.12179499999999999 0.1125 0.13974399999999998 0.186859 0.10128199999999998 0.229167 0.05640999999999996 0.216346 0.04679500000000003 0.220192 0.04487200000000002 0.279167 0.04423100000000002 0.297115 0.02435900000000002 0.31891 0.0032050000000000134 0.3125 0.0032050000000000134 0.170192 0.021154000000000006 0.174038 0.039744 0.158654 0.04871800000000004 0.111218 0.08333299999999999 0.131731 0.09743599999999997 0.113782
0 0.553205 0.172756 0.5711539999999999 0.230449 0.573718 0.258654 0.560897 0.284295 0.5333330000000001 0.293269 0.523718 0.284295 0.514744 0.222756 0.512821 0.188141 0.526923 0.180449 0.54359 0.174038