0 0.34294899999999995 0.0125 0.360256 0.035577 0.374359 0.0625 0.36538499999999996 0.100962 0.34358999999999995 0.138141 0.332692 0.130449 0.32499999999999996 0.047115 0.30705099999999996 0.031731 0.29807700000000004 0.007372 0.334615 0.003526
0 0.28461499999999995 0.021474 0.30897399999999997 0.044551 0.30192300000000005 0.111218 0.29871800000000004 0.135577 0.29359 0.190705 0.26859 0.211218 0.22692299999999999 0.154808 0.21346200000000004 0.120192 0.19743599999999994 0.074038 0.208333 0.013782 0.266026 0.015064
0 0.127564 0.034295 0.141667 0.130449 0.15000000000000002 0.189423 0.142308 0.233013 0.12051299999999998 0.266346 0.10320499999999999 0.281731 0.09038500000000005 0.325321 0.06859000000000004 0.349679 0.039744 0.321474 0.03397399999999995 0.236859 0.02884600000000004 0.148397 0.032692000000000054 0.089423 0.039103 0.050962 0.06794900000000004 0.052244 0.11089700000000002 0.095833 0.11987199999999998 0.057372 0.123718 0.044551
0 0.373077 0.171474 0.397436 0.200962 0.417308 0.224038 0.458333 0.259936 0.42820499999999995 0.291987 0.42884599999999995 0.326603 0.42820499999999995 0.370192 0.44743599999999994 0.379167 0.42371800000000004 0.404808 0.40192300000000003 0.431731 0.357051 0.459936 0.34038500000000005 0.471474 0.294231 0.424038 0.28076900000000005 0.36891 0.29359 0.350962 0.32499999999999996 0.326603 0.335897 0.280449 0.337179 0.253526 0.31666700000000003 0.231731 0.32884599999999997 0.193269 0.34230799999999995 0.170192 0.358974 0.16891
0 0.541667 0.159936 0.5685899999999999 0.239423 0.566667 0.280449 0.5467949999999999 0.299679 0.538462 0.304808 0.5519229999999999 0.344551 0.5467949999999999 0.429167 0.5467949999999999 0.452244 0.532051 0.475321 0.51859 0.500962 0.50641 0.531731 0.48717900000000003 0.561218 0.476923 0.576603 0.44294900000000004 0.583013 0.417308 0.575321 0.414103 0.544551 0.435256 0.509936 0.42948699999999995 0.424038 0.454487 0.376603 0.476923 0.416346 0.475641 0.370192 0.476282 0.358654 0.476282 0.297115 0.49359 0.288141 0.505769 0.293269 0.517949 0.254808 0.516026 0.226603 0.5 0.199679 0.495513 0.183013 0.536538 0.148397
0 0.595513 0.416346 0.619872 0.429167 0.645513 0.447115 0.648077 0.471474 0.641026 0.557372 0.633974 0.593269 0.630128 0.675321 0.627564 0.752244 0.642949 0.799679 0.650641 0.880449 0.626923 0.900962 0.5961540000000001 0.961218 0.573718 0.971474 0.544231 0.954808 0.5326919999999999 0.890705 0.524359 0.863782 0.532051 0.830449 0.5275639999999999 0.776603 0.513462 0.734295 0.528205 0.666346 0.570513 0.703526 0.5891029999999999 0.713782 0.6 0.693269 0.600641 0.629167 0.600641 0.585577 0.599359 0.5625 0.5743590000000001 0.575321 0.55 0.616346 0.537821 0.620192 0.514103 0.504808 0.539744 0.485577 0.560256 0.497115 0.589744 0.493269 0.5916669999999999 0.477885
0 0.31602600000000003 0.595833 0.312821 0.657372 0.32115400000000005 0.695833 0.309615 0.727885 0.270513 0.795833 0.247436 0.790705 0.21858999999999995 0.753526 0.22115399999999996 0.690705 0.246795 0.659936 0.270513 0.639423 0.27692300000000003 0.586859 0.292308 0.567628
0 0.14359 0.688141 0.165385 0.709936 0.18461499999999997 0.725321 0.17115400000000003 0.744551 0.15769200000000005 0.780449 0.14359 0.788141 0.123718 0.783013 0.12051299999999998 0.740705 0.125641 0.707372
0 0.03589699999999996 0.498397 0.059614999999999974 0.527885 0.05448699999999995 0.581731 0.04615400000000003 0.599679 0.03717899999999996 0.611218 0.010256000000000043 0.608654 0.001923000000000008 0.595833 0.001923000000000008 0.5125 0.025641000000000025 0.498397
0 0.415385 0.870192 0.437179 0.890705 0.44871799999999995 0.907372 0.46410300000000004 0.909936 0.476923 0.909936 0.48910299999999995 0.953526 0.496795 0.994551 0.359615 0.990705 0.36666699999999997 0.95609 0.36794899999999997 0.930449 0.38333300000000003 0.911218 0.391026 0.888141 0.398718 0.875321
0 0.746154 0.26891 0.774359 0.309936 0.794231 0.339423 0.816667 0.398397 0.8198719999999999 0.434295 0.823718 0.471474 0.8448720000000001 0.484295 0.854487 0.509936 0.855128 0.521474 0.861538 0.530449 0.861538 0.552244 0.875 0.590705 0.872436 0.641987 0.873718 0.65609 0.889744 0.65609 0.905769 0.654808 0.927564 0.645833 0.935256 0.638141 0.953205 0.593269 0.953205 0.540705 0.988462 0.465064 0.996795 0.450962 0.996795 0.858654 0.9673080000000001 0.825321 0.946795 0.76891 0.939103 0.729167 0.923077 0.785577 0.914103 0.845833 0.894872 0.859936 0.866667 0.874038 0.851282 0.867628 0.828846 0.836859 0.811538 0.771474 0.8051280000000001 0.725321 0.796154 0.658654 0.794231 0.588141 0.782051 0.535577 0.766667 0.522756 0.7141029999999999 0.46891 0.701282 0.436859 0.708974 0.36891 0.711538 0.317628 0.721795 0.281731 0.7378210000000001 0.2625
0 0.679487 0.572756 0.6788460000000001 0.629167 0.675 0.670192 0.666667 0.7125 0.6564099999999999 0.747115 0.649359 0.709936 0.642949 0.681731 0.645513 0.643269 0.6525639999999999 0.622756 0.65 0.574038 0.6583330000000001 0.552244 0.680769 0.557372
0 0.741026 0.845833 0.760256 0.865064 0.769231 0.898397 0.769231 0.922756 0.7833330000000001 0.938141 0.783974 0.976603 0.7833330000000001 0.991987 0.711538 0.993269 0.735897 0.975321 0.74359 0.948397 0.7403850000000001 0.920192 0.732051 0.915064 0.7198720000000001 0.940705 0.711538 0.941987 0.694231 0.944551 0.6769229999999999 0.922756 0.671154 0.877885 0.6801280000000001 0.854808 0.70641 0.850962
0 0.02435900000000002 0.859936 0.06794900000000004 0.898397 0.09102600000000005 0.924038 0.09935899999999998 0.943269 0.10897400000000002 0.991987 0.003846000000000016 0.991987 0.004487000000000019 0.844551
0 0.762821 0.01891 0.751923 0.085577 0.7211540000000001 0.133013 0.716026 0.202244 0.7032050000000001 0.21891 0.6717949999999999 0.170192 0.655769 0.129167 0.655769 0.057372 0.664744 0.011218 0.753205 0.007372
0 0.982051 0.261218 0.944872 0.235577 0.925 0.253526 0.942949 0.298397 0.934615 0.325321 0.912179 0.363782 0.903205 0.395833 0.898077 0.425321 0.882692 0.429167 0.874359 0.399679 0.859615 0.424038 0.860256 0.494551 0.864744 0.5125 0.860256 0.525321 0.885897 0.529167 0.9083330000000001 0.553526 0.9096150000000001 0.581731 0.923077 0.593269 0.942308 0.567628 0.946154 0.522756 0.951282 0.46891 0.962821 0.430449 0.998718 0.421474 0.994872 0.284295