0 0.047436000000000034 0.020192 0.06602600000000003 0.070192 0.048077000000000036 0.108654 0.083974 0.190705 0.13269200000000003 0.203526 0.15384600000000004 0.224038 0.126923 0.286859 0.10064099999999998 0.335577 0.086538 0.343269 0.0032050000000000134 0.289423 0.0032050000000000134 0.007372 0.023718000000000017 0.025321
0 0.020513000000000003 0.448397 0.04871800000000004 0.493269 0.07051300000000005 0.522756 0.142949 0.545833 0.21730799999999995 0.590705 0.20320499999999997 0.641987 0.17307700000000004 0.689423 0.16025599999999995 0.741987 0.06410300000000002 0.743269 0.003846000000000016 0.749679 0.001923000000000008 0.463782
0 0.24615399999999998 0.107372 0.264744 0.170192 0.26217900000000005 0.234295 0.23974399999999996 0.302244 0.232692 0.338141 0.21858999999999995 0.226603 0.22371799999999997 0.159936 0.22628199999999998 0.102244
0 0.40705100000000005 0.003526 0.398077 0.075321 0.41153799999999996 0.133013 0.435897 0.147115 0.45384599999999997 0.20609 0.485256 0.331731 0.507692 0.467628 0.44551300000000005 0.499679 0.40384600000000004 0.394551 0.392949 0.358654 0.38269200000000003 0.331731 0.349359 0.35609 0.335256 0.386859 0.309615 0.349679 0.312179 0.283013 0.330769 0.225321 0.33846200000000004 0.103526 0.33910300000000004 0.007372
0 0.661538 0.070192 0.658974 0.108654 0.669872 0.15609 0.6596150000000001 0.208654 0.654487 0.235577 0.5660259999999999 0.265064 0.5108969999999999 0.275321 0.482051 0.199679 0.48717900000000003 0.139423 0.462179 0.098397 0.44999999999999996 0.054808 0.44423100000000004 0.00609 0.5698719999999999 0.007372 0.5948720000000001 0.053526 0.616026 0.079167 0.627564 0.079167 0.632692 0.072756 0.638462 0.045833 0.648718 0.007372 0.710897 0.022756 0.667308 0.054808
0 0.989103 0.2125 0.945513 0.202244 0.866026 0.177885 0.81859 0.20609 0.822436 0.291987 0.869872 0.359936 0.934615 0.439423 0.969231 0.472756 0.979487 0.488141 0.996795 0.483013 0.997436 0.227885
0 0.901282 0.575321 0.930128 0.583013 0.944231 0.6125 0.875 0.716346 0.867949 0.757372 0.851282 0.80609 0.833974 0.817628 0.828846 0.829167 0.8006409999999999 0.739423 0.782051 0.627885 0.796154 0.598397 0.8416669999999999 0.5625 0.879487 0.553526
0 0.833974 0.835577 0.838462 0.904808 0.857051 0.971474 0.860256 0.990705 0.7416670000000001 0.988141 0.776923 0.900962 0.8019229999999999 0.849679 0.815385 0.822756
0 0.6923079999999999 0.744551 0.705769 0.853526 0.6993590000000001 0.908654 0.6961539999999999 0.972756 0.7128209999999999 0.994551 0.496154 0.994551 0.47307699999999997 0.943269 0.42564100000000005 0.940705 0.40320500000000004 0.941987 0.439103 0.834295 0.459615 0.843269 0.539744 0.903526 0.5698719999999999 0.900962 0.617308 0.772756 0.636538 0.738141 0.664103 0.734295
0 0.998077 0.76891 0.978205 0.783013 0.96859 0.841987 0.964103 0.854808 0.951282 0.888141 0.952564 0.929167 0.966026 0.966346 0.979487 0.986859 0.994231 0.991987 1.0 0.838141
0 0.336538 0.524038 0.391667 0.527885 0.41025599999999995 0.733013 0.390385 0.7625 0.335256 0.709936 0.314103 0.700962 0.333974 0.786859 0.332051 0.875321 0.30576899999999996 0.890705 0.29359 0.940705 0.274359 0.9625 0.25705100000000003 0.965064 0.251282 0.879167 0.263462 0.797115 0.26282099999999997 0.721474 0.26025600000000004 0.657372 0.310256 0.575321 0.32435899999999995 0.526603
0 0.018589999999999995 0.811218 0.037820999999999994 0.857372 0.05384599999999995 0.839423 0.057691999999999966 0.839423 0.06923100000000004 0.909936 0.07051300000000005 0.929167 0.06410300000000002 0.939423 0.035255999999999954 0.975321 0.02435900000000002 0.961218 0.010256000000000043 0.938141 0.008974000000000038 0.889423 0.008333000000000035 0.85609