0 0.580769 0.577885 0.541026 0.554808 0.537821 0.508654 0.5685899999999999 0.461218 0.5891029999999999 0.459936 0.620513 0.508654 0.635256 0.539423 0.651282 0.577885 0.6980770000000001 0.577885 0.702564 0.621474 0.6948719999999999 0.694551 0.683333 0.747115 0.651282 0.7625 0.6166670000000001 0.726603 0.6128210000000001 0.66891 0.605128 0.615064 0.5916669999999999 0.566346
0 0.458974 0.541987 0.494231 0.570192 0.496154 0.594551 0.475 0.640705 0.46538500000000005 0.653526 0.44871799999999995 0.649679 0.41217899999999996 0.621474 0.41217899999999996 0.597115 0.42115400000000003 0.554808 0.455769 0.527885
0 0.99359 0.600962 0.969872 0.584295 0.942949 0.60609 0.908974 0.636859 0.872436 0.665064 0.830769 0.802244 0.839744 0.854808 0.848077 0.86891 0.872436 0.854808 0.913462 0.824038 0.951923 0.831731 0.971154 0.815064 0.971154 0.766346 0.967949 0.731731 0.979487 0.708654 0.995513 0.703526 0.999359 0.616346
0 0.819231 0.81891 0.832051 0.830449 0.830128 0.875321 0.832051 0.889423 0.837179 0.90609 0.850641 0.929167 0.8423080000000001 0.966346 0.8435900000000001 0.990705 0.758974 0.990705 0.748718 0.954808 0.73141 0.966346 0.7128209999999999 0.991987 0.6153850000000001 0.990705 0.604487 0.924038 0.583333 0.908654 0.5564100000000001 0.897115 0.542308 0.876603 0.536538 0.831731 0.5564100000000001 0.808654 0.610256 0.833013 0.6333329999999999 0.794551 0.6621790000000001 0.766346 0.679487 0.771474 0.692949 0.809936 0.70641 0.827885 0.7185900000000001 0.829167 0.763462 0.853526 0.777564 0.835577 0.804487 0.804808
0 0.440385 0.071474 0.5121789999999999 0.152244 0.546154 0.143269 0.5506409999999999 0.191987 0.524359 0.229167 0.50641 0.258654 0.495513 0.291987 0.486538 0.295833 0.45064099999999996 0.288141 0.38589700000000005 0.243269 0.34423099999999995 0.215064 0.32692299999999996 0.148397 0.332692 0.095833 0.379487 0.074038 0.40833299999999995 0.072756 0.42179500000000003 0.05609
0 0.275641 0.016346 0.275641 0.057372 0.273718 0.135577 0.263462 0.179167 0.25 0.217628 0.21794899999999995 0.189423 0.19743599999999994 0.172756 0.18012799999999995 0.138141 0.18461499999999997 0.052244 0.18910300000000002 0.026603 0.19359000000000004 0.007372 0.26089700000000005 0.008654
0 0.289103 0.211218 0.271154 0.294551 0.271154 0.359936 0.26859 0.415064 0.274359 0.46891 0.25769200000000003 0.541987 0.248718 0.589423 0.232051 0.600962 0.19871799999999995 0.598397 0.18012799999999995 0.541987 0.20640999999999998 0.431731 0.18910300000000002 0.36891 0.17692300000000005 0.391987 0.14935900000000002 0.430449 0.11923099999999998 0.439423 0.124359 0.376603 0.13333300000000003 0.338141 0.146795 0.302244 0.164744 0.241987 0.19679500000000005 0.252244 0.269231 0.286859 0.27820500000000004 0.241987
0 0.164103 0.030449 0.16794900000000001 0.143269 0.13910299999999998 0.253526 0.128205 0.329167 0.105128 0.357372 0.087179 0.357372 0.06794900000000004 0.286859 0.09423099999999995 0.188141 0.12115399999999998 0.108654 0.126923 0.071474 0.11282099999999995 0.021474 0.12083299999999997 0.0 0.142949 0.008654 0.15769200000000005 0.011218
0 0.02435900000000002 0.383013 0.05320499999999995 0.417628 0.05705099999999996 0.452244 0.06346200000000002 0.535577 0.06410300000000002 0.583013 0.03397399999999995 0.671474 0.026282000000000028 0.709936 0.001923000000000008 0.716346 0.003846000000000016 0.393269
0 0.23525600000000002 0.750962 0.295513 0.815064 0.335897 0.843269 0.38269200000000003 0.850962 0.42371800000000004 0.839423 0.378205 0.940705 0.36538499999999996 0.949679 0.32371799999999995 0.924038 0.310256 0.934295 0.32371799999999995 0.963782 0.32371799999999995 0.980449 0.32243599999999994 0.993269 0.247436 0.993269 0.208333 0.972756 0.208333 0.90609 0.21282100000000004 0.876603 0.19999999999999996 0.866346 0.18589699999999998 0.884295 0.16153799999999996 0.8625 0.146795 0.822756 0.15192300000000003 0.795833 0.18269199999999997 0.780449 0.208974 0.7625 0.21602600000000005 0.758654
0 0.857051 0.00609 0.861538 0.095833 0.839744 0.135577 0.874359 0.167628 0.878846 0.186859 0.873077 0.245833 0.871154 0.281731 0.832692 0.283013 0.817949 0.281731 0.808974 0.240705 0.7846150000000001 0.230449 0.770513 0.235577 0.7391030000000001 0.279167 0.708333 0.274038 0.6166670000000001 0.172756 0.623077 0.080449 0.625641 0.040705 0.641667 0.009936 0.842949 0.009936