0 0.18653799999999998 0.363782 0.19807699999999995 0.379167 0.21602600000000005 0.383013 0.228846 0.359936 0.249359 0.413782 0.24230799999999997 0.480449 0.23974399999999996 0.497115 0.208974 0.51891 0.20064099999999996 0.538141 0.14807700000000001 0.548397 0.13076900000000002 0.585577 0.10705100000000001 0.586859 0.085897 0.553526 0.08012799999999998 0.513782 0.09935899999999998 0.413782 0.10128199999999998 0.390705 0.11025600000000002 0.422756 0.13141000000000003 0.425321 0.17628200000000005 0.420192 0.16987200000000002 0.389423 0.165385 0.380449 0.17051300000000003 0.363782
0 0.015384999999999982 0.50609 0.016666999999999987 0.577885 0.02692300000000003 0.600962 0.03589699999999996 0.534295 0.04102600000000001 0.493269 0.05064100000000005 0.548397 0.06282100000000002 0.639423 0.06602600000000003 0.6625 0.08846200000000004 0.65609 0.10705100000000001 0.659936 0.14038499999999998 0.679167 0.144872 0.757372 0.142949 0.81891 0.141667 0.891987 0.13589700000000005 0.915064 0.085897 0.893269 0.04679500000000003 0.909936 0.026282000000000028 0.943269 0.0032050000000000134 0.988141 0.003846000000000016 0.504808
0 0.416026 0.291987 0.39359 0.326603 0.373718 0.3625 0.36538499999999996 0.403526 0.32884599999999997 0.408654 0.30256400000000006 0.394551 0.29679500000000003 0.345833 0.30128200000000005 0.267628 0.32051300000000005 0.222756 0.34743599999999997 0.245833 0.38333300000000003 0.248397 0.4 0.222756 0.41859 0.275321
0 0.49294899999999997 0.286859 0.532051 0.299679 0.5480769999999999 0.3125 0.557051 0.336859 0.558333 0.3625 0.5467949999999999 0.379167 0.512821 0.398397 0.497436 0.411218 0.482051 0.385577 0.462179 0.36891 0.46410300000000004 0.322756 0.47115399999999996 0.289423
0 0.38141 0.415064 0.397436 0.429167 0.40897399999999995 0.430449 0.40576900000000005 0.465064 0.43269199999999997 0.466346 0.44102600000000003 0.472756 0.462179 0.553526 0.45192299999999996 0.6125 0.42564100000000005 0.565064 0.38269200000000003 0.508654 0.357692 0.459936 0.355769 0.433013 0.372436 0.415064
0 0.669231 0.021474 0.6538459999999999 0.079167 0.610897 0.198397 0.5782050000000001 0.267628 0.554487 0.299679 0.5346150000000001 0.261218 0.5333330000000001 0.209936 0.528205 0.186859 0.5506409999999999 0.145833 0.5538460000000001 0.131731 0.562821 0.084295 0.575 0.058654 0.58141 0.034295 0.5961540000000001 0.009936
0 0.12115399999999998 0.007372 0.11602599999999996 0.06891 0.087179 0.088141 0.06282100000000002 0.015064 0.05833299999999997 0.004808
0 0.822436 0.013782 0.817949 0.054808 0.83141 0.120192 0.8038460000000001 0.204808 0.787821 0.261218 0.75641 0.31891 0.733333 0.348397 0.7198720000000001 0.358654 0.70641 0.315064 0.690385 0.231731 0.695513 0.190705 0.726282 0.200962 0.735897 0.189423 0.730128 0.139423 0.721795 0.084295 0.7198720000000001 0.066346 0.707051 0.038141 0.705128 0.00609 0.814103 0.004808
0 0.9 0.066346 0.9096150000000001 0.11891 0.93141 0.15609 0.9480770000000001 0.195833 0.942949 0.31891 0.940385 0.357372 0.911538 0.470192 0.901923 0.494551 0.878846 0.50609 0.8641030000000001 0.509936 0.85641 0.466346 0.859615 0.433013 0.875 0.383013 0.872436 0.359936 0.859615 0.311218 0.883333 0.304808 0.889744 0.300962 0.899359 0.249679 0.902564 0.222756 0.888462 0.190705 0.883974 0.153526 0.876923 0.120192 0.873077 0.081731
0 0.812179 0.459936 0.827564 0.483013 0.822436 0.538141 0.8198719999999999 0.574038 0.812179 0.599679 0.7993589999999999 0.600962 0.778205 0.557372 0.783974 0.531731 0.79359 0.477885
0 0.720513 0.472756 0.732692 0.516346 0.7166669999999999 0.572756 0.713462 0.611218 0.711538 0.684295 0.733333 0.677885 0.738462 0.720192 0.726923 0.754808 0.7166669999999999 0.781731 0.6935899999999999 0.753526 0.689744 0.735577 0.664103 0.733013 0.641667 0.711218 0.630769 0.693269 0.627564 0.649679 0.619872 0.595833 0.6179490000000001 0.55609 0.621795 0.525321 0.648077 0.476603 0.684615 0.467628 0.707051 0.471474
0 0.582692 0.743269 0.610897 0.750962 0.623718 0.748397 0.624359 0.817628 0.623077 0.847115 0.621795 0.865064 0.605769 0.867628 0.572436 0.835577 0.560897 0.783013 0.562821 0.750962
0 0.994872 0.847115 0.991026 0.833013 0.992308 0.798397 0.941667 0.788141 0.942949 0.817628 0.925641 0.804808 0.91859 0.771474 0.914103 0.722756 0.903205 0.674038 0.888462 0.645833 0.846795 0.721474 0.836538 0.734295 0.812179 0.757372 0.829487 0.790705 0.863462 0.861218 0.93141 0.917628 0.944872 0.938141 0.965385 0.958654 0.997436 0.977885
0 0.5743590000000001 0.6125 0.582051 0.654808 0.577564 0.665064 0.562179 0.675321 0.552564 0.636859 0.5551280000000001 0.61891 0.566667 0.607372