0 0.897436 0.1125 0.917308 0.130449 0.928205 0.133013 0.935897 0.117628 0.955128 0.15609 0.954487 0.189423 0.963462 0.222756 0.941667 0.300962 0.93141 0.322756 0.917949 0.322756 0.896154 0.309936 0.875641 0.280449 0.865385 0.258654 0.859615 0.209936 0.8628210000000001 0.159936 0.849359 0.124038 0.857692 0.089423 0.885897 0.109936
0 0.763462 0.293269 0.773718 0.341987 0.789744 0.344551 0.808974 0.381731 0.8 0.422756 0.8 0.434295 0.810256 0.465064 0.810256 0.491987 0.776282 0.449679 0.767949 0.425321 0.753846 0.391987 0.739744 0.367628 0.734615 0.331731 0.744231 0.297115 0.728205 0.293269 0.734615 0.279167
0 0.917308 0.675321 0.913462 0.726603 0.920513 0.753526 0.932051 0.761218 0.925641 0.81891 0.920513 0.85609 0.895513 0.891987 0.871154 0.940705 0.860256 0.965064 0.83141 0.939423 0.832692 0.898397 0.85 0.839423 0.8448720000000001 0.811218 0.815385 0.833013 0.810256 0.766346 0.829487 0.688141 0.857051 0.665064 0.886538 0.653526 0.869872 0.740705 0.892949 0.717628 0.9083330000000001 0.667628
0 0.996795 0.465064 0.978846 0.465064 0.941667 0.493269 0.958974 0.543269 0.977564 0.570192 0.994231 0.558654
0 0.537821 0.2625 0.498718 0.286859 0.477564 0.286859 0.46987199999999996 0.331731 0.496795 0.338141 0.532051 0.340705 0.569231 0.366346 0.561538 0.459936 0.5564100000000001 0.499679 0.539744 0.508654 0.497436 0.490705 0.478205 0.445833 0.44423100000000004 0.45609 0.40641000000000005 0.440705 0.38782099999999997 0.454808 0.372436 0.45609 0.32051300000000005 0.504808 0.289744 0.477885 0.24615399999999998 0.45609 0.22564099999999998 0.409936 0.26025600000000004 0.358654 0.25961500000000004 0.31891 0.24102599999999996 0.271474 0.20256399999999997 0.303526 0.21923099999999995 0.222756 0.22692299999999999 0.135577 0.232051 0.1125 0.25833300000000003 0.183013 0.266667 0.171474 0.294872 0.063782 0.30448699999999995 0.054808 0.32115400000000005 0.125321 0.355128 0.072756 0.376923 0.081731 0.376923 0.143269 0.416667 0.145833 0.440385 0.152244 0.48717900000000003 0.157372 0.530769 0.139423 0.5576920000000001 0.154808 0.5519229999999999 0.2125
0 0.16987200000000002 0.211218 0.18076899999999996 0.274038 0.164744 0.338141 0.11794899999999997 0.372756 0.09871799999999997 0.365064 0.04230800000000001 0.389423 0.030769000000000046 0.398397 0.0032050000000000134 0.425321 0.005128000000000021 0.126603 0.035255999999999954 0.148397 0.05833299999999997 0.16891 0.09871799999999997 0.229167 0.125641 0.213782 0.13717900000000005 0.202244 0.15961499999999995 0.202244
0 0.13589700000000005 0.51891 0.15705100000000005 0.579167 0.164744 0.643269 0.15705100000000005 0.685577 0.18076899999999996 0.703526 0.21794899999999995 0.717628 0.19679500000000005 0.777885 0.18012799999999995 0.800962 0.162821 0.824038 0.15000000000000002 0.848397 0.13012800000000002 0.76891 0.12115399999999998 0.707372 0.10320499999999999 0.690705 0.085897 0.643269 0.07051300000000005 0.640705 0.05320499999999995 0.654808 0.03717899999999996 0.684295 0.015384999999999982 0.635577 0.032692000000000054 0.602244 0.05640999999999996 0.561218 0.08974400000000005 0.507372 0.11602599999999996 0.511218
0 0.32179500000000005 0.634295 0.34551299999999996 0.666346 0.353205 0.699679 0.32243599999999994 0.715064 0.33974400000000005 0.803526 0.33846200000000004 0.833013 0.36474399999999996 0.877885 0.378205 0.877885 0.42179500000000003 0.847115 0.42884599999999995 0.817628 0.42948699999999995 0.734295 0.460897 0.741987 0.454487 0.820192 0.44359000000000004 0.813782 0.46282100000000004 0.888141 0.46923099999999995 0.899679 0.44871799999999995 0.976603 0.42307700000000004 0.963782 0.40769200000000005 0.944551 0.391667 0.96891 0.352564 0.977885 0.333333 0.9625 0.330769 0.984295 0.32435899999999995 0.990705 0.266667 0.991987 0.26859 0.9125 0.264103 0.875321 0.266667 0.800962 0.25769200000000003 0.729167 0.266667 0.707372 0.28461499999999995 0.684295 0.28525599999999995 0.643269 0.29679500000000003 0.627885 0.309615 0.633013
0 0.227564 0.80609 0.22179499999999996 0.898397 0.23589700000000002 0.938141 0.23782099999999995 0.952244 0.22083299999999995 0.995833 0.19487200000000005 0.938141 0.18782100000000002 0.902244 0.18974400000000002 0.852244 0.19294900000000004 0.822756 0.209615 0.802244
0 0.683333 0.683013 0.7173080000000001 0.683013 0.7403850000000001 0.713782 0.749359 0.761218 0.739744 0.795833 0.735897 0.821474 0.729487 0.858654 0.701282 0.841987 0.6788460000000001 0.802244 0.651282 0.780449 0.6576919999999999 0.752244 0.666026 0.721474 0.66859 0.693269
0 0.6 0.911218 0.626923 0.936859 0.629487 0.957372 0.628205 0.976603 0.628205 0.990705 0.546154 0.991987 0.544231 0.965064 0.530769 0.944551 0.541667 0.925321 0.548718 0.902244 0.570513 0.9125 0.58141 0.90609