0 0.252564 0.009936 0.23525600000000002 0.044551 0.24551299999999998 0.080449 0.264744 0.102244 0.332692 0.10609 0.36602599999999996 0.072756 0.38461500000000004 0.102244 0.40705100000000005 0.066346 0.420513 0.088141 0.416026 0.148397 0.40769200000000005 0.231731 0.36602599999999996 0.202244 0.33782100000000004 0.222756 0.34679499999999996 0.302244 0.34487199999999996 0.348397 0.34551299999999996 0.397115 0.373718 0.41891 0.413462 0.445833 0.48717900000000003 0.365064 0.479487 0.276603 0.457051 0.271474 0.457051 0.216346 0.45192299999999996 0.150962 0.45384599999999997 0.111218 0.46794899999999995 0.061218 0.475641 0.003526
0 0.5070509999999999 0.050962 0.514103 0.148397 0.497436 0.197115 0.48846199999999995 0.241987 0.482692 0.263782 0.46923099999999995 0.265064 0.460897 0.203526 0.459615 0.153526 0.476282 0.131731 0.476923 0.111218 0.476923 0.074038 0.48782099999999995 0.063782
0 0.552564 0.349679 0.582692 0.376603 0.587179 0.4125 0.603205 0.436859 0.613462 0.461218 0.5891029999999999 0.563782 0.577564 0.565064 0.55 0.576603 0.536538 0.566346 0.522436 0.500962 0.542308 0.486859 0.564103 0.488141 0.5673079999999999 0.416346 0.541667 0.436859 0.517949 0.447115 0.501923 0.416346 0.500641 0.377885 0.514744 0.357372 0.532051 0.349679
0 0.25897400000000004 0.384295 0.30128200000000005 0.444551 0.32692299999999996 0.50609 0.34358999999999995 0.575321 0.32435899999999995 0.65609 0.30769199999999997 0.693269 0.29615400000000003 0.722756 0.270513 0.827885 0.270513 0.867628 0.25705100000000003 0.929167 0.212179 0.916346 0.19359000000000004 0.863782 0.16794900000000001 0.80609 0.17435900000000004 0.736859 0.21602600000000005 0.738141 0.233333 0.726603 0.24615399999999998 0.691987 0.251282 0.66891 0.22435899999999998 0.575321 0.19294900000000004 0.504808 0.18461499999999997 0.472756 0.19102600000000003 0.409936 0.21923099999999995 0.388141 0.246795 0.375321
0 0.13782099999999997 0.097115 0.13269200000000003 0.171474 0.126282 0.247115 0.10192299999999999 0.272756 0.08333299999999999 0.293269 0.05448699999999995 0.286859 0.030128000000000044 0.265064 0.04487200000000002 0.193269 0.07692299999999996 0.180449 0.09487199999999996 0.117628 0.105769 0.070192 0.11346199999999995 0.050962 0.12307699999999999 0.095833
0 0.744872 0.039423 0.75641 0.125321 0.753205 0.213782 0.745513 0.263782 0.745513 0.316346 0.741026 0.347115 0.701282 0.374038 0.687179 0.376603 0.6583330000000001 0.357372 0.632692 0.280449 0.625641 0.224038 0.607051 0.122756 0.616026 0.044551 0.559615 0.008654 0.6993590000000001 0.007372 0.6935899999999999 0.039423 0.690385 0.075321 0.696795 0.095833 0.6961539999999999 0.143269 0.708333 0.153526 0.723077 0.153526 0.73141 0.144551 0.732692 0.077885 0.721795 0.029167 0.725 0.011218 0.741026 0.008654 0.745513 0.015064
0 0.880769 0.0125 0.869872 0.103526 0.864744 0.138141 0.883974 0.135577 0.908974 0.116346 0.936538 0.165064 0.9480770000000001 0.198397 0.914103 0.286859 0.897436 0.353526 0.871154 0.36891 0.828205 0.359936 0.794872 0.3125 0.778205 0.270192 0.763462 0.227885 0.750641 0.172756 0.764744 0.116346 0.776923 0.093269 0.7826919999999999 0.063782 0.795513 0.008654
0 0.9288460000000001 0.484295 0.933333 0.602244 0.937821 0.699679 0.941667 0.75609 0.930769 0.80609 0.915385 0.829167 0.892308 0.835577 0.867308 0.843269 0.859615 0.899679 0.847436 0.921474 0.816026 0.935577 0.7801279999999999 0.839423 0.789103 0.747115 0.814103 0.813782 0.837821 0.836859 0.872436 0.799679 0.879487 0.739423 0.878846 0.697115 0.85 0.697115 0.829487 0.645833 0.816667 0.586859 0.832692 0.550962 0.832692 0.508654 0.853846 0.480449 0.882051 0.493269 0.914103 0.465064
0 0.769872 0.472756 0.804487 0.502244 0.810256 0.548397 0.764744 0.588141 0.7211540000000001 0.617628 0.6743589999999999 0.635577 0.6371789999999999 0.653526 0.632692 0.625321 0.641026 0.581731 0.6596150000000001 0.544551 0.653205 0.485577 0.6743589999999999 0.477885 0.689744 0.521474 0.7153849999999999 0.497115 0.710256 0.439423 0.7416670000000001 0.445833
0 0.623077 0.689423 0.6320509999999999 0.759936 0.630128 0.808654 0.601282 0.8125 0.588462 0.754808 0.5935900000000001 0.704808 0.628205 0.697115
0 0.485897 0.621474 0.526923 0.680449 0.530769 0.752244 0.529487 0.785577 0.520513 0.824038 0.477564 0.833013 0.416667 0.766346 0.38717900000000005 0.721474 0.41859 0.681731 0.44679500000000005 0.643269 0.46410300000000004 0.6125
0 0.605769 0.952244 0.617308 0.981731 0.623718 0.994551 0.5493589999999999 0.989423 0.5685899999999999 0.965064 0.5923080000000001 0.947115
0 0.32692299999999996 0.754808 0.35641 0.834295 0.360256 0.880449 0.333333 0.894551 0.30576899999999996 0.886859 0.28653799999999996 0.824038 0.29359 0.779167 0.30705099999999996 0.753526
0 0.03397399999999995 0.588141 0.062178999999999984 0.620192 0.09743599999999997 0.611218 0.103846 0.644551 0.085256 0.697115 0.057691999999999966 0.709936 0.04871800000000004 0.731731 0.02884600000000004 0.672756 0.02692300000000003 0.622756
0 0.062178999999999984 0.836859 0.07435899999999995 0.902244 0.07692299999999996 0.91891 0.059614999999999974 0.91891 0.05192300000000005 0.895833 0.05192300000000005 0.850962