0 0.517949 0.104808 0.526282 0.167628 0.5493589999999999 0.193269 0.573718 0.225321 0.580769 0.274038 0.5698719999999999 0.333013 0.538462 0.354808 0.505769 0.390705 0.478205 0.421474 0.45256399999999997 0.413782 0.42692300000000005 0.359936 0.353205 0.244551 0.29679500000000003 0.230449 0.266026 0.175321 0.267949 0.111218 0.30705099999999996 0.147115 0.329487 0.111218 0.34551299999999996 0.029167 0.38525600000000004 0.0125 0.417949 0.015064 0.40833299999999995 0.06891 0.417308 0.1125 0.43012799999999995 0.127885 0.458333 0.135577 0.48974399999999996 0.111218 0.510256 0.099679
0 0.18397399999999997 0.01891 0.20256399999999997 0.0625 0.23461500000000002 0.065064 0.19871799999999995 0.120192 0.19230800000000003 0.158654 0.16217899999999996 0.197115 0.13461500000000004 0.231731 0.11987199999999998 0.252244 0.104487 0.243269 0.07756399999999997 0.197115 0.07884599999999997 0.152244 0.10256399999999999 0.089423 0.11346199999999995 0.043269 0.13076900000000002 0.007372 0.17307700000000004 0.015064
0 0.103846 0.011218 0.07884599999999997 0.06891 0.050000000000000044 0.090705 0.014102999999999977 0.100962 0.0070510000000000295 0.084295 0.0032050000000000134 0.075321 0.001923000000000008 0.007372 0.09166700000000005 0.007372
0 0.580128 0.008654 0.579487 0.043269 0.569231 0.075321 0.554487 0.086859 0.5333330000000001 0.079167 0.523077 0.048397 0.517308 0.026603 0.502564 0.00609 0.565385 0.00609
0 0.774359 0.048397 0.779487 0.100962 0.770513 0.157372 0.757692 0.203526 0.758974 0.21891 0.746795 0.243269 0.739744 0.244551 0.748077 0.266346 0.758333 0.26891 0.7608969999999999 0.285577 0.735897 0.322756 0.695513 0.336859 0.687179 0.288141 0.6801280000000001 0.25609 0.678205 0.227885 0.6993590000000001 0.208654 0.704487 0.197115 0.697436 0.179167 0.7006410000000001 0.158654 0.7128209999999999 0.150962 0.704487 0.127885 0.6935899999999999 0.10609 0.720513 0.076603 0.745513 0.048397 0.770513 0.038141
0 0.936538 0.00609 0.923718 0.030449 0.917308 0.05609 0.89359 0.061218 0.88141 0.043269 0.872436 0.007372
0 0.7846150000000001 0.449679 0.786538 0.497115 0.798077 0.527885 0.820513 0.534295 0.8211539999999999 0.571474 0.837179 0.599679 0.805769 0.65609 0.788462 0.672756 0.76859 0.667628 0.752564 0.629167 0.746795 0.616346 0.716026 0.631731 0.7128209999999999 0.603526 0.7173080000000001 0.579167 0.704487 0.544551 0.726923 0.497115 0.738462 0.471474 0.737179 0.458654 0.764103 0.4625 0.773077 0.445833 0.792308 0.448397
0 0.635256 0.417628 0.645513 0.430449 0.6564099999999999 0.425321 0.6576919999999999 0.467628 0.646795 0.476603 0.646154 0.498397 0.646154 0.515064 0.6333329999999999 0.539423 0.611538 0.538141 0.611538 0.502244 0.605769 0.481731 0.5961540000000001 0.4625 0.5974360000000001 0.440705 0.607692 0.424038 0.617308 0.398397 0.629487 0.403526
0 0.933974 0.194551 0.937179 0.249679 0.933333 0.286859 0.9288460000000001 0.309936 0.9288460000000001 0.325321 0.912179 0.344551 0.897436 0.324038 0.876282 0.31891 0.863462 0.30609 0.862179 0.286859 0.853205 0.267628 0.846795 0.258654 0.844231 0.213782 0.845513 0.20609 0.875 0.199679 0.9 0.209936 0.91859 0.213782 0.926282 0.197115
0 0.998077 0.227885 0.980769 0.229167 0.9673080000000001 0.211218 0.95641 0.222756 0.958333 0.261218 0.976282 0.309936 0.984615 0.325321 0.999359 0.336859
0 0.544231 0.594551 0.5493589999999999 0.617628 0.570513 0.602244 0.5743590000000001 0.643269 0.564103 0.659936 0.5564100000000001 0.694551 0.5551280000000001 0.71891 0.557051 0.730449 0.544231 0.733013 0.544231 0.779167 0.542949 0.794551 0.5275639999999999 0.840705 0.516667 0.857372 0.494231 0.840705 0.484615 0.822756 0.457692 0.807372 0.44743599999999994 0.807372 0.44487200000000005 0.824038 0.42692300000000005 0.747115 0.414744 0.671474 0.376282 0.631731 0.40897399999999995 0.575321 0.46410300000000004 0.588141 0.482692 0.584295 0.514744 0.602244 0.5314099999999999 0.597115
0 0.24487199999999998 0.557372 0.267949 0.617628 0.275 0.691987 0.288462 0.726603 0.32051300000000005 0.738141 0.34294899999999995 0.772756 0.34679499999999996 0.859936 0.34102600000000005 0.890705 0.30128200000000005 0.922756 0.28397399999999995 0.876603 0.267949 0.859936 0.22307699999999997 0.829167 0.20384599999999997 0.780449 0.19038500000000003 0.766346 0.16987200000000002 0.752244 0.15128200000000003 0.702244 0.13717900000000005 0.654808 0.15000000000000002 0.616346 0.16794900000000001 0.599679 0.20448699999999997 0.599679 0.20576899999999998 0.552244 0.21282100000000004 0.538141 0.23141 0.545833
0 0.09230799999999995 0.553526 0.09487199999999996 0.581731 0.09230799999999995 0.625321 0.086538 0.681731 0.07692299999999996 0.691987 0.052564000000000055 0.663782 0.03653799999999996 0.65609 0.025641000000000025 0.620192 0.04679500000000003 0.585577 0.05576899999999996 0.558654 0.07371799999999995 0.557372 0.085256 0.547115
0 0.24551299999999998 0.289423 0.269231 0.308654 0.28461499999999995 0.293269 0.28589699999999996 0.315064 0.269231 0.353526 0.266667 0.377885 0.266667 0.416346 0.25705100000000003 0.444551 0.248718 0.457372 0.23461500000000002 0.439423 0.21858999999999995 0.390705 0.210256 0.391987 0.20128199999999996 0.371474 0.19679500000000005 0.338141 0.17884599999999995 0.353526 0.17243600000000003 0.338141 0.19551300000000005 0.3125 0.21346200000000004 0.285577 0.23141 0.290705
0 0.891667 0.452244 0.899359 0.489423 0.897436 0.534295 0.888462 0.55609 0.878205 0.576603 0.869231 0.577885 0.848718 0.561218 0.848718 0.498397 0.852564 0.466346 0.875641 0.443269
0 0.735256 0.854808 0.725 0.871474 0.719231 0.86891 0.7173080000000001 0.830449 0.705128 0.816346 0.690385 0.840705 0.6826920000000001 0.776603 0.670513 0.785577 0.664744 0.839423 0.676282 0.859936 0.666667 0.881731 0.666026 0.888141 0.705128 0.90609 0.727564 0.944551 0.7403850000000001 0.941987 0.74359 0.908654
0 0.628846 0.727885 0.638462 0.816346 0.642949 0.843269 0.637821 0.874038 0.624359 0.838141 0.614744 0.809936 0.598718 0.794551 0.584615 0.748397 0.5782050000000001 0.70609 0.5935900000000001 0.675321 0.598718 0.70609 0.60641 0.734295 0.6141030000000001 0.733013