0 0.005128000000000021 0.109936 0.013461999999999974 0.129167 0.025000000000000022 0.153526 0.03205100000000005 0.174038 0.04166700000000001 0.179167 0.05640999999999996 0.135577 0.09423099999999995 0.167628 0.08910300000000004 0.189423 0.09358999999999995 0.234295 0.09358999999999995 0.257372 0.09358999999999995 0.276603 0.09294899999999995 0.317628 0.09294899999999995 0.35609 0.09294899999999995 0.372756 0.08269199999999999 0.388141 0.06666700000000003 0.407372 0.06346200000000002 0.429167 0.06346200000000002 0.452244 0.059614999999999974 0.465064 0.052564000000000055 0.488141 0.03205100000000005 0.497115 0.01474399999999998 0.477885 0.0032050000000000134 0.463782 0.0032050000000000134 0.125321
0 0.21858999999999995 0.009936 0.21346200000000004 0.030449 0.212179 0.067628 0.21538500000000005 0.090705 0.210897 0.113782 0.17820499999999995 0.133013 0.13846199999999997 0.134295 0.12051299999999998 0.139423 0.10897400000000002 0.093269 0.12115399999999998 0.053526 0.13846199999999997 0.029167 0.14359 0.0125 0.141667 0.003526
0 0.349359 0.120192 0.36474399999999996 0.149679 0.379487 0.185577 0.389103 0.21891 0.38782099999999997 0.257372 0.43333299999999997 0.277885 0.460897 0.293269 0.483974 0.358654 0.435256 0.343269 0.40192300000000003 0.353526 0.396795 0.416346 0.371795 0.395833 0.34487199999999996 0.402244 0.34679499999999996 0.459936 0.335256 0.497115 0.314103 0.520192 0.30192300000000005 0.525321 0.289103 0.443269 0.27948700000000004 0.385577 0.275 0.343269 0.29871800000000004 0.30609 0.30512799999999995 0.253526 0.312179 0.200962 0.32692299999999996 0.181731 0.32307699999999995 0.139423 0.32435899999999995 0.131731
0 0.19999999999999996 0.174038 0.228846 0.202244 0.24038499999999996 0.226603 0.24038499999999996 0.275321 0.247436 0.300962 0.22115399999999996 0.334295 0.208974 0.311218 0.18653799999999998 0.300962 0.15641000000000005 0.272756 0.17051300000000003 0.247115 0.18653799999999998 0.209936
0 0.482051 0.070192 0.514744 0.079167 0.5480769999999999 0.070192 0.555769 0.122756 0.553205 0.131731 0.544872 0.1625 0.542949 0.183013 0.5301279999999999 0.221474 0.521154 0.231731 0.49230799999999997 0.181731 0.478846 0.147115 0.475 0.143269 0.459615 0.1125 0.458974 0.093269
0 0.23846199999999995 0.385577 0.24551299999999998 0.433013 0.247436 0.465064 0.249359 0.486859 0.251282 0.515064 0.250641 0.521474 0.24294899999999997 0.547115 0.24230799999999997 0.56891 0.25897400000000004 0.579167 0.272436 0.595833 0.26859 0.625321 0.25641 0.648397 0.23653800000000003 0.653526 0.21602600000000005 0.667628 0.19743599999999994 0.677885 0.19102600000000003 0.643269 0.21730799999999995 0.581731 0.21858999999999995 0.538141 0.20320499999999997 0.508654 0.19102600000000003 0.481731 0.21346200000000004 0.400962
0 0.10961500000000002 0.472756 0.13141000000000003 0.502244 0.15192300000000003 0.527885 0.16923100000000002 0.550962 0.17628200000000005 0.584295 0.17564100000000005 0.627885 0.165385 0.649679 0.145513 0.667628 0.12884600000000002 0.658654 0.125 0.636859 0.11410299999999995 0.61891 0.09166700000000005 0.608654 0.07243599999999994 0.584295 0.06859000000000004 0.543269 0.084615 0.517628 0.09551299999999996 0.493269 0.10320499999999999 0.472756
0 0.20512799999999998 0.734295 0.21730799999999995 0.750962 0.230128 0.741987 0.23974399999999996 0.740705 0.270513 0.749679 0.288462 0.771474 0.30576899999999996 0.836859 0.310256 0.85609 0.30833299999999997 0.931731 0.30000000000000004 0.952244 0.29615400000000003 0.952244 0.26282099999999997 0.915064 0.23397400000000002 0.853526 0.18846200000000002 0.825321 0.15576900000000005 0.795833 0.164744 0.757372 0.17435900000000004 0.738141 0.18461499999999997 0.730449 0.19615400000000005 0.720192
0 0.380769 0.550962 0.40320500000000004 0.575321 0.413462 0.575321 0.41859 0.616346 0.40641000000000005 0.648397 0.391026 0.667628 0.377564 0.675321 0.369231 0.675321 0.359615 0.629167 0.36474399999999996 0.584295 0.371795 0.55609
0 0.016025999999999985 0.684295 0.023077000000000014 0.707372 0.03141000000000005 0.720192 0.03717899999999996 0.744551 0.04423100000000002 0.766346 0.03397399999999995 0.791987 0.028205000000000036 0.799679 0.017948999999999993 0.800962 0.010256000000000043 0.765064 0.0032050000000000134 0.763782 0.0025640000000000107 0.693269
0 0.995513 0.177885 0.984615 0.213782 0.975 0.222756 0.959615 0.217628 0.932051 0.299679 0.919231 0.315064 0.910256 0.353526 0.9096150000000001 0.384295 0.9096150000000001 0.421474 0.933974 0.447115 0.948718 0.466346 0.953846 0.475321 0.955769 0.495833 0.955769 0.524038 0.942949 0.561218 0.938462 0.570192 0.955769 0.574038 0.977564 0.581731 0.999359 0.6125
0 0.95 0.639423 0.960256 0.667628 0.960897 0.725321 0.964744 0.754808 0.973718 0.772756 0.980128 0.780449 0.992308 0.749679 0.998077 0.779167 0.997436 0.798397 0.997436 0.811218 0.997436 0.833013 0.970513 0.858654 0.928205 0.871474 0.916667 0.866346 0.892308 0.848397 0.879487 0.820192 0.891026 0.781731 0.91859 0.757372 0.933333 0.700962 0.933974 0.654808
0 0.865385 0.579167 0.886538 0.586859 0.9 0.629167 0.903846 0.663782 0.896795 0.699679 0.889744 0.720192 0.88141 0.799679 0.875 0.822756 0.869231 0.831731 0.855128 0.761218 0.841026 0.779167 0.845513 0.849679 0.841026 0.931731 0.832692 0.949679 0.790385 0.939423 0.773077 0.895833 0.769231 0.849679 0.7858970000000001 0.822756 0.8019229999999999 0.807372 0.805769 0.784295 0.8019229999999999 0.748397 0.783974 0.740705 0.76859 0.716346 0.75 0.689423 0.733333 0.707372 0.691667 0.667628 0.6935899999999999 0.650962 0.7378210000000001 0.624038 0.7608969999999999 0.597115 0.7858970000000001 0.597115 0.810256 0.576603 0.810256 0.525321 0.822436 0.525321 0.827564 0.566346 0.826282 0.597115 0.826282 0.638141 0.826282 0.649679 0.826282 0.663782 0.832692 0.66891 0.839744 0.657372 0.846795 0.629167 0.855128 0.591987
0 0.704487 0.786859 0.712179 0.807372 0.732051 0.840705 0.736538 0.845833 0.745513 0.854808 0.753205 0.876603 0.757051 0.9125 0.732051 0.961218 0.7006410000000001 0.953526 0.694231 0.976603 0.689103 0.994551 0.6801280000000001 0.997115 0.665385 0.972756 0.6608970000000001 0.9625 0.6525639999999999 0.909936 0.648718 0.876603 0.64359 0.847115 0.649359 0.822756 0.6576919999999999 0.809936 0.682051 0.807372 0.691667 0.80609 0.696795 0.793269
0 0.982051 0.994551 0.977564 0.972756 0.973718 0.95609 0.95641 0.959936 0.95 0.931731 0.937821 0.948397 0.930769 0.959936 0.922436 0.96891 0.915385 0.979167 0.916667 0.997115
0 0.542949 0.993269 0.514103 0.980449 0.48717900000000003 0.957372 0.46794899999999995 0.961218 0.44935899999999995 0.965064 0.43397399999999997 0.975321 0.43076899999999996 0.994551
0 0.08974400000000005 0.903526 0.10256399999999999 0.91891 0.10897400000000002 0.941987 0.12884600000000002 0.961218 0.11346199999999995 0.975321 0.11089700000000002 0.997115 0.09551299999999996 0.980449 0.07179500000000005 0.941987 0.07371799999999995 0.924038 0.07820499999999997 0.917628
0 0.032692000000000054 0.899679 0.060255999999999976 0.922756 0.05705099999999996 0.940705 0.05064100000000005 0.950962 0.04679500000000003 0.971474 0.04487200000000002 0.983013 0.04423100000000002 0.998397 0.001923000000000008 0.995833 0.013461999999999974 0.939423 0.02435900000000002 0.921474