0 0.085897 0.213782 0.10641 0.225321 0.13012800000000002 0.233013 0.13461500000000004 0.281731 0.14102599999999998 0.325321 0.10641 0.3625 0.09551299999999996 0.386859 0.08333299999999999 0.433013 0.07884599999999997 0.445833 0.04871800000000004 0.471474 0.05897399999999997 0.353526 0.04615400000000003 0.279167 0.040385000000000004 0.243269 0.045513000000000026 0.200962 0.05320499999999995 0.199679 0.07820499999999997 0.203526
0 0.40384600000000004 0.607372 0.41025599999999995 0.647115 0.435897 0.667628 0.45320499999999997 0.677885 0.45128199999999996 0.720192 0.45256399999999997 0.7625 0.44294900000000004 0.794551 0.414744 0.795833 0.39359 0.779167 0.38141 0.7625 0.38461500000000004 0.685577 0.38397400000000004 0.65609 0.377564 0.609936 0.40256400000000003 0.589423
0 0.38782099999999997 0.785577 0.38525600000000004 0.824038 0.389103 0.833013 0.398718 0.845833 0.40256400000000003 0.867628 0.375641 0.911218 0.375 0.933013 0.377564 0.953526 0.38205100000000003 0.980449 0.38205100000000003 0.993269 0.246795 0.989423 0.254487 0.931731 0.230128 0.915064 0.22371799999999997 0.886859 0.23589700000000002 0.830449 0.26153800000000005 0.799679 0.27948700000000004 0.81891 0.287821 0.785577 0.26859 0.717628 0.25705100000000003 0.65609 0.30000000000000004 0.649679 0.360256 0.683013 0.370513 0.713782
0 0.34807699999999997 0.247115 0.34166700000000005 0.371474 0.32692299999999996 0.416346 0.28269200000000005 0.311218 0.27756400000000003 0.231731 0.295513 0.21891 0.336538 0.243269
0 0.7211540000000001 0.047115 0.705769 0.117628 0.667949 0.213782 0.642308 0.238141 0.628205 0.199679 0.639744 0.072756 0.6346149999999999 0.017628 0.6826920000000001 0.027885 0.711538 0.029167
0 0.8448720000000001 0.050962 0.852564 0.075321 0.854487 0.163782 0.869231 0.241987 0.870513 0.265064 0.833974 0.344551 0.835256 0.374038 0.811538 0.358654 0.789744 0.324038 0.785256 0.253526 0.789103 0.202244 0.773077 0.158654 0.7846150000000001 0.095833 0.7993589999999999 0.075321 0.804487 0.034295 0.830128 0.040705
0 0.961538 0.343269 0.974359 0.41891 0.964103 0.488141 0.9480770000000001 0.534295 0.915385 0.563782 0.901923 0.567628 0.887821 0.583013 0.860897 0.536859 0.854487 0.499679 0.8628210000000001 0.439423 0.896154 0.449679 0.928205 0.416346 0.937821 0.389423 0.924359 0.363782 0.93141 0.349679 0.942308 0.348397
0 0.798718 0.413782 0.819231 0.438141 0.805769 0.476603 0.789103 0.486859 0.767949 0.50609 0.7429490000000001 0.511218 0.714744 0.493269 0.705128 0.470192 0.708333 0.427885 0.735256 0.394551 0.7826919999999999 0.40609
0 0.924359 0.829167 0.888462 0.929167 0.873718 0.985577 0.862179 0.997115 0.816026 0.989423 0.826282 0.934295 0.842949 0.885577 0.844231 0.835577 0.866667 0.811218 0.891026 0.81891
0 0.478205 0.884295 0.47051299999999996 0.961218 0.458333 0.989423 0.43333299999999997 0.985577 0.43205099999999996 0.933013 0.419231 0.908654 0.43012799999999995 0.880449 0.44294900000000004 0.877885 0.461538 0.900962 0.47115399999999996 0.888141
0 0.5673079999999999 0.783013 0.5948720000000001 0.811218 0.626282 0.813782 0.629487 0.883013 0.6320509999999999 0.90609 0.563462 0.8625 0.538462 0.829167 0.538462 0.786859 0.539103 0.763782
0 0.17628200000000005 0.725321 0.17307700000000004 0.757372 0.17948699999999995 0.815064 0.15064100000000002 0.821474 0.126923 0.776603 0.13141000000000003 0.725321 0.15064100000000002 0.736859 0.16089699999999996 0.727885
0 0.21602600000000005 0.926603 0.22692299999999999 0.935577 0.22692299999999999 0.9625 0.230128 0.979167 0.232051 0.994551 0.17371800000000004 0.990705 0.19423100000000004 0.935577