0 0.16794900000000001 0.025321 0.19487200000000005 0.109936 0.208974 0.147115 0.25641 0.186859 0.25833300000000003 0.241987 0.23910299999999995 0.283013 0.20448699999999997 0.357372 0.19935899999999995 0.403526 0.18140999999999996 0.458654 0.141667 0.531731 0.10064099999999998 0.557372 0.003846000000000016 0.60609 0.005128000000000021 0.007372 0.15961499999999995 0.004808
0 0.351923 0.26891 0.392308 0.31891 0.40448700000000004 0.365064 0.391026 0.422756 0.392949 0.444551 0.394872 0.4625 0.38269200000000003 0.479167 0.372436 0.426603 0.373718 0.403526 0.353846 0.390705 0.334615 0.375321 0.330128 0.331731 0.32756399999999997 0.290705 0.335256 0.270192
0 0.522436 0.294551 0.5108969999999999 0.370192 0.504487 0.395833 0.5275639999999999 0.400962 0.536538 0.425321 0.542308 0.459936 0.539103 0.499679 0.5346150000000001 0.538141 0.528205 0.572756 0.5083329999999999 0.531731 0.474359 0.522756 0.437179 0.466346 0.476282 0.403526 0.480769 0.347115 0.485256 0.275321 0.503846 0.252244 0.519872 0.277885
0 0.460897 0.540705 0.46987199999999996 0.585577 0.44935899999999995 0.659936 0.44423100000000004 0.715064 0.401282 0.736859 0.359615 0.70609 0.332051 0.689423 0.29743600000000003 0.727885 0.314103 0.815064 0.314744 0.911218 0.28397399999999995 0.8625 0.26025600000000004 0.827885 0.24294899999999997 0.804808 0.232051 0.759936 0.253846 0.650962 0.264103 0.584295 0.289103 0.507372 0.32243599999999994 0.5125 0.361538 0.525321 0.43333299999999997 0.534295
0 0.551282 0.616346 0.5878209999999999 0.631731 0.611538 0.689423 0.650641 0.7125 0.6814100000000001 0.81891 0.669872 0.926603 0.612179 0.889423 0.580769 0.85609 0.564103 0.830449 0.541026 0.803526 0.5275639999999999 0.784295 0.508974 0.672756 0.511538 0.635577
0 0.889103 0.009936 0.89359 0.044551 0.895513 0.10609 0.873077 0.16891 0.89359 0.207372 0.958333 0.244551 0.991667 0.271474 0.992308 0.163782 0.989744 0.129167 0.995513 0.117628 0.998077 0.008654
0 0.899359 0.427885 0.895513 0.4625 0.8871789999999999 0.495833 0.882051 0.517628 0.874359 0.520192 0.851282 0.499679 0.8423080000000001 0.420192 0.853846 0.424038 0.876282 0.435577 0.883333 0.430449 0.890385 0.413782
0 0.996795 0.598397 0.991026 0.629167 0.979487 0.658654 0.936538 0.66891 0.912179 0.703526 0.904487 0.743269 0.916026 0.795833 0.934615 0.783013 0.950641 0.774038 0.945513 0.822756 0.933333 0.850962 0.942949 0.903526 0.971795 0.893269 0.998718 0.883013
0 0.774359 0.591987 0.787821 0.597115 0.774359 0.6625 0.75641 0.648397 0.751282 0.604808
0 0.6583330000000001 0.930449 0.662821 0.971474 0.669872 0.990705 0.5891029999999999 0.997115 0.60641 0.95609 0.623718 0.920192 0.6333329999999999 0.913782
0 0.576282 0.96891 0.564103 0.936859 0.541667 0.929167 0.498718 0.941987 0.480128 0.934295 0.45128199999999996 0.929167 0.46602600000000005 0.974038 0.45192299999999996 0.993269 0.5551280000000001 0.994551 0.564744 0.971474
0 0.20192299999999996 0.748397 0.210897 0.844551 0.210256 0.86891 0.232692 0.889423 0.254487 0.95609 0.26089700000000005 0.993269 0.11794899999999997 0.993269 0.16025599999999995 0.954808 0.17115400000000003 0.926603 0.16923100000000002 0.888141 0.18012799999999995 0.833013 0.17628200000000005 0.804808 0.16923100000000002 0.759936 0.18205099999999996 0.745833
0 0.016025999999999985 0.807372 0.037820999999999994 0.825321 0.06474400000000002 0.880449 0.07179500000000005 0.886859 0.08012799999999998 0.943269 0.06987200000000005 0.967628 0.06282100000000002 0.984295 0.07115400000000005 0.999679 0.017948999999999993 0.991987 0.003846000000000016 0.939423 0.0025640000000000107 0.798397