0 0.104487 0.436859 0.123718 0.4625 0.13461500000000004 0.46891 0.147436 0.475321 0.163462 0.545833 0.16089699999999996 0.56891 0.13589700000000005 0.597115 0.11794899999999997 0.611218 0.08846200000000004 0.643269 0.05705099999999996 0.65609 0.045513000000000026 0.658654 0.016666999999999987 0.6625 0.011538000000000048 0.658654 0.0070510000000000295 0.599679 0.01474399999999998 0.525321 0.033332999999999946 0.51891 0.05897399999999997 0.522756 0.08076899999999998 0.515064 0.08974400000000005 0.481731 0.086538 0.450962 0.09807699999999997 0.421474
0 0.335256 0.35609 0.294872 0.41891 0.287821 0.436859 0.28717899999999996 0.450962 0.287821 0.476603 0.295513 0.498397 0.30256400000000006 0.507372 0.31859000000000004 0.525321 0.35 0.559936 0.36410299999999995 0.585577 0.369231 0.609936 0.371154 0.648397 0.371795 0.665064 0.32628199999999996 0.625321 0.289103 0.571474 0.266026 0.515064 0.264103 0.507372 0.22692299999999999 0.485577 0.22628199999999998 0.435577 0.22628199999999998 0.361218 0.228846 0.330449 0.23717900000000003 0.299679 0.273718 0.322756 0.30064100000000005 0.326603 0.32243599999999994 0.321474 0.34679499999999996 0.327885
0 0.5891029999999999 0.165064 0.571795 0.186859 0.5493589999999999 0.2125 0.514103 0.284295 0.5070509999999999 0.313782 0.485256 0.340705 0.46923099999999995 0.366346 0.44615400000000005 0.311218 0.461538 0.254808 0.47179499999999996 0.209936 0.483333 0.141987 0.496154 0.099679 0.542949 0.089423 0.5660259999999999 0.103526 0.5756410000000001 0.120192 0.578846 0.138141
0 0.6980770000000001 0.026603 0.730769 0.080449 0.736538 0.111218 0.7391030000000001 0.1625 0.744872 0.203526 0.708974 0.270192 0.6948719999999999 0.299679 0.685256 0.330449 0.66859 0.386859 0.624359 0.398397 0.629487 0.331731 0.647436 0.281731 0.642308 0.189423 0.636538 0.120192 0.623718 0.059936 0.6814100000000001 0.020192
0 0.817308 0.1625 0.832051 0.204808 0.857051 0.233013 0.867949 0.30609 0.847436 0.385577 0.845513 0.441987 0.827564 0.545833 0.810897 0.591987 0.7833330000000001 0.581731 0.777564 0.513782 0.80641 0.433013 0.81859 0.345833 0.8243590000000001 0.288141 0.810897 0.239423 0.8051280000000001 0.180449
0 0.637821 0.536859 0.6596150000000001 0.599679 0.6320509999999999 0.689423 0.622436 0.739423 0.6179490000000001 0.770192 0.642949 0.790705 0.655769 0.791987 0.637821 0.876603 0.624359 0.9125 0.6166670000000001 0.853526 0.604487 0.809936 0.58141 0.807372 0.557051 0.783013 0.530769 0.70609 0.5346150000000001 0.60609 0.565385 0.559936 0.608333 0.534295
0 0.996154 0.35609 0.970513 0.371474 0.944231 0.381731 0.9666669999999999 0.425321 0.9673080000000001 0.441987 0.957051 0.485577 0.939103 0.500962 0.938462 0.552244 0.957051 0.593269 0.933974 0.634295 0.944231 0.700962 0.967949 0.75609 0.995513 0.781731 1.0 0.653526 0.984615 0.647115 0.964744 0.611218 0.997436 0.584295
0 0.73141 0.554808 0.7378210000000001 0.629167 0.732051 0.663782 0.708974 0.666346 0.6923079999999999 0.590705 0.7198720000000001 0.5625
0 0.898718 0.886859 0.905769 0.895833 0.916026 0.944551 0.929487 0.950962 0.946154 0.977885 0.948718 0.995833 0.859615 0.993269 0.863462 0.939423 0.828846 0.929167 0.861538 0.899679 0.878846 0.888141
0 0.5346150000000001 0.826603 0.546154 0.838141 0.547436 0.920192 0.54359 0.938141 0.530769 0.944551 0.500641 0.916346 0.483333 0.900962 0.476923 0.8125 0.479487 0.793269 0.508974 0.81891
0 0.05320499999999995 0.757372 0.059614999999999974 0.897115 0.06923100000000004 0.933013 0.038461999999999996 0.970192 0.003846000000000016 0.959936 0.0032050000000000134 0.789423 0.025000000000000022 0.759936
0 0.42628200000000005 0.377885 0.47179499999999996 0.394551 0.474359 0.431731 0.45384599999999997 0.463782 0.42435900000000004 0.479167 0.414744 0.498397 0.40833299999999995 0.452244 0.38717900000000005 0.439423 0.38782099999999997 0.4125 0.395513 0.376603
0 0.832051 0.761218 0.837179 0.816346 0.838462 0.857372 0.825 0.889423 0.817949 0.870192 0.804487 0.813782 0.789103 0.824038 0.780769 0.861218 0.776923 0.883013 0.770513 0.899679 0.738462 0.876603 0.733974 0.839423 0.7429490000000001 0.821474 0.761538 0.80609 0.769231 0.759936 0.814103 0.729167 0.820513 0.741987