0 0.08782100000000004 0.077885 0.105128 0.117628 0.09807699999999997 0.1625 0.06538500000000003 0.166346 0.04230800000000001 0.194551 0.030769000000000046 0.199679 0.017948999999999993 0.197115 0.006410000000000027 0.189423 0.0025640000000000107 0.065064 0.04423100000000002 0.075321 0.07564099999999996 0.083013
0 0.15705100000000005 0.067628 0.19166700000000003 0.130449 0.19807699999999995 0.170192 0.21858999999999995 0.163782 0.22564099999999998 0.170192 0.22499999999999998 0.213782 0.18782100000000002 0.254808 0.164103 0.304808 0.13910299999999998 0.335577 0.13141000000000003 0.358654 0.10128199999999998 0.349679 0.08333299999999999 0.297115 0.09935899999999998 0.217628 0.12179499999999999 0.139423 0.126923 0.10609 0.12243599999999999 0.063782 0.14935900000000002 0.074038
0 0.473718 0.052244 0.43205099999999996 0.102244 0.419231 0.170192 0.416667 0.202244 0.395513 0.239423 0.42756400000000006 0.249679 0.46538500000000005 0.238141 0.496795 0.224038 0.516026 0.271474 0.560897 0.324038 0.544231 0.453526 0.537821 0.463782 0.515385 0.503526 0.47243599999999997 0.534295 0.44615400000000005 0.513782 0.415385 0.449679 0.373718 0.367628 0.34358999999999995 0.359936 0.32307699999999995 0.329167 0.30576899999999996 0.317628 0.27884600000000004 0.326603 0.28525599999999995 0.238141 0.313462 0.244551 0.33141 0.230449 0.34551299999999996 0.1625 0.36794899999999997 0.121474 0.375641 0.079167 0.39359 0.027885 0.435897 0.029167 0.461538 0.030449
0 0.608333 0.024038 0.605769 0.075321 0.5756410000000001 0.086859 0.585256 0.152244 0.566667 0.194551 0.526282 0.165064 0.508974 0.122756 0.507692 0.076603 0.517949 0.031731 0.519231 0.008654 0.601923 0.007372
0 0.775 0.161218 0.778205 0.227885 0.761538 0.290705 0.7621789999999999 0.333013 0.769872 0.338141 0.7378210000000001 0.353526 0.75641 0.381731 0.766026 0.381731 0.772436 0.394551 0.725 0.450962 0.694231 0.440705 0.678205 0.393269 0.676282 0.348397 0.689103 0.297115 0.684615 0.267628 0.712179 0.216346 0.732051 0.16891 0.758333 0.158654
0 0.955769 0.009936 0.925 0.113782 0.917308 0.172756 0.874359 0.172756 0.872436 0.103526 0.865385 0.027885 0.883974 0.009936 0.912821 0.002244 0.944872 0.003526
0 0.925641 0.299679 0.941667 0.365064 0.940385 0.398397 0.925641 0.420192 0.920513 0.439423 0.866667 0.436859 0.846795 0.395833 0.836538 0.357372 0.853846 0.322756 0.886538 0.330449 0.904487 0.31891
0 0.882692 0.554808 0.898077 0.586859 0.89359 0.629167 0.892308 0.671474 0.885256 0.702244 0.8448720000000001 0.66891 0.848077 0.581731 0.865385 0.557372
0 0.773718 0.590705 0.795513 0.645833 0.830128 0.641987 0.830128 0.684295 0.833974 0.724038 0.825 0.763782 0.80641 0.781731 0.7814099999999999 0.788141 0.775641 0.790705 0.751923 0.735577 0.744231 0.717628 0.720513 0.739423 0.716026 0.709936 0.7153849999999999 0.65609 0.7211540000000001 0.609936 0.739744 0.581731 0.765385 0.589423
0 0.63141 0.507372 0.648718 0.543269 0.665385 0.5125 0.663462 0.588141 0.654487 0.594551 0.6551279999999999 0.640705 0.63141 0.663782 0.619231 0.679167 0.601282 0.676603 0.598077 0.580449 0.599359 0.570192 0.6141030000000001 0.516346 0.617308 0.50609
0 0.542949 0.691987 0.553205 0.733013 0.5698719999999999 0.730449 0.5589740000000001 0.786859 0.5493589999999999 0.820192 0.544231 0.900962 0.5358970000000001 0.929167 0.520513 0.965064 0.499359 0.95609 0.46923099999999995 0.911218 0.435897 0.907372 0.43076899999999996 0.849679 0.40769200000000005 0.809936 0.39359 0.785577 0.38205100000000003 0.715064 0.44166700000000003 0.683013 0.484615 0.708654 0.501923 0.711218 0.517308 0.708654 0.5326919999999999 0.70609
0 0.23782099999999995 0.640705 0.25897400000000004 0.7125 0.25961500000000004 0.767628 0.289103 0.825321 0.337179 0.848397 0.34551299999999996 0.902244 0.351282 0.991987 0.26282099999999997 0.991987 0.22692299999999999 0.938141 0.20128199999999996 0.895833 0.18205099999999996 0.870192 0.14807700000000001 0.813782 0.12179499999999999 0.765064 0.14807700000000001 0.708654 0.16987200000000002 0.699679 0.20705099999999999 0.707372 0.212179 0.663782 0.21346200000000004 0.639423
0 0.269872 0.413782 0.291667 0.403526 0.289744 0.45609 0.26282099999999997 0.459936 0.270513 0.503526 0.269231 0.531731 0.249359 0.554808 0.22371799999999997 0.516346 0.20064099999999996 0.484295 0.18974400000000002 0.463782 0.17435900000000004 0.463782 0.17628200000000005 0.426603 0.19871799999999995 0.411218 0.24615399999999998 0.413782
0 0.09038500000000005 0.6625 0.09615399999999996 0.708654 0.09294899999999995 0.75609 0.084615 0.785577 0.05897399999999997 0.799679 0.03461499999999995 0.784295 0.02435900000000002 0.765064 0.039103 0.717628 0.06602600000000003 0.685577
0 0.637821 0.835577 0.637821 0.950962 0.628846 0.95609 0.605128 0.908654 0.598077 0.879167 0.616026 0.839423
0 0.02179500000000001 0.434295 0.05064100000000005 0.444551 0.05384599999999995 0.497115 0.04935900000000004 0.5125 0.02884600000000004 0.508654 0.010897000000000046 0.486859 0.001923000000000008 0.453526