0 0.17243600000000003 0.01891 0.209615 0.06891 0.23653800000000003 0.054808 0.24487199999999998 0.102244 0.208974 0.121474 0.20064099999999996 0.174038 0.165385 0.203526 0.15000000000000002 0.227885 0.13717900000000005 0.250962 0.07371799999999995 0.194551 0.09230799999999995 0.125321 0.11153800000000003 0.074038 0.125 0.035577 0.13205100000000003 0.013782 0.16089699999999996 0.008654
0 0.10641 0.00609 0.09615399999999996 0.063782 0.08076899999999998 0.077885 0.06346200000000002 0.095833 0.04359000000000002 0.111218 0.019872 0.108654 0.0032050000000000134 0.093269 0.0012820000000000054 0.004808
0 0.42243600000000003 0.013782 0.414103 0.076603 0.419231 0.135577 0.458333 0.141987 0.497436 0.108654 0.519231 0.121474 0.519231 0.190705 0.5467949999999999 0.222756 0.569231 0.25609 0.564744 0.345833 0.515385 0.407372 0.485256 0.433013 0.476282 0.439423 0.43397399999999997 0.426603 0.394872 0.340705 0.38269200000000003 0.313782 0.352564 0.279167 0.334615 0.253526 0.314103 0.241987 0.29615400000000003 0.215064 0.292308 0.140705 0.32628199999999996 0.145833 0.33974400000000005 0.107372 0.34615399999999996 0.0625 0.36602599999999996 0.002244
0 0.580769 0.004808 0.576282 0.061218 0.558333 0.086859 0.536538 0.077885 0.520513 0.029167 0.500641 0.022756 0.495513 0.00609
0 0.774359 0.05609 0.769231 0.120192 0.75641 0.197115 0.758974 0.235577 0.74359 0.243269 0.7416670000000001 0.277885 0.767949 0.261218 0.764744 0.30609 0.738462 0.335577 0.710897 0.344551 0.696795 0.344551 0.679487 0.295833 0.678205 0.244551 0.691667 0.221474 0.705128 0.189423 0.689744 0.179167 0.710256 0.153526 0.711538 0.143269 0.697436 0.131731 0.705128 0.093269 0.727564 0.066346 0.744231 0.05609 0.760256 0.05609
0 0.938462 0.004808 0.921154 0.053526 0.902564 0.066346 0.885256 0.043269 0.874359 0.044551 0.870513 0.003526
0 0.941026 0.217628 0.9288460000000001 0.189423 0.901282 0.21891 0.88141 0.207372 0.869872 0.16891 0.848718 0.221474 0.83141 0.245833 0.846154 0.270192 0.853205 0.277885 0.857692 0.311218 0.872436 0.336859 0.894231 0.335577 0.912179 0.339423 0.930769 0.30609 0.939744 0.277885
0 0.997436 0.222756 0.973077 0.208654 0.958974 0.209936 0.953205 0.245833 0.957692 0.289423 0.971154 0.311218 0.978846 0.333013 0.996154 0.335577
0 0.791667 0.459936 0.791026 0.497115 0.7826919999999999 0.526603 0.823718 0.530449 0.829487 0.563782 0.833333 0.585577 0.817949 0.65609 0.812179 0.683013 0.798718 0.697115 0.782051 0.702244 0.750641 0.650962 0.735256 0.635577 0.716026 0.636859 0.717949 0.589423 0.709615 0.577885 0.710256 0.549679 0.734615 0.491987 0.7416670000000001 0.465064 0.769231 0.470192
0 0.54359 0.60609 0.55 0.620192 0.571795 0.61891 0.5551280000000001 0.674038 0.55 0.698397 0.5493589999999999 0.734295 0.542949 0.780449 0.533974 0.836859 0.503205 0.859936 0.480128 0.840705 0.44871799999999995 0.822756 0.43397399999999997 0.852244 0.42115400000000003 0.826603 0.42179500000000003 0.7625 0.40961499999999995 0.703526 0.40512800000000004 0.690705 0.36474399999999996 0.65609 0.40512800000000004 0.599679 0.46858999999999995 0.599679 0.524359 0.600962
0 0.24230799999999997 0.541987 0.26859 0.609936 0.271154 0.654808 0.28333299999999995 0.670192 0.30256400000000006 0.715064 0.34807699999999997 0.754808 0.34423099999999995 0.81891 0.330769 0.867628 0.32179500000000005 0.934295 0.312179 0.938141 0.275641 0.904808 0.24038499999999996 0.845833 0.21474400000000005 0.815064 0.19423100000000004 0.775321 0.14935900000000002 0.707372 0.13525600000000004 0.657372 0.163462 0.60609 0.20192299999999996 0.60609 0.207692 0.566346 0.21538500000000005 0.541987 0.233333 0.541987
0 0.28525599999999995 0.30609 0.271795 0.357372 0.275641 0.421474 0.25961500000000004 0.444551 0.24487199999999998 0.449679 0.22371799999999997 0.390705 0.19999999999999996 0.384295 0.19679500000000005 0.366346 0.18397399999999997 0.352244 0.17371800000000004 0.339423 0.20576899999999998 0.294551 0.24294899999999997 0.294551 0.25897400000000004 0.298397
0 0.889103 0.444551 0.898718 0.46891 0.898077 0.521474 0.885256 0.559936 0.884615 0.583013 0.861538 0.581731 0.851282 0.553526 0.846154 0.508654 0.848718 0.488141 0.858333 0.472756 0.875641 0.450962
0 0.633974 0.403526 0.644872 0.440705 0.655769 0.434295 0.642308 0.476603 0.651923 0.51891 0.664103 0.56891 0.632692 0.543269 0.616026 0.550962 0.604487 0.513782 0.605128 0.465064 0.607692 0.417628 0.621795 0.40609
0 0.09230799999999995 0.558654 0.09935899999999998 0.598397 0.09679499999999996 0.629167 0.10192299999999999 0.670192 0.08782100000000004 0.691987 0.07564099999999996 0.691987 0.052564000000000055 0.671474 0.02884600000000004 0.653526 0.028205000000000036 0.625321 0.04615400000000003 0.603526 0.055127999999999955 0.565064 0.06602600000000003 0.55609 0.08205099999999999 0.535577
0 0.636538 0.71891 0.642949 0.780449 0.648077 0.829167 0.642308 0.8625 0.6333329999999999 0.871474 0.617308 0.854808 0.5961540000000001 0.816346 0.591026 0.7625 0.610256 0.741987 0.627564 0.721474