0 0.24423099999999998 0.10609 0.26859 0.148397 0.30064100000000005 0.167628 0.30192300000000005 0.209936 0.30128200000000005 0.252244 0.289744 0.279167 0.25961500000000004 0.320192 0.25705100000000003 0.330449 0.24038499999999996 0.331731 0.21538500000000005 0.299679 0.17884599999999995 0.272756 0.19166700000000003 0.236859 0.207692 0.2125 0.212179 0.185577 0.21858999999999995 0.152244 0.21730799999999995 0.122756 0.22435899999999998 0.104808
0 0.02179500000000001 0.134295 0.033332999999999946 0.167628 0.07371799999999995 0.199679 0.09679499999999996 0.208654 0.07756399999999997 0.244551 0.07371799999999995 0.279167 0.07115400000000005 0.304808 0.11346199999999995 0.3125 0.06859000000000004 0.391987 0.06410300000000002 0.397115 0.04102600000000001 0.381731 0.023718000000000017 0.330449 0.003846000000000016 0.279167 0.0032050000000000134 0.121474 0.012820999999999971 0.133013
0 0.11282099999999995 0.009936 0.105769 0.072756 0.07564099999999996 0.075321 0.05833299999999997 0.040705 0.04487200000000002 0.008654 0.103846 0.011218
0 0.27948700000000004 0.520192 0.28717899999999996 0.571474 0.313462 0.598397 0.309615 0.61891 0.28461499999999995 0.634295 0.27756400000000003 0.661218 0.265385 0.670192 0.253205 0.66891 0.23974399999999996 0.649679 0.21923099999999995 0.600962 0.20705099999999999 0.563782 0.208333 0.539423 0.229487 0.548397 0.24166699999999997 0.536859 0.255128 0.529167 0.267949 0.531731 0.27884600000000004 0.50609
0 0.5782050000000001 0.565064 0.583974 0.600962 0.570513 0.639423 0.5756410000000001 0.675321 0.5878209999999999 0.695833 0.591026 0.722756 0.557051 0.772756 0.541667 0.802244 0.514103 0.794551 0.48717900000000003 0.749679 0.46602600000000005 0.717628 0.454487 0.697115 0.435897 0.658654 0.42948699999999995 0.600962 0.44551300000000005 0.580449 0.495513 0.583013 0.525641 0.571474 0.5564100000000001 0.559936
0 0.748077 0.329167 0.755769 0.379167 0.732692 0.398397 0.728205 0.443269 0.746154 0.472756 0.776282 0.490705 0.778846 0.502244 0.771795 0.539423 0.749359 0.577885 0.689103 0.594551 0.677564 0.552244 0.6769229999999999 0.499679 0.660256 0.476603 0.6538459999999999 0.408654 0.646154 0.359936 0.647436 0.335577 0.670513 0.333013 0.708333 0.302244 0.735897 0.315064
0 0.607051 0.304808 0.610897 0.329167 0.624359 0.3625 0.624359 0.394551 0.603846 0.407372 0.5916669999999999 0.413782 0.552564 0.411218 0.525 0.375321 0.523077 0.344551 0.529487 0.320192 0.562179 0.31891 0.580769 0.316346 0.598077 0.300962
0 0.998077 0.36891 0.986538 0.376603 0.958974 0.407372 0.944872 0.408654 0.933974 0.420192 0.936538 0.445833 0.939103 0.467628 0.913462 0.502244 0.907051 0.51891 0.903205 0.534295 0.891667 0.480449 0.8435900000000001 0.499679 0.832692 0.517628 0.8243590000000001 0.571474 0.8448720000000001 0.602244 0.870513 0.611218 0.923718 0.641987 0.945513 0.643269 0.9666669999999999 0.630449 0.998077 0.572756
0 0.750641 0.677885 0.75 0.739423 0.7378210000000001 0.76891 0.7185900000000001 0.777885 0.704487 0.743269 0.695513 0.721474 0.7 0.677885 0.728205 0.658654 0.7416670000000001 0.650962
0 0.164103 0.291987 0.16987200000000002 0.299679 0.18140999999999996 0.30609 0.19807699999999995 0.322756 0.19999999999999996 0.359936 0.19999999999999996 0.370192 0.19102600000000003 0.393269 0.17435900000000004 0.395833 0.15576900000000005 0.393269 0.146154 0.361218 0.144231 0.317628 0.15128200000000003 0.290705
0 0.376923 0.074038 0.399359 0.107372 0.40641000000000005 0.131731 0.392308 0.16891 0.369231 0.170192 0.348718 0.171474 0.32179500000000005 0.130449 0.313462 0.097115 0.32307699999999995 0.063782 0.355128 0.074038 0.36666699999999997 0.080449
0 0.648718 0.127885 0.653205 0.185577 0.655769 0.217628 0.657051 0.263782 0.644872 0.276603 0.625 0.275321 0.625 0.225321 0.6128210000000001 0.174038 0.598077 0.133013 0.596795 0.10609 0.6153850000000001 0.109936 0.638462 0.115064
0 0.501282 0.075321 0.517949 0.11891 0.5326919999999999 0.149679 0.537821 0.185577 0.524359 0.222756 0.5121789999999999 0.259936 0.501923 0.270192 0.49102599999999996 0.236859 0.483333 0.176603 0.482051 0.107372 0.48782099999999995 0.074038
0 0.8243590000000001 0.199679 0.86859 0.209936 0.871154 0.247115 0.833333 0.271474 0.7833330000000001 0.284295 0.757051 0.263782 0.776282 0.233013 0.796154 0.225321 0.805769 0.207372
0 0.8423080000000001 0.859936 0.830128 0.90609 0.838462 0.926603 0.853205 0.958654 0.849359 0.989423 0.81859 0.995833 0.764744 0.989423 0.7826919999999999 0.91891 0.792308 0.880449 0.797436 0.850962 0.8198719999999999 0.838141 0.834615 0.852244