0 0.36217900000000003 0.398397 0.371154 0.409936 0.378846 0.415064 0.373077 0.439423 0.388462 0.457372 0.40641000000000005 0.479167 0.40705100000000005 0.497115 0.40641000000000005 0.509936 0.415385 0.531731 0.41859 0.567628 0.40448700000000004 0.593269 0.380128 0.574038 0.369231 0.553526 0.35 0.553526 0.32371799999999995 0.565064 0.31794900000000004 0.572756 0.292949 0.61891 0.287821 0.636859 0.27756400000000003 0.649679 0.263462 0.627885 0.246795 0.61891 0.23141 0.645833 0.21602600000000005 0.633013 0.21410300000000004 0.598397 0.18461499999999997 0.609936 0.16987200000000002 0.609936 0.15000000000000002 0.609936 0.13910299999999998 0.576603 0.15576900000000005 0.545833 0.18974400000000002 0.527885 0.20705099999999999 0.524038 0.233333 0.533013 0.23910299999999995 0.50609 0.272436 0.480449 0.27756400000000003 0.443269 0.264744 0.41891 0.269872 0.400962 0.289103 0.415064 0.29743600000000003 0.411218 0.30256400000000006 0.375321 0.34807699999999997 0.381731 0.357692 0.383013 0.36217900000000003 0.383013
0 0.651282 0.571474 0.657051 0.600962 0.653205 0.653526 0.64359 0.684295 0.626923 0.735577 0.608333 0.754808 0.5756410000000001 0.763782 0.5660259999999999 0.729167 0.561538 0.677885 0.5538460000000001 0.627885 0.573718 0.571474 0.5935900000000001 0.540705 0.609615 0.547115 0.623077 0.559936 0.628205 0.559936 0.641026 0.554808
0 0.023718000000000017 0.308654 0.050000000000000044 0.338141 0.07948699999999997 0.361218 0.05640999999999996 0.388141 0.04487200000000002 0.436859 0.05320499999999995 0.472756 0.07307699999999995 0.485577 0.09807699999999997 0.494551 0.09230799999999995 0.576603 0.06923100000000004 0.586859 0.03717899999999996 0.593269 0.005128000000000021 0.597115 0.0032050000000000134 0.333013
0 0.914744 0.394551 0.923077 0.450962 0.921154 0.565064 0.911538 0.580449 0.925641 0.603526 0.900641 0.615064 0.873077 0.567628 0.8448720000000001 0.550962 0.833333 0.571474 0.816667 0.565064 0.814744 0.507372 0.8211539999999999 0.438141 0.83141 0.398397 0.866026 0.394551
0 0.837821 0.665064 0.863462 0.685577 0.869872 0.679167 0.875 0.716346 0.864744 0.731731 0.8641030000000001 0.754808 0.871795 0.781731 0.88141 0.797115 0.862179 0.831731 0.8403849999999999 0.863782 0.852564 0.883013 0.855128 0.903526 0.844231 0.911218 0.828205 0.90609 0.816667 0.897115 0.790385 0.865064 0.771154 0.863782 0.757051 0.849679 0.737179 0.811218 0.7224360000000001 0.716346 0.745513 0.689423 0.769872 0.672756 0.798077 0.677885 0.805769 0.677885 0.8211539999999999 0.659936
0 0.482051 0.808654 0.48782099999999995 0.835577 0.503205 0.833013 0.49359 0.867628 0.48846199999999995 0.888141 0.484615 0.904808 0.484615 0.917628 0.49230799999999997 0.934295 0.49359 0.958654 0.494231 0.979167 0.47051299999999996 0.957372 0.45641 0.957372 0.43012799999999995 0.961218 0.41025599999999995 0.943269 0.41217899999999996 0.927885 0.41859 0.872756 0.42692300000000005 0.836859 0.437821 0.8125 0.45192299999999996 0.811218 0.458974 0.820192 0.46858999999999995 0.8125
0 0.312179 0.839423 0.332051 0.833013 0.34166700000000005 0.853526 0.34166700000000005 0.881731 0.34358999999999995 0.904808 0.314103 0.922756 0.29743600000000003 0.939423 0.28589699999999996 0.941987 0.28333299999999995 0.90609 0.28141000000000005 0.884295 0.288462 0.849679 0.30512799999999995 0.831731
0 0.11730799999999997 0.816346 0.166026 0.844551 0.16153799999999996 0.881731 0.147436 0.908654 0.147436 0.91891 0.15448700000000004 0.930449 0.18012799999999995 0.934295 0.16987200000000002 0.993269 0.087179 0.989423 0.08205099999999999 0.949679 0.10705100000000001 0.909936 0.11217900000000003 0.876603 0.09999999999999998 0.815064 0.09871799999999997 0.804808
0 0.07243599999999994 0.663782 0.07307699999999995 0.713782 0.062178999999999984 0.747115 0.04871800000000004 0.772756 0.045513000000000026 0.786859 0.039744 0.798397 0.033332999999999946 0.815064 0.03141000000000005 0.845833 0.007692000000000032 0.841987 0.02179500000000001 0.771474 0.0025640000000000107 0.733013 0.00961500000000004 0.648397 0.014102999999999977 0.676603 0.032692000000000054 0.686859 0.04166700000000001 0.680449 0.05576899999999996 0.657372 0.06089699999999998 0.657372
0 0.814103 0.979167 0.809615 0.972756 0.8038460000000001 0.971474 0.792308 0.96891 0.788462 0.939423 0.787179 0.929167 0.780769 0.933013 0.764744 0.931731 0.755769 0.921474 0.734615 0.909936 0.729487 0.915064 0.7128209999999999 0.895833 0.710256 0.911218 0.710256 0.925321 0.7006410000000001 0.9625 0.6923079999999999 0.96891 0.6839740000000001 0.967628 0.669872 0.971474 0.655769 0.986859 0.719231 0.991987 0.74359 0.974038 0.748077 0.995833 0.811538 0.998397
0 0.497436 0.426603 0.503205 0.467628 0.5083329999999999 0.483013 0.522436 0.516346 0.523077 0.525321 0.523077 0.559936 0.5333330000000001 0.581731 0.536538 0.554808 0.563462 0.553526 0.5519229999999999 0.617628 0.528205 0.615064 0.521795 0.616346 0.525641 0.634295 0.526923 0.652244 0.5333330000000001 0.676603 0.5333330000000001 0.693269 0.532051 0.736859 0.525 0.747115 0.520513 0.747115 0.514744 0.684295 0.5108969999999999 0.635577 0.505128 0.602244 0.49294899999999997 0.538141 0.477564 0.521474 0.476923 0.489423 0.48141 0.438141 0.48717900000000003 0.415064
0 0.779487 0.025321 0.789103 0.049679 0.791026 0.059936 0.790385 0.107372 0.787179 0.148397 0.776923 0.16891 0.762821 0.184295 0.760256 0.211218 0.753846 0.272756 0.75 0.277885 0.736538 0.277885 0.7224360000000001 0.277885 0.708974 0.309936 0.707051 0.343269 0.6993590000000001 0.3625 0.680769 0.366346 0.667308 0.35609 0.66859 0.336859 0.687821 0.289423 0.6801280000000001 0.240705 0.66859 0.211218 0.675 0.161218 0.7019230000000001 0.121474 0.7153849999999999 0.086859 0.708974 0.061218 0.709615 0.029167 0.716026 0.004808 0.769872 0.009936