0 0.796795 0.470192 0.828846 0.495833 0.852564 0.503526 0.878205 0.535577 0.887821 0.558654 0.900641 0.579167 0.901282 0.636859 0.892949 0.65609 0.866667 0.680449 0.853846 0.725321 0.8198719999999999 0.741987 0.788462 0.695833 0.774359 0.663782 0.769872 0.589423 0.764103 0.515064 0.766667 0.479167 0.782051 0.465064
0 0.552564 0.539423 0.5538460000000001 0.6125 0.563462 0.665064 0.580769 0.666346 0.6153850000000001 0.707372 0.611538 0.750962 0.576282 0.780449 0.573718 0.921474 0.5493589999999999 0.972756 0.508974 0.970192 0.46794899999999995 0.927885 0.437179 0.831731 0.42948699999999995 0.789423 0.43205099999999996 0.647115 0.459615 0.60609 0.476923 0.583013 0.49038499999999996 0.538141 0.49359 0.511218 0.5314099999999999 0.491987 0.5576920000000001 0.517628
0 0.359615 0.613782 0.38589700000000005 0.643269 0.400641 0.670192 0.40256400000000003 0.708654 0.391667 0.744551 0.38397400000000004 0.784295 0.36859 0.808654 0.335897 0.820192 0.30833299999999997 0.817628 0.291667 0.750962 0.294231 0.672756 0.34358999999999995 0.620192 0.35 0.597115
0 0.127564 0.570192 0.147436 0.647115 0.16859000000000002 0.686859 0.18012799999999995 0.753526 0.166026 0.790705 0.163462 0.811218 0.164744 0.843269 0.17884599999999995 0.895833 0.18846200000000002 0.931731 0.19423100000000004 0.961218 0.19871799999999995 0.991987 0.11602599999999996 0.991987 0.12884600000000002 0.91891 0.12948700000000002 0.863782 0.103846 0.789423 0.09294899999999995 0.754808 0.07628199999999996 0.716346 0.06987200000000005 0.650962 0.047436000000000034 0.593269 0.02243600000000001 0.534295 0.039103 0.500962 0.06282100000000002 0.50609 0.06666700000000003 0.56891 0.07371799999999995 0.599679 0.085256 0.625321 0.09999999999999998 0.624038 0.09999999999999998 0.588141 0.104487 0.55609 0.12243599999999999 0.553526
0 0.19807699999999995 0.098397 0.228846 0.175321 0.23653800000000003 0.213782 0.24615399999999998 0.247115 0.25705100000000003 0.276603 0.251282 0.324038 0.23461500000000002 0.345833 0.211538 0.284295 0.20256399999999997 0.25609 0.18333299999999997 0.21891 0.18140999999999996 0.157372 0.14807700000000001 0.161218 0.12243599999999999 0.153526 0.11666699999999997 0.089423 0.12243599999999999 0.048397 0.127564 0.015064 0.15961499999999995 0.013782 0.16794900000000001 0.074038
0 0.29743600000000003 0.113782 0.329487 0.127885 0.315385 0.2125 0.276282 0.177885 0.270513 0.147115 0.28589699999999996 0.125321
0 0.04935900000000004 0.035577 0.05320499999999995 0.102244 0.05192300000000005 0.134295 0.02884600000000004 0.147115 0.005128000000000021 0.136859 0.004487000000000019 0.040705 0.04230800000000001 0.052244
0 0.5083329999999999 0.048397 0.526282 0.086859 0.525 0.129167 0.499359 0.16891 0.48910299999999995 0.149679 0.479487 0.080449 0.48782099999999995 0.043269
0 0.42435900000000004 0.1125 0.437821 0.16891 0.43205099999999996 0.226603 0.43333299999999997 0.25609 0.44615400000000005 0.293269 0.46923099999999995 0.297115 0.46666700000000005 0.344551 0.458974 0.353526 0.42756400000000006 0.335577 0.417949 0.31891 0.413462 0.277885 0.41217899999999996 0.21891 0.40897399999999995 0.174038 0.40897399999999995 0.130449 0.413462 0.107372
0 0.6826920000000001 0.06891 0.701282 0.11891 0.7006410000000001 0.153526 0.6788460000000001 0.144551 0.664103 0.154808 0.661538 0.171474 0.627564 0.161218 0.620513 0.154808 0.614744 0.140705 0.63141 0.115064 0.650641 0.103526 0.6538459999999999 0.084295 0.667308 0.071474
0 0.684615 0.216346 0.696795 0.266346 0.707692 0.284295 0.7 0.315064 0.714744 0.365064 0.719231 0.386859 0.70641 0.40609 0.689103 0.41891 0.689103 0.385577 0.695513 0.335577 0.6769229999999999 0.308654 0.660256 0.281731 0.6596150000000001 0.257372 0.665385 0.217628 0.669231 0.209936
0 0.996795 0.104808 0.971154 0.113782 0.951923 0.1125 0.939103 0.144551 0.932692 0.149679 0.935256 0.191987 0.963462 0.225321 0.982692 0.25609 0.990385 0.272756 0.996795 0.272756
0 0.685897 0.740705 0.712179 0.770192 0.710256 0.798397 0.7 0.81891 0.689103 0.834295 0.676282 0.891987 0.670513 0.907372 0.653205 0.903526 0.6320509999999999 0.85609 0.619872 0.802244 0.625641 0.763782 0.636538 0.744551 0.661538 0.730449 0.6756409999999999 0.730449 0.691667 0.750962