0 0.5756410000000001 0.071474 0.601923 0.113782 0.6128210000000001 0.235577 0.6179490000000001 0.280449 0.596795 0.353526 0.5743590000000001 0.41891 0.567949 0.429167 0.530769 0.429167 0.520513 0.391987 0.516026 0.30609 0.5083329999999999 0.254808 0.505128 0.236859 0.485256 0.248397 0.47115399999999996 0.315064 0.46346200000000004 0.329167 0.44871799999999995 0.336859 0.419231 0.321474 0.42948699999999995 0.20609 0.43140999999999996 0.153526 0.460256 0.104808 0.5108969999999999 0.066346 0.5467949999999999 0.045833 0.567949 0.045833
0 0.916667 0.013782 0.925 0.075321 0.929487 0.091987 0.914744 0.161218 0.913462 0.189423 0.894231 0.213782 0.876923 0.207372 0.8448720000000001 0.15609 0.830769 0.107372 0.801282 0.085577 0.775641 0.066346 0.7814099999999999 0.008654 0.910897 0.004808
0 0.848718 0.222756 0.858333 0.272756 0.870513 0.293269 0.865385 0.330449 0.850641 0.361218 0.81859 0.324038 0.81859 0.286859 0.823718 0.243269 0.830769 0.225321
0 0.997436 0.102244 0.98141 0.136859 0.98141 0.185577 0.976923 0.202244 0.963462 0.20609 0.973077 0.258654 0.997436 0.317628
0 0.755128 0.6125 0.766667 0.666346 0.765385 0.729167 0.7608969999999999 0.739423 0.741026 0.744551 0.723077 0.721474 0.7032050000000001 0.691987 0.7198720000000001 0.649679 0.7378210000000001 0.626603 0.748718 0.607372
0 0.480769 0.524038 0.49038499999999996 0.617628 0.503205 0.652244 0.503846 0.672756 0.494872 0.697115 0.454487 0.666346 0.439744 0.629167 0.435897 0.572756 0.458974 0.536859 0.46730799999999995 0.5125
0 0.375 0.503526 0.416667 0.536859 0.399359 0.56891 0.371795 0.577885 0.375 0.622756 0.36602599999999996 0.647115 0.360897 0.672756 0.34487199999999996 0.671474 0.32179500000000005 0.622756 0.32371799999999995 0.571474 0.34230799999999995 0.539423 0.354487 0.525321
0 0.20512799999999998 0.01891 0.19166700000000003 0.054808 0.19935899999999995 0.115064 0.233333 0.179167 0.23974399999999996 0.224038 0.22051299999999996 0.263782 0.212179 0.293269 0.18910300000000002 0.327885 0.18525599999999998 0.345833 0.124359 0.336859 0.10833300000000001 0.311218 0.08782100000000004 0.289423 0.08269199999999999 0.241987 0.11987199999999998 0.20609 0.126923 0.198397 0.12307699999999999 0.174038 0.13141000000000003 0.134295 0.142308 0.097115 0.142949 0.088141 0.128205 0.015064 0.17756400000000006 0.020192
0 0.32051300000000005 0.020192 0.32756399999999997 0.040705 0.335256 0.063782 0.33974400000000005 0.095833 0.34038500000000005 0.153526 0.332692 0.186859 0.32051300000000005 0.2125 0.30576899999999996 0.199679 0.28076900000000005 0.149679 0.251282 0.1125 0.26859 0.054808 0.28653799999999996 0.038141 0.289103 0.020192 0.314103 0.007372
0 0.210897 0.561218 0.233333 0.586859 0.24423099999999998 0.627885 0.24038499999999996 0.667628 0.25705100000000003 0.680449 0.232692 0.726603 0.208974 0.726603 0.19294900000000004 0.698397 0.17500000000000004 0.653526 0.162821 0.617628 0.18333299999999997 0.571474 0.19615400000000005 0.5625
0 0.5326919999999999 0.009936 0.517949 0.035577 0.514744 0.05609 0.494872 0.041987 0.480769 0.009936
0 0.45256399999999997 0.774038 0.435256 0.809936 0.45128199999999996 0.847115 0.46602600000000005 0.879167 0.454487 0.924038 0.437179 0.936859 0.40705100000000005 0.917628 0.397436 0.833013 0.391667 0.785577 0.40384600000000004 0.763782 0.439744 0.759936