0 0.937179 0.017628 0.95641 0.066346 0.964103 0.098397 0.964744 0.139423 0.945513 0.174038 0.934615 0.194551 0.896154 0.203526 0.872436 0.170192 0.8641030000000001 0.131731 0.865385 0.072756 0.865385 0.036859 0.857692 0.0125 0.9096150000000001 0.007372
0 0.773077 0.181731 0.778846 0.236859 0.8019229999999999 0.238141 0.807051 0.293269 0.790385 0.316346 0.802564 0.35609 0.794231 0.374038 0.762821 0.330449 0.742308 0.277885 0.732692 0.231731 0.724359 0.20609 0.716026 0.183013 0.733974 0.1625 0.763462 0.171474
0 0.889103 0.607372 0.913462 0.5625 0.912179 0.621474 0.919231 0.629167 0.934615 0.608654 0.925641 0.674038 0.926282 0.704808 0.919231 0.75609 0.904487 0.784295 0.880128 0.815064 0.866667 0.831731 0.832051 0.827885 0.846154 0.759936 0.848077 0.690705 0.821795 0.70609 0.814744 0.676603 0.826923 0.584295 0.859615 0.589423 0.871154 0.627885
0 0.746154 0.570192 0.760256 0.627885 0.754487 0.690705 0.741026 0.71891 0.727564 0.741987 0.697436 0.702244 0.670513 0.670192 0.665385 0.641987 0.670513 0.594551 0.669231 0.563782 0.708333 0.583013 0.721795 0.583013 0.735897 0.575321
0 0.603846 0.786859 0.6333329999999999 0.807372 0.628846 0.888141 0.640385 0.929167 0.639744 0.970192 0.635417 0.995833 0.598077 0.995833 0.569231 0.950962 0.553205 0.916346 0.539103 0.847115 0.533974 0.811218 0.5782050000000001 0.799679 0.5948720000000001 0.795833
0 0.542949 0.053526 0.539103 0.148397 0.525641 0.176603 0.476282 0.150962 0.46282100000000004 0.174038 0.46602600000000005 0.215064 0.516667 0.249679 0.570513 0.258654 0.580769 0.270192 0.542949 0.331731 0.55 0.409936 0.5346150000000001 0.426603 0.499359 0.365064 0.43140999999999996 0.334295 0.42307700000000004 0.326603 0.398718 0.309936 0.371795 0.30609 0.36346199999999995 0.3625 0.34679499999999996 0.371474 0.294231 0.370192 0.271795 0.334295 0.25641 0.291987 0.252564 0.266346 0.275641 0.20609 0.28589699999999996 0.175321 0.267308 0.174038 0.25897400000000004 0.175321 0.254487 0.175321 0.22115399999999996 0.180449 0.228205 0.109936 0.22692299999999999 0.045833 0.23141 0.009936 0.251923 0.052244 0.269231 0.065064 0.29935900000000004 0.065064 0.30769199999999997 0.017628 0.360256 0.016346 0.373718 0.075321 0.373718 0.122756 0.372436 0.2125 0.380769 0.226603 0.395513 0.100962 0.40256400000000003 0.031731 0.42564100000000005 0.027885 0.501923 0.059936 0.526923 0.033013 0.55 0.053526
0 0.13717900000000005 0.089423 0.16923100000000002 0.1125 0.17371800000000004 0.11891 0.167308 0.194551 0.126923 0.25609 0.11346199999999995 0.271474 0.045513000000000026 0.261218 0.030769000000000046 0.293269 0.003846000000000016 0.3125 0.003846000000000016 0.026603 0.025641000000000025 0.054808 0.07115400000000005 0.074038 0.09423099999999995 0.115064 0.08974400000000005 0.150962 0.09423099999999995 0.181731 0.12307699999999999 0.131731
0 0.14102599999999998 0.394551 0.142308 0.411218 0.14935900000000002 0.424038 0.16025599999999995 0.398397 0.16217899999999996 0.441987 0.16025599999999995 0.485577 0.15576900000000005 0.494551 0.14807700000000001 0.561218 0.14359 0.588141 0.13910299999999998 0.604808 0.13589700000000005 0.616346 0.13012800000000002 0.631731 0.10256399999999999 0.572756 0.09679499999999996 0.530449 0.06602600000000003 0.502244 0.06089699999999998 0.507372 0.05448699999999995 0.51891 0.05128200000000005 0.479167 0.07179500000000005 0.416346 0.08140999999999998 0.391987 0.10961500000000002 0.397115 0.12115399999999998 0.397115
0 0.040385000000000004 0.489423 0.047436000000000034 0.51891 0.050000000000000044 0.549679 0.06410300000000002 0.583013 0.07307699999999995 0.594551 0.06730800000000003 0.627885 0.06282100000000002 0.639423 0.04615400000000003 0.621474 0.03717899999999996 0.595833 0.02435900000000002 0.589423 0.013461999999999974 0.565064 0.013461999999999974 0.525321 0.019872 0.503526
0 0.314744 0.503526 0.31987200000000005 0.533013 0.34230799999999995 0.543269 0.360256 0.567628 0.34166700000000005 0.594551 0.32243599999999994 0.611218 0.309615 0.638141 0.31666700000000003 0.688141 0.32435899999999995 0.729167 0.353205 0.774038 0.358974 0.788141 0.334615 0.840705 0.310256 0.884295 0.28333299999999995 0.921474 0.270513 0.954808 0.254487 0.980449 0.253205 0.949679 0.26089700000000005 0.867628 0.273077 0.798397 0.276282 0.741987 0.275 0.689423 0.271154 0.648397 0.273077 0.600962 0.287821 0.553526 0.289744 0.529167
0 0.232051 0.667628 0.23461500000000002 0.727885 0.232051 0.76891 0.230128 0.813782 0.228846 0.826603 0.21538500000000005 0.836859 0.208333 0.830449 0.19038500000000003 0.785577 0.17948699999999995 0.741987 0.17500000000000004 0.729167 0.19038500000000003 0.694551 0.207692 0.685577
0 0.44743599999999994 0.608654 0.476923 0.626603 0.48141 0.639423 0.47179499999999996 0.681731 0.45320499999999997 0.686859 0.43333299999999997 0.652244 0.43333299999999997 0.629167
0 0.998077 0.35609 0.982051 0.35609 0.969231 0.335577 0.953846 0.358654 0.941667 0.381731 0.941026 0.400962 0.959615 0.420192 0.953205 0.459936 0.976923 0.458654 0.994872 0.459936