0 0.123718 0.120192 0.14871800000000002 0.131731 0.14935900000000002 0.161218 0.142308 0.193269 0.13589700000000005 0.207372 0.09935899999999998 0.213782 0.09487199999999996 0.194551 0.085897 0.150962 0.10192299999999999 0.130449
0 0.02948700000000004 0.134295 0.02243600000000001 0.098397 0.004487000000000019 0.097115 0.0032050000000000134 0.281731 0.027564000000000033 0.283013 0.037820999999999994 0.294551 0.04102600000000001 0.359936 0.06282100000000002 0.366346 0.08333299999999999 0.308654 0.07115400000000005 0.272756 0.06153799999999998 0.261218 0.057691999999999966 0.247115 0.06282100000000002 0.216346 0.06410300000000002 0.197115 0.06987200000000005 0.180449 0.060255999999999976 0.177885 0.05833299999999997 0.163782 0.050000000000000044 0.131731
0 0.24423099999999998 0.117628 0.252564 0.154808 0.25641 0.183013 0.255769 0.230449 0.255128 0.257372 0.23525600000000002 0.241987 0.22628199999999998 0.254808 0.21666700000000005 0.240705 0.22051299999999996 0.221474 0.230769 0.195833 0.22307699999999997 0.163782 0.228846 0.135577 0.23397400000000002 0.122756
0 0.34166700000000005 0.035577 0.34551299999999996 0.081731 0.353846 0.115064 0.34294899999999995 0.148397 0.34230799999999995 0.163782 0.330769 0.171474 0.30000000000000004 0.158654 0.309615 0.061218 0.314744 0.041987 0.31859000000000004 0.041987
0 0.272436 0.303526 0.28461499999999995 0.331731 0.29359 0.353526 0.28653799999999996 0.36891 0.264103 0.363782 0.24423099999999998 0.352244 0.22628199999999998 0.320192 0.22564099999999998 0.309936 0.253205 0.277885
0 0.34679499999999996 0.511218 0.375641 0.524038 0.371154 0.545833 0.359615 0.585577 0.36538499999999996 0.609936 0.369872 0.650962 0.38782099999999997 0.638141 0.39359 0.693269 0.42435900000000004 0.698397 0.41089699999999996 0.757372 0.388462 0.895833 0.380769 0.931731 0.34487199999999996 0.979167 0.32628199999999996 0.971474 0.294872 0.935577 0.28076900000000005 0.865064 0.253846 0.822756 0.24487199999999998 0.816346 0.248077 0.721474 0.264744 0.61891 0.291026 0.575321 0.314744 0.593269 0.30705099999999996 0.504808 0.32243599999999994 0.477885
0 0.17628200000000005 0.608654 0.19807699999999995 0.6625 0.21538500000000005 0.681731 0.21282100000000004 0.71891 0.17435900000000004 0.803526 0.164103 0.80609 0.13269200000000003 0.802244 0.11858999999999997 0.747115 0.11474399999999996 0.689423 0.14038499999999998 0.648397 0.15320500000000004 0.609936 0.16859000000000002 0.586859
0 0.6 0.479167 0.627564 0.498397 0.6621790000000001 0.517628 0.679487 0.517628 0.684615 0.499679 0.6935899999999999 0.545833 0.698718 0.557372 0.721795 0.561218 0.726923 0.583013 0.7185900000000001 0.638141 0.70641 0.680449 0.6743589999999999 0.715064 0.6576919999999999 0.736859 0.621154 0.736859 0.598077 0.699679 0.5891029999999999 0.663782 0.585256 0.588141 0.580128 0.536859 0.583974 0.517628 0.592949 0.471474
0 0.8019229999999999 0.113782 0.850641 0.153526 0.871154 0.188141 0.873718 0.233013 0.8448720000000001 0.2625 0.819231 0.275321 0.8038460000000001 0.295833 0.7858970000000001 0.295833 0.789744 0.266346 0.783974 0.226603 0.751282 0.203526 0.745513 0.140705 0.7801279999999999 0.130449
0 0.923718 0.370192 0.939744 0.394551 0.919872 0.46891 0.925 0.483013 0.944231 0.471474 0.940385 0.515064 0.946795 0.55609 0.935897 0.600962 0.905128 0.56891 0.894231 0.539423 0.883974 0.50609 0.882051 0.466346 0.862179 0.447115 0.8641030000000001 0.41891 0.890385 0.394551 0.9083330000000001 0.358654
0 0.901923 0.674038 0.914744 0.700962 0.9288460000000001 0.70609 0.944231 0.741987 0.945513 0.759936 0.937179 0.774038 0.898718 0.793269 0.869231 0.813782 0.854487 0.817628 0.852564 0.749679 0.845513 0.717628 0.845513 0.681731 0.877564 0.681731 0.9 0.644551
0 0.519872 0.772756 0.521154 0.858654 0.514744 0.898397 0.507692 0.915064 0.486538 0.920192 0.457692 0.885577 0.457692 0.830449 0.459615 0.800962 0.47179499999999996 0.765064 0.498718 0.752244 0.525641 0.748397
0 0.5275639999999999 0.25609 0.525 0.304808 0.5358970000000001 0.371474 0.529487 0.421474 0.520513 0.429167 0.5121789999999999 0.381731 0.5096149999999999 0.331731 0.48717900000000003 0.280449 0.5070509999999999 0.249679
0 0.998077 0.145833 0.951282 0.149679 0.921795 0.171474 0.904487 0.199679 0.919231 0.224038 0.941667 0.226603 0.954487 0.245833 0.963462 0.295833 0.972436 0.30609 0.997436 0.288141