0 0.992949 0.113782 0.975 0.165064 0.971154 0.202244 0.951282 0.235577 0.921154 0.239423 0.899359 0.2125 0.882051 0.079167 0.891667 0.049679 0.964103 0.034295 0.973077 0.00609 0.998718 0.004808 0.998077 0.100962
0 0.866667 0.022756 0.851923 0.120192 0.842949 0.229167 0.817949 0.336859 0.812821 0.424038 0.790385 0.441987 0.7378210000000001 0.435577 0.690385 0.385577 0.646795 0.31891 0.642949 0.26891 0.685897 0.203526 0.707692 0.083013 0.714744 0.054808 0.766026 0.013782 0.8628210000000001 0.009936
0 0.5576920000000001 0.104808 0.585897 0.1625 0.598718 0.191987 0.570513 0.324038 0.46474400000000005 0.300962 0.438462 0.347115 0.43140999999999996 0.431731 0.457692 0.408654 0.521795 0.371474 0.557051 0.407372 0.612179 0.4125 0.621795 0.479167 0.601923 0.536859 0.584615 0.60609 0.547436 0.634295 0.45192299999999996 0.549679 0.38589700000000005 0.503526 0.360897 0.448397 0.348718 0.36891 0.337179 0.248397 0.29807700000000004 0.170192 0.27756400000000003 0.057372 0.32564099999999996 0.075321 0.378846 0.126603 0.458333 0.095833 0.474359 0.049679 0.473718 0.008654 0.512821 0.011218 0.526282 0.058654 0.552564 0.113782
0 0.13269200000000003 0.21891 0.17179500000000003 0.263782 0.17500000000000004 0.335577 0.141667 0.349679 0.11217900000000003 0.413782 0.11602599999999996 0.447115 0.15448700000000004 0.509936 0.16987200000000002 0.559936 0.104487 0.667628 0.057691999999999966 0.648397 0.028205000000000036 0.598397 0.02948700000000004 0.508654 0.03397399999999995 0.450962 0.033332999999999946 0.400962 0.010897000000000046 0.377885 0.00961500000000004 0.339423 0.045513000000000026 0.345833 0.09038500000000005 0.31891 0.07628199999999996 0.271474 0.07628199999999996 0.240705 0.08269199999999999 0.208654 0.11282099999999995 0.239423
0 0.09679499999999996 0.013782 0.08910300000000004 0.079167 0.09807699999999997 0.125321 0.02179500000000001 0.25609 0.0032050000000000134 0.258654 0.003846000000000016 0.004808
0 0.29679500000000003 0.483013 0.313462 0.500962 0.32692299999999996 0.611218 0.31987200000000005 0.735577 0.31794900000000004 0.788141 0.330128 0.829167 0.369872 0.839423 0.505769 0.753526 0.5673079999999999 0.763782 0.5 0.8125 0.46987199999999996 0.843269 0.435256 0.871474 0.40384600000000004 0.904808 0.40512800000000004 0.959936 0.34358999999999995 0.909936 0.25833300000000003 0.894551 0.232692 0.815064 0.25641 0.775321 0.30384599999999995 0.736859 0.294872 0.666346 0.271154 0.661218 0.26217900000000005 0.61891 0.27692300000000003 0.529167 0.27756400000000003 0.481731
0 0.004487000000000019 0.689423 0.025641000000000025 0.697115 0.050000000000000044 0.671474 0.05384599999999995 0.713782 0.07499999999999996 0.763782 0.07499999999999996 0.835577 0.07051300000000005 0.913782 0.04871800000000004 0.949679 0.003846000000000016 0.991987
0 0.09487199999999996 0.850962 0.15384600000000004 0.826603 0.18974400000000002 0.822756 0.19038500000000003 0.848397 0.18717899999999998 0.902244 0.19102600000000003 0.934295 0.20448699999999997 0.990705 0.10641 0.995833 0.08910300000000004 0.948397 0.08333299999999999 0.90609
0 0.997436 0.331731 0.983974 0.343269 0.969872 0.338141 0.955769 0.298397 0.944872 0.341987 0.942949 0.383013 0.955128 0.422756 0.977564 0.467628 0.997436 0.486859
0 0.891026 0.474038 0.863462 0.434295 0.851282 0.430449 0.830128 0.46891 0.81859 0.467628 0.853846 0.536859 0.859615 0.517628 0.871795 0.498397
0 0.873077 0.694551 0.922436 0.733013 0.934615 0.75609 0.91859 0.815064 0.891026 0.777885 0.860897 0.748397 0.8448720000000001 0.716346 0.852564 0.700962
0 0.796795 0.96891 0.7621789999999999 0.922756 0.735256 0.954808 0.708974 0.943269 0.685256 0.922756 0.6717949999999999 0.871474 0.664103 0.945833 0.638462 0.991987 0.787821 0.995833
0 0.526282 0.991987 0.522436 0.943269 0.5 0.95609 0.486538 0.963782 0.436538 0.965064 0.42884599999999995 0.995833
0 0.6717949999999999 0.524038 0.6839740000000001 0.553526 0.677564 0.588141 0.6756409999999999 0.611218 0.661538 0.608654 0.6576919999999999 0.576603 0.654487 0.548397 0.653205 0.538141 0.664744 0.525321