0 0.24230799999999997 0.003526 0.227564 0.026603 0.207692 0.048397 0.21666700000000005 0.085577 0.20640999999999998 0.120192 0.162821 0.170192 0.11923099999999998 0.195833 0.10705100000000001 0.207372 0.07756399999999997 0.141987 0.07051300000000005 0.103526 0.08846200000000004 0.039423 0.10897400000000002 0.024038 0.11153800000000003 0.002244
0 0.419231 0.0125 0.44807699999999995 0.072756 0.476923 0.070192 0.500641 0.065064 0.514744 0.094551 0.526923 0.136859 0.552564 0.150962 0.578846 0.204808 0.557051 0.270192 0.538462 0.302244 0.517308 0.330449 0.5 0.3625 0.48141 0.383013 0.45192299999999996 0.345833 0.42564100000000005 0.326603 0.399359 0.288141 0.380769 0.227885 0.34807699999999997 0.224038 0.329487 0.191987 0.30256400000000006 0.174038 0.28461499999999995 0.166346 0.28461499999999995 0.131731 0.30320499999999995 0.072756 0.32628199999999996 0.077885 0.333333 0.072756 0.34166700000000005 0.039423 0.355128 0.007372 0.41217899999999996 0.002244
0 0.07435899999999995 0.013782 0.04679500000000003 0.041987 0.025641000000000025 0.059936 0.008974000000000038 0.043269 0.0032050000000000134 0.003526 0.06474400000000002 0.003526
0 0.26859 0.238141 0.28205100000000005 0.2625 0.265385 0.3125 0.264744 0.384295 0.251923 0.398397 0.228846 0.380449 0.21282100000000004 0.350962 0.20448699999999997 0.340705 0.18910300000000002 0.295833 0.17051300000000003 0.286859 0.208333 0.226603 0.230128 0.213782 0.251923 0.253526
0 0.211538 0.447115 0.232051 0.477885 0.253846 0.485577 0.265385 0.554808 0.28333299999999995 0.580449 0.315385 0.66891 0.335897 0.699679 0.34102600000000005 0.753526 0.34423099999999995 0.811218 0.330128 0.865064 0.292949 0.844551 0.26153800000000005 0.835577 0.23397400000000002 0.793269 0.208333 0.748397 0.17884599999999995 0.699679 0.15641000000000005 0.684295 0.13333300000000003 0.61891 0.13653800000000005 0.598397 0.15769200000000005 0.550962 0.165385 0.541987 0.18717899999999998 0.547115 0.20320499999999997 0.553526 0.20576899999999998 0.50609 0.20448699999999997 0.465064 0.20448699999999997 0.444551
0 0.49294899999999997 0.536859 0.539103 0.554808 0.561538 0.553526 0.570513 0.589423 0.558333 0.685577 0.546154 0.727885 0.532051 0.754808 0.525641 0.776603 0.507692 0.811218 0.48782099999999995 0.758654 0.46346200000000004 0.734295 0.434615 0.716346 0.41153799999999996 0.695833 0.4 0.6625 0.391026 0.648397 0.376282 0.617628 0.38141 0.571474 0.41153799999999996 0.547115 0.44551300000000005 0.543269 0.460256 0.543269 0.478205 0.522756
0 0.629487 0.347115 0.64359 0.386859 0.657051 0.367628 0.664103 0.391987 0.644872 0.434295 0.644231 0.45609 0.636538 0.474038 0.624359 0.493269 0.6141030000000001 0.527885 0.605128 0.529167 0.604487 0.476603 0.610256 0.435577 0.607692 0.393269 0.613462 0.354808 0.6141030000000001 0.333013 0.619872 0.336859
0 0.779487 0.013782 0.778205 0.05609 0.765385 0.111218 0.764103 0.141987 0.764103 0.150962 0.7621789999999999 0.163782 0.74359 0.174038 0.733333 0.200962 0.742308 0.221474 0.753846 0.222756 0.764103 0.224038 0.757051 0.25609 0.714744 0.295833 0.696795 0.279167 0.6826920000000001 0.263782 0.667308 0.207372 0.6730769999999999 0.181731 0.694231 0.1625 0.7019230000000001 0.148397 0.690385 0.136859 0.707692 0.120192 0.710256 0.085577 0.704487 0.072756 0.704487 0.043269 0.7153849999999999 0.008654 0.766667 0.00609
0 0.883333 0.1625 0.9064099999999999 0.165064 0.926282 0.138141 0.9288460000000001 0.181731 0.933974 0.2125 0.936538 0.227885 0.921795 0.259936 0.921154 0.277885 0.91859 0.297115 0.877564 0.276603 0.863462 0.266346 0.849359 0.240705 0.847436 0.203526 0.839744 0.183013 0.851282 0.15609 0.870513 0.165064
0 0.998077 0.172756 0.978846 0.16891 0.960256 0.147115 0.95641 0.167628 0.954487 0.208654 0.962821 0.239423 0.969231 0.259936 0.980128 0.274038 0.998718 0.281731
0 0.797436 0.395833 0.790385 0.445833 0.79359 0.475321 0.828846 0.476603 0.833974 0.511218 0.833974 0.550962 0.808974 0.615064 0.794872 0.636859 0.773718 0.654808 0.755769 0.634295 0.7429490000000001 0.580449 0.739744 0.565064 0.723718 0.56891 0.721795 0.535577 0.704487 0.498397 0.7185900000000001 0.46891 0.728846 0.441987 0.737179 0.391987 0.7608969999999999 0.426603 0.776282 0.395833 0.788462 0.380449
0 0.636538 0.661218 0.645513 0.715064 0.6358969999999999 0.749679 0.642308 0.784295 0.641026 0.803526 0.635256 0.820192 0.619872 0.784295 0.608974 0.75609 0.585256 0.729167 0.5916669999999999 0.695833 0.570513 0.667628 0.587179 0.631731 0.598077 0.653526 0.6128210000000001 0.675321 0.625641 0.666346
0 0.990385 0.799679 0.975 0.81891 0.961538 0.815064 0.929487 0.813782 0.904487 0.827885 0.886538 0.844551 0.869872 0.883013 0.872436 0.963782 0.867308 0.991987 0.91859 0.993269 0.925 0.947115 0.923077 0.907372 0.939744 0.904808 0.948718 0.91891 0.965385 0.933013 0.967949 0.985577 0.997436 0.990705 0.994231 0.839423
0 0.026282000000000028 0.26891 0.039103 0.285577 0.055127999999999955 0.272756 0.052564000000000055 0.327885 0.05064100000000005 0.345833 0.03397399999999995 0.354808 0.021154000000000006 0.330449 0.006410000000000027 0.317628 0.001923000000000008 0.289423 0.010897000000000046 0.271474
0 0.08910300000000004 0.507372 0.09743599999999997 0.55609 0.086538 0.625321 0.07051300000000005 0.658654 0.05064100000000005 0.604808 0.020513000000000003 0.599679 0.03141000000000005 0.557372 0.04423100000000002 0.539423 0.05064100000000005 0.50609 0.07692299999999996 0.517628 0.08205099999999999 0.507372
0 0.625641 0.897115 0.639103 0.934295 0.641667 0.961218 0.63125 0.995833 0.596795 0.994551 0.5673079999999999 0.988141 0.573718 0.943269 0.587179 0.925321 0.6 0.894551 0.619231 0.898397
0 0.710256 0.781731 0.710897 0.815064 0.728846 0.815064 0.7378210000000001 0.799679 0.730769 0.858654 0.73141 0.875321 0.7 0.879167 0.686538 0.853526 0.672436 0.886859 0.666026 0.894551 0.648077 0.859936 0.665385 0.817628 0.677564 0.809936 0.6814100000000001 0.786859
0 0.885897 0.395833 0.898077 0.448397 0.896795 0.516346 0.891026 0.536859 0.875 0.541987 0.851282 0.511218 0.848718 0.390705 0.876923 0.391987