0 0.265385 0.340705 0.28012800000000004 0.389423 0.295513 0.397115 0.33141 0.40609 0.359615 0.404808 0.38141 0.463782 0.333333 0.540705 0.31602600000000003 0.557372 0.315385 0.481731 0.30128200000000005 0.475321 0.291026 0.558654 0.270513 0.609936 0.27820500000000004 0.634295 0.28205100000000005 0.66891 0.28525599999999995 0.697115 0.28397399999999995 0.716346 0.267949 0.683013 0.22435899999999998 0.615064 0.20128199999999996 0.588141 0.18269199999999997 0.461218 0.17500000000000004 0.454808 0.124359 0.524038 0.085256 0.558654 0.083974 0.634295 0.09487199999999996 0.802244 0.09423099999999995 0.885577 0.05897399999999997 0.963782 0.06410300000000002 0.991987 0.003846000000000016 0.990705 0.0025640000000000107 0.489423 0.03589699999999996 0.499679 0.07307699999999995 0.475321 0.125641 0.445833 0.15705100000000005 0.390705 0.19871799999999995 0.324038 0.23974399999999996 0.326603
0 0.14359 0.030449 0.17820499999999995 0.048397 0.22371799999999997 0.107372 0.254487 0.111218 0.273718 0.129167 0.294231 0.161218 0.30128200000000005 0.209936 0.267308 0.258654 0.23653800000000003 0.271474 0.21666700000000005 0.25609 0.18653799999999998 0.2125 0.11346199999999995 0.1625 0.11217900000000003 0.140705 0.105128 0.120192 0.040385000000000004 0.097115 0.027564000000000033 0.0625 0.05576899999999996 0.01891 0.07756399999999997 0.0125 0.13205100000000003 0.025321
0 0.5333330000000001 0.079167 0.5288459999999999 0.109936 0.5480769999999999 0.108654 0.561538 0.075321 0.572436 0.165064 0.571795 0.200962 0.5326919999999999 0.240705 0.517949 0.25609 0.482692 0.240705 0.47051299999999996 0.183013 0.46730799999999995 0.126603 0.496795 0.076603 0.526923 0.080449
0 0.667949 0.203526 0.6756409999999999 0.267628 0.673718 0.286859 0.6717949999999999 0.322756 0.696795 0.370192 0.7211540000000001 0.384295 0.751923 0.40609 0.745513 0.448397 0.690385 0.45609 0.6801280000000001 0.415064 0.6743589999999999 0.376603 0.651923 0.315064 0.6346149999999999 0.259936 0.616026 0.185577 0.651282 0.211218
0 0.532051 0.536859 0.537821 0.590705 0.529487 0.633013 0.5314099999999999 0.708654 0.540385 0.741987 0.513462 0.749679 0.473718 0.665064 0.46987199999999996 0.61891 0.46858999999999995 0.561218 0.47051299999999996 0.544551 0.501923 0.5625 0.522436 0.543269
0 0.773077 0.552244 0.816667 0.550962 0.828846 0.540705 0.828205 0.611218 0.812821 0.657372 0.776923 0.683013 0.766667 0.648397 0.755769 0.584295
0 0.9288460000000001 0.235577 0.941026 0.284295 0.93141 0.417628 0.923718 0.436859 0.878205 0.450962 0.88141 0.397115 0.897436 0.354808 0.907051 0.288141 0.915385 0.230449
0 0.921795 0.548397 0.944231 0.559936 0.941026 0.620192 0.940385 0.699679 0.9673080000000001 0.694551 0.997436 0.684295 0.997436 0.840705 0.983974 0.824038 0.973077 0.754808 0.937821 0.802244 0.910897 0.767628 0.867308 0.711218 0.885256 0.695833 0.895513 0.663782 0.89359 0.635577 0.88141 0.650962 0.877564 0.600962 0.877564 0.589423 0.888462 0.574038 0.921154 0.527885
0 0.639103 0.839423 0.646154 0.880449 0.642949 0.990705 0.519231 0.995833 0.5314099999999999 0.929167 0.565385 0.891987 0.583333 0.86891 0.603205 0.830449 0.632692 0.835577
0 0.394231 0.747115 0.38269200000000003 0.803526 0.396795 0.826603 0.392949 0.895833 0.391667 0.904808 0.36410299999999995 0.908654 0.313462 0.857372 0.30192300000000005 0.811218 0.312821 0.786859 0.350641 0.753526 0.38782099999999997 0.727885
0 0.21858999999999995 0.666346 0.21730799999999995 0.740705 0.21666700000000005 0.763782 0.19935899999999995 0.795833 0.16859000000000002 0.794551 0.141667 0.753526 0.146795 0.743269 0.162821 0.713782 0.17371800000000004 0.684295 0.18910300000000002 0.659936 0.19999999999999996 0.649679
0 0.228846 0.883013 0.269231 0.915064 0.29743600000000003 0.899679 0.32051300000000005 0.944551 0.354487 0.995833 0.166026 0.994551 0.18461499999999997 0.935577 0.20064099999999996 0.894551