0 0.14038499999999998 0.007372 0.15512800000000004 0.040705 0.11794899999999997 0.099679 0.10769200000000001 0.1625 0.09935899999999998 0.188141 0.09230799999999995 0.198397 0.04487200000000002 0.147115 0.039744 0.066346 0.05384599999999995 0.041987 0.06730800000000003 0.007372
0 0.30256400000000006 0.020192 0.311538 0.06891 0.31730800000000003 0.11891 0.30320499999999995 0.134295 0.274359 0.153526 0.21794899999999995 0.131731 0.210897 0.189423 0.16217899999999996 0.224038 0.15897399999999995 0.20609 0.19871799999999995 0.094551 0.19102600000000003 0.036859 0.20705099999999999 0.0125 0.254487 0.003526 0.29743600000000003 0.008654 0.30576899999999996 0.031731
0 0.358333 0.065064 0.380128 0.077885 0.396154 0.115064 0.378846 0.170192 0.377564 0.209936 0.335256 0.195833 0.333333 0.085577 0.348718 0.076603
0 0.46602600000000005 0.289423 0.522436 0.315064 0.562179 0.325321 0.576282 0.335577 0.566667 0.361218 0.582051 0.424038 0.529487 0.500962 0.50641 0.522756 0.46538500000000005 0.634295 0.46858999999999995 0.672756 0.457051 0.697115 0.42564100000000005 0.617628 0.43140999999999996 0.588141 0.42371800000000004 0.440705 0.419872 0.36891 0.40769200000000005 0.308654 0.44487200000000005 0.307372
0 0.832051 0.241987 0.858974 0.288141 0.891026 0.300962 0.9096150000000001 0.300962 0.894231 0.399679 0.865385 0.40609 0.849359 0.434295 0.778846 0.577885 0.753205 0.624038 0.733974 0.600962 0.751923 0.522756 0.7608969999999999 0.474038 0.778846 0.384295 0.797436 0.330449 0.803205 0.250962
0 0.891667 0.509936 0.911538 0.553526 0.919231 0.616346 0.920513 0.665064 0.866667 0.695833 0.833333 0.693269 0.833333 0.613782 0.85 0.5125 0.873718 0.503526
0 0.676282 0.548397 0.716026 0.577885 0.725 0.622756 0.708974 0.658654 0.6576919999999999 0.736859 0.5974360000000001 0.75609 0.582051 0.694551 0.625641 0.593269 0.642308 0.571474 0.6538459999999999 0.552244
0 0.917308 0.034295 0.901282 0.06891 0.873718 0.098397 0.85641 0.090705 0.83141 0.102244 0.80641 0.043269 0.809615 0.011218 0.928205 0.009936
0 0.995513 0.777885 0.985256 0.752244 0.9288460000000001 0.777885 0.933333 0.804808 0.946795 0.854808 0.958974 0.907372 0.996795 0.990705
0 0.850641 0.916346 0.869872 0.933013 0.887821 0.944551 0.902564 0.974038 0.89359 0.991987 0.810897 0.993269 0.807692 0.941987 0.808333 0.916346 0.828846 0.917628
0 0.486538 0.883013 0.507692 0.913782 0.525 0.959936 0.520513 0.974038 0.48782099999999995 0.979167 0.47243599999999997 0.986859 0.460897 0.989423 0.45320499999999997 0.980449 0.41217899999999996 0.934295 0.46282100000000004 0.883013
0 0.22499999999999998 0.586859 0.25897400000000004 0.670192 0.26025600000000004 0.715064 0.255769 0.752244 0.21858999999999995 0.779167 0.19487200000000005 0.800962 0.18397399999999997 0.80609 0.17628200000000005 0.729167 0.18269199999999997 0.677885 0.17307700000000004 0.590705 0.17179500000000003 0.584295 0.20640999999999998 0.586859
0 0.06602600000000003 0.421474 0.09102600000000005 0.41891 0.08333299999999999 0.500962 0.06859000000000004 0.571474 0.06538500000000003 0.585577 0.04359000000000002 0.489423 0.04102600000000001 0.450962
0 0.021154000000000006 0.336859 0.03461499999999995 0.358654 0.035255999999999954 0.391987 0.016025999999999985 0.386859 0.0032050000000000134 0.484295 0.004487000000000019 0.334295
0 0.13782099999999997 0.799679 0.17500000000000004 0.838141 0.18140999999999996 0.877885 0.19999999999999996 0.920192 0.20576899999999998 0.989423 0.06730800000000003 0.986859 0.09166700000000005 0.894551 0.11666699999999997 0.843269
0 0.33846200000000004 0.909936 0.40705100000000005 0.881731 0.400641 0.940705 0.392308 0.988141 0.27884600000000004 0.994551 0.309615 0.945833
0 0.390385 0.609936 0.394231 0.661218 0.40833299999999995 0.672756 0.419231 0.689423 0.415385 0.720192 0.392308 0.729167 0.38397400000000004 0.730449 0.360897 0.722756 0.34807699999999997 0.709936 0.34551299999999996 0.680449 0.34743599999999997 0.652244 0.360256 0.621474 0.379487 0.613782