0 0.17307700000000004 0.133013 0.16025599999999995 0.194551 0.16025599999999995 0.236859 0.146795 0.295833 0.144872 0.335577 0.14038499999999998 0.359936 0.15384600000000004 0.397115 0.15448700000000004 0.426603 0.14359 0.495833 0.11987199999999998 0.509936 0.08974400000000005 0.5125 0.08910300000000004 0.436859 0.086538 0.36891 0.06474400000000002 0.340705 0.06859000000000004 0.297115 0.07307699999999995 0.221474 0.06923100000000004 0.152244 0.07948699999999997 0.086859 0.08012799999999998 0.040705 0.084615 0.015064 0.11666699999999997 0.025321 0.15961499999999995 0.021474 0.18397399999999997 0.025321 0.18589699999999998 0.054808 0.17756400000000006 0.097115
0 0.02884600000000004 0.181731 0.052564000000000055 0.217628 0.05576899999999996 0.281731 0.060255999999999976 0.308654 0.057691999999999966 0.339423 0.04359000000000002 0.3625 0.03205100000000005 0.386859 0.025641000000000025 0.390705 0.0025640000000000107 0.380449 0.0032050000000000134 0.159936 0.016666999999999987 0.174038
0 0.914103 0.06891 0.921795 0.109936 0.929487 0.149679 0.942308 0.176603 0.951923 0.184295 0.957692 0.217628 0.941026 0.270192 0.933333 0.297115 0.917949 0.313782 0.9076919999999999 0.31891 0.883974 0.291987 0.874359 0.254808 0.876923 0.222756 0.882692 0.204808 0.876282 0.153526 0.8628210000000001 0.15609 0.853846 0.167628 0.846154 0.213782 0.829487 0.266346 0.803205 0.247115 0.807051 0.177885 0.801282 0.148397 0.802564 0.134295 0.816667 0.115064 0.830769 0.081731 0.866026 0.057372 0.886538 0.039423 0.898077 0.058654
0 0.635256 0.250962 0.639744 0.297115 0.655769 0.285577 0.6608970000000001 0.316346 0.6371789999999999 0.345833 0.621795 0.367628 0.604487 0.380449 0.5743590000000001 0.353526 0.561538 0.35609 0.548718 0.361218 0.535256 0.345833 0.523077 0.3125 0.5288459999999999 0.258654 0.546154 0.241987 0.5576920000000001 0.266346 0.5756410000000001 0.258654 0.58141 0.221474 0.601923 0.222756 0.6166670000000001 0.238141
0 0.5467949999999999 0.027885 0.552564 0.080449 0.560897 0.1125 0.569231 0.136859 0.5660259999999999 0.153526 0.542308 0.183013 0.539103 0.188141 0.516667 0.165064 0.503846 0.159936 0.48717900000000003 0.149679 0.474359 0.143269 0.45128199999999996 0.147115 0.44999999999999996 0.163782 0.440385 0.186859 0.43333299999999997 0.193269 0.414103 0.202244 0.391026 0.179167 0.373718 0.163782 0.398077 0.115064 0.40769200000000005 0.044551 0.416026 0.027885 0.42628200000000005 0.022756 0.44615400000000005 0.013782 0.483974 0.016346 0.519872 0.029167 0.535256 0.029167
0 0.31794900000000004 0.091987 0.34230799999999995 0.113782 0.33846200000000004 0.159936 0.34230799999999995 0.171474 0.351282 0.184295 0.358333 0.202244 0.359615 0.243269 0.354487 0.244551 0.337179 0.225321 0.32179500000000005 0.209936 0.30000000000000004 0.195833 0.28525599999999995 0.177885 0.275 0.152244 0.267308 0.11891 0.269872 0.099679 0.29679500000000003 0.076603
0 0.797436 0.383013 0.789103 0.4625 0.783974 0.499679 0.776923 0.533013 0.760256 0.539423 0.746154 0.504808 0.745513 0.449679 0.755769 0.399679 0.761538 0.370192 0.767949 0.350962 0.7846150000000001 0.379167
0 0.7141029999999999 0.417628 0.739744 0.440705 0.7429490000000001 0.454808 0.735256 0.494551 0.728846 0.521474 0.726923 0.572756 0.7185900000000001 0.590705 0.7141029999999999 0.602244 0.708974 0.603526 0.689103 0.586859 0.669231 0.554808 0.6551279999999999 0.515064 0.623718 0.51891 0.617308 0.504808 0.617308 0.45609 0.641667 0.420192 0.6756409999999999 0.403526 0.703846 0.404808
0 0.49230799999999997 0.250962 0.478846 0.343269 0.46346200000000004 0.361218 0.460897 0.399679 0.48141 0.431731 0.500641 0.499679 0.503205 0.513782 0.501282 0.552244 0.47307699999999997 0.5125 0.44743599999999994 0.483013 0.42884599999999995 0.439423 0.42371800000000004 0.40609 0.437821 0.352244 0.43205099999999996 0.316346 0.43140999999999996 0.286859 0.45128199999999996 0.259936 0.479487 0.247115
0 0.996154 0.51891 0.978205 0.516346 0.960897 0.51891 0.944872 0.538141 0.916667 0.553526 0.908974 0.589423 0.910897 0.634295 0.920513 0.686859 0.935256 0.680449 0.976282 0.657372 0.985256 0.697115 0.998077 0.717628
0 0.992949 0.959936 0.974359 0.936859 0.962179 0.908654 0.958974 0.891987 0.957051 0.863782 0.940385 0.857372 0.907051 0.894551 0.891667 0.908654 0.872436 0.943269 0.8628210000000001 0.9625 0.852564 0.991987 0.996154 0.990705
0 0.687179 0.820192 0.694231 0.859936 0.675 0.938141 0.6743589999999999 0.966346 0.6756409999999999 0.990705 0.585897 0.991987 0.5673079999999999 0.925321 0.5685899999999999 0.903526 0.5935900000000001 0.86891 0.603846 0.829167 0.633974 0.813782 0.657051 0.813782 0.6743589999999999 0.813782