0 0.32115400000000005 0.016346 0.314744 0.089423 0.291667 0.117628 0.27948700000000004 0.141987 0.31923100000000004 0.197115 0.29871800000000004 0.241987 0.272436 0.272756 0.24551299999999998 0.309936 0.17692300000000005 0.204808 0.17051300000000003 0.11891 0.17948699999999995 0.080449 0.20512799999999998 0.063782 0.23782099999999995 0.003526 0.315385 0.00609
0 0.46923099999999995 0.035577 0.508974 0.091987 0.539744 0.213782 0.48782099999999995 0.311218 0.457051 0.311218 0.43205099999999996 0.234295 0.416026 0.166346 0.399359 0.117628 0.38525600000000004 0.029167 0.420513 0.0125 0.44807699999999995 0.024038
0 0.648077 0.021474 0.654487 0.081731 0.6596150000000001 0.158654 0.648077 0.2125 0.644231 0.248397 0.630128 0.271474 0.619231 0.280449 0.61859 0.215064 0.595513 0.216346 0.578846 0.267628 0.563462 0.280449 0.5519229999999999 0.231731 0.5538460000000001 0.174038 0.5769230000000001 0.135577 0.607051 0.072756 0.609615 0.003526 0.644231 0.003526
0 0.15961499999999995 0.015064 0.142308 0.058654 0.14359 0.100962 0.10769200000000001 0.133013 0.09230799999999995 0.148397 0.07307699999999995 0.171474 0.05128200000000005 0.233013 0.030769000000000046 0.221474 0.0032050000000000134 0.138141 0.00961500000000004 0.039423 0.023718000000000017 0.027885 0.018589999999999995 0.008654 0.05448699999999995 0.004808 0.15320500000000004 0.00609
0 0.377564 0.422756 0.33910300000000004 0.433013 0.30192300000000005 0.472756 0.28012800000000004 0.485577 0.233333 0.515064 0.21282100000000004 0.572756 0.207692 0.607372 0.20384599999999997 0.657372 0.19807699999999995 0.698397 0.18653799999999998 0.708654 0.15897399999999995 0.707372 0.144231 0.681731 0.12948700000000002 0.603526 0.11730799999999997 0.544551 0.10897400000000002 0.477885 0.124359 0.398397 0.164744 0.402244 0.18140999999999996 0.40609 0.17948699999999995 0.454808 0.18974400000000002 0.503526 0.20064099999999996 0.5125 0.24551299999999998 0.463782 0.273718 0.426603 0.30000000000000004 0.391987 0.330128 0.329167 0.348718 0.370192
0 0.010897000000000046 0.434295 0.019230999999999998 0.448397 0.047436000000000034 0.434295 0.05384599999999995 0.467628 0.05064100000000005 0.547115 0.04423100000000002 0.602244 0.03461499999999995 0.617628 0.01730799999999999 0.638141 0.008333000000000035 0.590705 0.0032050000000000134 0.588141 0.001923000000000008 0.427885
0 0.628846 0.31891 0.6538459999999999 0.370192 0.644872 0.440705 0.64359 0.471474 0.625641 0.495833 0.609615 0.476603 0.585897 0.491987 0.5769230000000001 0.489423 0.5685899999999999 0.449679 0.5698719999999999 0.377885 0.5711539999999999 0.338141 0.586538 0.326603 0.598718 0.340705 0.607692 0.297115
0 0.764103 0.500962 0.760256 0.540705 0.725641 0.575321 0.703846 0.591987 0.6769229999999999 0.627885 0.673718 0.648397 0.6923079999999999 0.66891 0.7173080000000001 0.626603 0.732051 0.629167 0.736538 0.650962 0.732051 0.767628 0.719231 0.781731 0.682051 0.783013 0.6583330000000001 0.781731 0.639744 0.735577 0.583974 0.694551 0.6153850000000001 0.585577 0.65 0.598397 0.66859 0.533013 0.763462 0.475321
0 0.951282 0.993269 0.937821 0.927885 0.917308 0.867628 0.900641 0.847115 0.850641 0.853526 0.810256 0.863782 0.814103 0.908654 0.814103 0.954808 0.778846 0.963782 0.727564 0.997115
0 0.997436 0.613782 0.973077 0.644551 0.960897 0.683013 0.942308 0.7625 0.95 0.820192 0.997436 0.877885
0 0.996795 0.372756 0.989103 0.381731 0.978846 0.363782 0.980128 0.317628 0.970513 0.266346 0.9666669999999999 0.257372 0.932692 0.240705 0.932051 0.270192 0.921795 0.272756 0.914744 0.234295 0.9096150000000001 0.198397 0.895513 0.147115 0.878205 0.190705 0.855769 0.195833 0.833333 0.197115 0.816667 0.189423 0.810897 0.007372 0.996154 0.00609
0 0.414103 0.636859 0.44166700000000003 0.671474 0.461538 0.703526 0.482692 0.724038 0.439103 0.838141 0.40705100000000005 0.865064 0.376923 0.870192 0.348718 0.799679 0.35641 0.730449 0.38205100000000003 0.661218 0.391026 0.643269
0 0.623077 0.767628 0.635256 0.831731 0.66859 0.871474 0.6801280000000001 0.959936 0.689103 0.991987 0.376923 0.994551 0.38525600000000004 0.944551 0.41217899999999996 0.939423 0.44487200000000005 0.903526 0.460897 0.86891 0.5121789999999999 0.86891 0.541667 0.902244 0.563462 0.935577 0.579487 0.947115 0.586538 0.902244 0.570513 0.858654 0.564744 0.815064 0.570513 0.780449 0.603846 0.771474
0 0.055127999999999955 0.753526 0.08846200000000004 0.802244 0.08269199999999999 0.858654 0.07564099999999996 0.875321 0.05384599999999995 0.883013 0.03717899999999996 0.872756 0.021154000000000006 0.843269 0.025000000000000022 0.791987
0 0.17307700000000004 0.899679 0.18717899999999998 0.939423 0.18333299999999997 0.984295 0.18205099999999996 0.997115 0.128205 0.990705 0.13333300000000003 0.95609 0.14359 0.920192
0 0.007692000000000032 0.890705 0.01474399999999998 0.936859 0.017948999999999993 0.967628 0.012820999999999971 0.991987 0.0032050000000000134 0.991987 0.004487000000000019 0.90609