0 0.13461500000000004 0.467628 0.18397399999999997 0.489423 0.232692 0.515064 0.23974399999999996 0.511218 0.251923 0.550962 0.272436 0.570192 0.271795 0.590705 0.269872 0.613782 0.292308 0.663782 0.28333299999999995 0.704808 0.25641 0.679167 0.22307699999999997 0.627885 0.21346200000000004 0.634295 0.16025599999999995 0.627885 0.11474399999999996 0.635577 0.10705100000000001 0.652244 0.105128 0.6125 0.13269200000000003 0.486859
0 0.06666700000000003 0.645833 0.10897400000000002 0.731731 0.13461500000000004 0.816346 0.11217900000000003 0.850962 0.07179500000000005 0.872756 0.06666700000000003 0.829167 0.085897 0.770192 0.05320499999999995 0.694551 0.03397399999999995 0.715064 0.018589999999999995 0.750962 0.007692000000000032 0.774038 0.008333000000000035 0.683013 0.027564000000000033 0.630449 0.05897399999999997 0.634295
0 0.13782099999999997 0.126603 0.19615400000000005 0.199679 0.15064100000000002 0.213782 0.13525600000000004 0.231731 0.126923 0.254808 0.08205099999999999 0.208654 0.10961500000000002 0.170192 0.12243599999999999 0.140705 0.12884600000000002 0.121474
0 0.647436 0.013782 0.626923 0.041987 0.61859 0.067628 0.5769230000000001 0.052244 0.572436 0.088141 0.5673079999999999 0.104808 0.544231 0.098397 0.517949 0.098397 0.505128 0.199679 0.478846 0.20609 0.457692 0.136859 0.45320499999999997 0.070192 0.45064099999999996 0.00609 0.641667 0.007372
0 0.6576919999999999 0.266346 0.6583330000000001 0.335577 0.677564 0.3625 0.695513 0.4125 0.707692 0.436859 0.6596150000000001 0.479167 0.649359 0.479167 0.64359 0.502244 0.63141 0.535577 0.649359 0.584295 0.676282 0.615064 0.670513 0.707372 0.664744 0.722756 0.630769 0.752244 0.638462 0.641987 0.607051 0.630449 0.5961540000000001 0.604808 0.586538 0.533013 0.582692 0.497115 0.5660259999999999 0.481731 0.535256 0.407372 0.5730770000000001 0.375321 0.607051 0.421474 0.619231 0.384295 0.623718 0.311218 0.628846 0.20609 0.650641 0.244551
0 0.995513 0.093269 0.939103 0.095833 0.89359 0.104808 0.866026 0.115064 0.869872 0.143269 0.877564 0.166346 0.851282 0.181731 0.8038460000000001 0.284295 0.7993589999999999 0.333013 0.816667 0.370192 0.826282 0.411218 0.844231 0.452244 0.847436 0.386859 0.876282 0.334295 0.905769 0.270192 0.916026 0.243269 0.941667 0.247115 0.962179 0.231731 0.985897 0.185577 0.995513 0.167628 0.991667 0.130449
0 0.786538 0.400962 0.8006409999999999 0.436859 0.807051 0.435577 0.821795 0.481731 0.814744 0.493269 0.796795 0.509936 0.7826919999999999 0.533013 0.769872 0.525321 0.769231 0.458654 0.759615 0.404808 0.759615 0.395833 0.7814099999999999 0.385577
0 0.801282 0.549679 0.802564 0.595833 0.795513 0.648397 0.780769 0.667628 0.758333 0.657372 0.7403850000000001 0.633013 0.735897 0.602244 0.741026 0.574038 0.7826919999999999 0.561218
0 0.560897 0.557372 0.514744 0.567628 0.49230799999999997 0.547115 0.45384599999999997 0.497115 0.42243600000000003 0.435577 0.399359 0.417628 0.398718 0.443269 0.392308 0.5625 0.38782099999999997 0.627885 0.42371800000000004 0.641987 0.5275639999999999 0.691987 0.554487 0.677885 0.5673079999999999 0.643269 0.5743590000000001 0.591987
0 0.355128 0.308654 0.36217900000000003 0.371474 0.378846 0.435577 0.369231 0.472756 0.369231 0.559936 0.36666699999999997 0.586859 0.36474399999999996 0.594551 0.30512799999999995 0.533013 0.288462 0.526603 0.276282 0.479167 0.28653799999999996 0.404808 0.30064100000000005 0.35609 0.32499999999999996 0.335577 0.335256 0.307372
0 0.48717900000000003 0.739423 0.517308 0.802244 0.517949 0.816346 0.499359 0.852244 0.46538500000000005 0.853526 0.43269199999999997 0.802244 0.43076899999999996 0.748397 0.462179 0.720192 0.484615 0.722756
0 0.626923 0.791987 0.660256 0.850962 0.655769 0.876603 0.642949 0.925321 0.660256 0.949679 0.6788460000000001 0.986859 0.591026 0.950962 0.5589740000000001 0.947115 0.565385 0.877885 0.582692 0.795833 0.608333 0.797115
0 0.7993589999999999 0.911218 0.830769 0.9625 0.8391029999999999 0.990705 0.75641 0.994551 0.764103 0.961218 0.7801279999999999 0.938141 0.787179 0.921474
0 0.7173080000000001 0.875321 0.742308 0.913782 0.747436 0.940705 0.707051 0.954808 0.7032050000000001 0.930449 0.711538 0.895833
0 0.460897 0.979167 0.420513 0.929167 0.40384600000000004 0.917628 0.389744 0.952244 0.390385 0.965064 0.376923 0.986859 0.45641 0.994551
0 0.896795 0.46891 0.925 0.516346 0.952564 0.608654 0.9288460000000001 0.621474 0.888462 0.588141 0.857692 0.56891 0.846795 0.545833 0.892949 0.491987 0.892949 0.457372