0 0.849359 0.00609 0.878846 0.061218 0.888462 0.130449 0.898718 0.159936 0.917949 0.190705 0.932692 0.241987 0.939744 0.275321 0.94359 0.329167 0.954487 0.347115 0.985897 0.344551 0.998718 0.339423 0.995513 0.476603 0.98141 0.50609 0.974359 0.545833 0.962821 0.558654 0.932051 0.572756 0.901282 0.526603 0.883974 0.493269 0.871795 0.435577 0.870513 0.383013 0.85641 0.325321 0.852564 0.275321 0.863462 0.26891 0.858333 0.244551 0.8448720000000001 0.2125 0.835256 0.235577 0.814103 0.190705 0.798077 0.175321 0.783974 0.126603 0.777564 0.077885 0.7833330000000001 0.004808
0 0.716026 0.16891 0.7128209999999999 0.235577 0.7032050000000001 0.277885 0.6993590000000001 0.321474 0.701282 0.344551 0.707051 0.354808 0.726923 0.308654 0.732051 0.272756 0.744872 0.358654 0.727564 0.416346 0.710256 0.374038 0.6948719999999999 0.476603 0.720513 0.498397 0.725641 0.530449 0.6910259999999999 0.595833 0.6608970000000001 0.631731 0.632692 0.633013 0.607692 0.611218 0.596795 0.559936 0.596795 0.507372 0.595513 0.450962 0.5948720000000001 0.399679 0.5974360000000001 0.386859 0.646795 0.411218 0.669872 0.386859 0.6717949999999999 0.311218 0.671154 0.277885 0.644231 0.250962 0.612179 0.299679 0.603846 0.298397 0.589744 0.257372 0.586538 0.204808 0.605128 0.181731 0.626282 0.193269 0.6371789999999999 0.195833 0.646154 0.190705 0.657051 0.1625 0.640385 0.138141 0.669231 0.121474 0.6935899999999999 0.120192 0.7166669999999999 0.152244
0 0.6166670000000001 0.036859 0.6128210000000001 0.103526 0.614744 0.176603 0.592949 0.199679 0.564103 0.239423 0.546154 0.261218 0.48782099999999995 0.243269 0.48910299999999995 0.2125 0.502564 0.158654 0.498077 0.120192 0.50641 0.06891 0.539103 0.113782 0.54359 0.116346 0.544231 0.065064 0.546154 0.030449 0.554487 0.004808 0.601923 0.007372
0 0.495513 0.011218 0.504487 0.054808 0.485256 0.117628 0.476282 0.126603 0.440385 0.145833 0.40256400000000003 0.154808 0.357692 0.171474 0.34358999999999995 0.104808 0.34423099999999995 0.0625 0.369231 0.044551 0.395513 0.004808 0.486538 0.00609
0 0.360897 0.249679 0.371795 0.274038 0.38653800000000005 0.295833 0.38205100000000003 0.326603 0.373077 0.374038 0.373718 0.41891 0.34807699999999997 0.450962 0.335897 0.477885 0.32564099999999996 0.548397 0.32756399999999997 0.570192 0.30576899999999996 0.603526 0.30064100000000005 0.597115 0.310897 0.557372 0.32243599999999994 0.513782 0.32564099999999996 0.471474 0.310256 0.465064 0.294231 0.470192 0.275 0.436859 0.287821 0.375321 0.30833299999999997 0.350962 0.32884599999999997 0.338141 0.33846200000000004 0.270192 0.34743599999999997 0.249679
0 0.06794900000000004 0.177885 0.09423099999999995 0.208654 0.12051299999999998 0.200962 0.10833300000000001 0.258654 0.09038500000000005 0.284295 0.07948699999999997 0.302244 0.04359000000000002 0.225321 0.042949000000000015 0.21891 0.025641000000000025 0.248397 0.0032050000000000134 0.26891 0.0032050000000000134 0.102244 0.018589999999999995 0.139423 0.039103 0.135577 0.07115400000000005 0.089423 0.07756399999999997 0.133013 0.06666700000000003 0.161218
0 0.08846200000000004 0.553526 0.146795 0.600962 0.17115400000000003 0.650962 0.142949 0.707372 0.13397400000000004 0.733013 0.11153800000000003 0.753526 0.10769200000000001 0.722756 0.10769200000000001 0.707372 0.05192300000000005 0.70609 0.008974000000000038 0.713782 0.0032050000000000134 0.703526 0.005128000000000021 0.5625 0.03653799999999996 0.559936 0.060255999999999976 0.571474 0.08012799999999998 0.548397
0 0.20384599999999997 0.371474 0.24551299999999998 0.425321 0.24423099999999998 0.438141 0.233333 0.471474 0.21858999999999995 0.46891 0.19807699999999995 0.439423 0.18269199999999997 0.417628 0.15897399999999995 0.415064 0.18333299999999997 0.377885
0 0.501282 0.577885 0.523718 0.620192 0.552564 0.654808 0.560256 0.695833 0.575 0.735577 0.587179 0.771474 0.580769 0.807372 0.537821 0.894551 0.528205 0.927885 0.517949 0.970192 0.505128 0.993269 0.416667 0.989423 0.42435900000000004 0.925321 0.45320499999999997 0.9125 0.474359 0.916346 0.49166699999999997 0.904808 0.501923 0.858654 0.494231 0.803526 0.46858999999999995 0.731731 0.44871799999999995 0.704808 0.42307700000000004 0.640705 0.43205099999999996 0.600962 0.44679500000000005 0.583013 0.476282 0.570192
0 0.817949 0.55609 0.833333 0.597115 0.845513 0.630449 0.8628210000000001 0.630449 0.852564 0.703526 0.833333 0.740705 0.817308 0.7625 0.7846150000000001 0.772756 0.76859 0.744551 0.760256 0.685577 0.778205 0.667628 0.813462 0.66891 0.814103 0.621474 0.8019229999999999 0.611218 0.777564 0.620192 0.766026 0.639423 0.744872 0.611218 0.735256 0.56891 0.741026 0.552244 0.777564 0.540705 0.807692 0.540705 0.8243590000000001 0.55609
0 0.987821 0.622756 0.975 0.629167 0.969231 0.635577 0.952564 0.629167 0.937179 0.633013 0.922436 0.650962 0.901282 0.649679 0.869231 0.676603 0.905128 0.683013 0.914103 0.720192 0.9096150000000001 0.731731 0.878205 0.774038 0.871795 0.799679 0.89359 0.840705 0.917308 0.833013 0.942308 0.793269 0.945513 0.767628 0.974359 0.766346 0.996154 0.740705 0.992949 0.636859
0 0.867308 0.876603 0.878205 0.924038 0.878205 0.95609 0.875641 0.977885 0.863462 0.991987 0.8391029999999999 0.988141 0.816667 0.979167 0.805769 0.984295 0.833974 0.91891 0.839744 0.875321 0.8435900000000001 0.8625
0 0.741026 0.774038 0.764744 0.885577 0.7826919999999999 0.883013 0.778846 0.952244 0.771154 0.975321 0.76859 0.989423 0.686538 0.991987 0.708974 0.95609 0.7185900000000001 0.909936 0.6993590000000001 0.884295 0.684615 0.939423 0.679487 0.981731 0.6525639999999999 0.941987 0.627564 0.925321 0.6320509999999999 0.850962 0.682051 0.809936 0.7185900000000001 0.771474
0 0.5782050000000001 0.953526 0.5935900000000001 0.975321 0.5903849999999999 0.991987 0.54359 0.991987 0.535256 0.96891 0.559615 0.953526
0 0.30000000000000004 0.815064 0.34166700000000005 0.803526 0.353205 0.865064 0.31987200000000005 0.888141 0.30640999999999996 0.895833 0.28012800000000004 0.871474 0.27756400000000003 0.820192
0 0.13397400000000004 0.811218 0.11474399999999996 0.85609 0.13525600000000004 0.861218 0.162821 0.829167 0.17115400000000003 0.811218 0.18205099999999996 0.895833 0.17243600000000003 0.924038 0.164103 0.965064 0.13910299999999998 0.940705 0.126923 0.915064 0.10833300000000001 0.930449 0.08333299999999999 0.948397 0.05640999999999996 0.916346 0.042949000000000015 0.858654 0.05640999999999996 0.826603 0.08333299999999999 0.835577 0.10192299999999999 0.833013 0.11987199999999998 0.803526 0.142308 0.780449