0 0.14102599999999998 0.01891 0.13910299999999998 0.085577 0.15705100000000005 0.180449 0.11474399999999996 0.226603 0.09358999999999995 0.224038 0.07692299999999996 0.176603 0.07307699999999995 0.013782 0.126282 0.007372
0 0.40512800000000004 0.015064 0.457051 0.094551 0.48910299999999995 0.131731 0.49359 0.184295 0.44166700000000003 0.204808 0.38589700000000005 0.185577 0.33910300000000004 0.150962 0.287821 0.077885 0.266667 0.076603 0.22115399999999996 0.067628 0.210897 0.05609 0.19679500000000005 0.00609 0.388462 0.020192
0 0.705769 0.015064 0.739744 0.045833 0.7378210000000001 0.104808 0.757692 0.143269 0.710897 0.194551 0.6910259999999999 0.211218 0.6608970000000001 0.209936 0.641667 0.147115 0.639103 0.091987 0.639103 0.061218 0.6583330000000001 0.039423 0.683333 0.033013 0.698718 0.021474
0 0.8403849999999999 0.140705 0.855769 0.222756 0.846795 0.295833 0.902564 0.333013 0.917308 0.352244 0.88141 0.409936 0.846154 0.361218 0.821795 0.293269 0.796154 0.195833 0.792949 0.157372 0.833974 0.133013
0 0.438462 0.272756 0.44615400000000005 0.313782 0.47243599999999997 0.334295 0.50641 0.340705 0.5493589999999999 0.404808 0.546154 0.430449 0.530769 0.463782 0.49294899999999997 0.476603 0.483974 0.458654 0.484615 0.426603 0.46474400000000005 0.436859 0.46282100000000004 0.503526 0.44551300000000005 0.572756 0.44871799999999995 0.608654 0.42307700000000004 0.624038 0.40256400000000003 0.593269 0.392308 0.629167 0.38205100000000003 0.581731 0.358333 0.5125 0.353846 0.397115 0.264103 0.46891 0.253205 0.533013 0.271795 0.658654 0.248077 0.825321 0.208974 0.988141 0.17692300000000005 0.981731 0.16794900000000001 0.872756 0.17051300000000003 0.797115 0.17756400000000006 0.708654 0.16153799999999996 0.652244 0.15512800000000004 0.653526 0.13461500000000004 0.734295 0.07179500000000005 0.672756 0.05833299999999997 0.600962 0.05064100000000005 0.536859 0.08205099999999999 0.463782 0.17243600000000003 0.389423 0.210256 0.434295 0.22628199999999998 0.420192 0.30705099999999996 0.371474 0.360256 0.283013 0.41217899999999996 0.277885
0 0.371795 0.589423 0.396795 0.638141 0.380128 0.70609 0.378205 0.727885 0.351923 0.725321 0.357692 0.75609 0.336538 0.736859 0.32499999999999996 0.683013 0.34551299999999996 0.636859
0 0.539103 0.679167 0.561538 0.667628 0.5589740000000001 0.700962 0.5538460000000001 0.738141 0.5711539999999999 0.759936 0.5756410000000001 0.797115 0.5673079999999999 0.830449 0.560256 0.847115 0.541026 0.865064 0.516667 0.839423 0.495513 0.800962 0.46602600000000005 0.752244 0.503846 0.695833 0.5275639999999999 0.677885
0 0.689103 0.480449 0.710256 0.539423 0.6993590000000001 0.563782 0.705128 0.626603 0.7185900000000001 0.670192 0.705769 0.699679 0.678205 0.674038 0.660256 0.636859 0.649359 0.585577 0.641667 0.548397 0.637821 0.467628 0.662821 0.488141
0 0.81859 0.394551 0.838462 0.435577 0.830128 0.463782 0.814103 0.474038 0.789744 0.453526 0.797436 0.409936 0.809615 0.391987
0 0.989744 0.495833 0.950641 0.490705 0.91859 0.489423 0.907051 0.539423 0.9288460000000001 0.576603 0.929487 0.598397 0.960256 0.611218 0.983974 0.603526 0.996795 0.56891 0.998077 0.511218
0 0.991667 0.216346 0.955128 0.181731 0.9480770000000001 0.147115 0.982692 0.127885 0.994872 0.130449 0.998718 0.208654
0 0.785256 0.76891 0.815385 0.777885 0.814103 0.854808 0.812821 0.893269 0.807692 0.966346 0.820513 0.986859 0.704487 0.998397 0.689103 0.959936 0.6948719999999999 0.909936 0.755769 0.820192 0.760256 0.785577 0.76859 0.754808 0.7801279999999999 0.761218
0 0.495513 0.922756 0.44807699999999995 0.845833 0.42628200000000005 0.834295 0.396154 0.811218 0.372436 0.816346 0.35641 0.874038 0.335256 0.967628 0.315385 0.986859 0.476923 0.997115 0.48717900000000003 0.958654 0.5 0.934295
0 0.03141000000000005 0.235577 0.07051300000000005 0.249679 0.09102600000000005 0.303526 0.08269199999999999 0.381731 0.050000000000000044 0.315064 0.019872 0.320192 0.0025640000000000107 0.288141 0.0025640000000000107 0.239423