0 0.09999999999999998 0.149679 0.09807699999999997 0.213782 0.07499999999999996 0.284295 0.06153799999999998 0.298397 0.05640999999999996 0.311218 0.05320499999999995 0.357372 0.027564000000000033 0.367628 0.004487000000000019 0.380449 0.012179000000000051 0.284295 0.016025999999999985 0.294551 0.02692300000000003 0.259936 0.02243600000000001 0.233013 0.003846000000000016 0.197115 0.004487000000000019 0.140705 0.02692300000000003 0.158654 0.04679500000000003 0.166346 0.060255999999999976 0.183013 0.07115400000000005 0.175321 0.07884599999999997 0.159936 0.09294899999999995 0.147115
0 0.523718 0.015064 0.5326919999999999 0.052244 0.5333330000000001 0.154808 0.5108969999999999 0.1625 0.484615 0.198397 0.46474400000000005 0.224038 0.458974 0.224038 0.437821 0.148397 0.43205099999999996 0.093269 0.42307700000000004 0.040705 0.420513 0.008654 0.5121789999999999 0.003526
0 0.847436 0.008654 0.851282 0.061218 0.847436 0.11891 0.8628210000000001 0.124038 0.894872 0.109936 0.880769 0.150962 0.867308 0.229167 0.855128 0.286859 0.857692 0.30609 0.862179 0.359936 0.860256 0.394551 0.857051 0.426603 0.874359 0.483013 0.895513 0.507372 0.917308 0.51891 0.955128 0.580449 0.905769 0.674038 0.869231 0.676603 0.846154 0.636859 0.8198719999999999 0.617628 0.8 0.636859 0.762821 0.65609 0.745513 0.634295 0.753846 0.574038 0.735897 0.503526 0.7032050000000001 0.559936 0.703846 0.616346 0.704487 0.638141 0.6730769999999999 0.700962 0.6538459999999999 0.726603 0.633974 0.799679 0.587179 0.81891 0.561538 0.763782 0.567949 0.722756 0.614744 0.640705 0.6564099999999999 0.567628 0.6371789999999999 0.540705 0.610256 0.565064 0.562821 0.586859 0.54359 0.585577 0.553205 0.491987 0.616026 0.450962 0.646795 0.321474 0.671154 0.267628 0.708333 0.324038 0.752564 0.390705 0.778205 0.377885 0.782051 0.376603 0.782051 0.308654 0.774359 0.2625 0.724359 0.163782 0.723077 0.093269 0.737179 0.022756 0.769872 0.038141 0.789744 0.043269 0.775641 0.004808
0 0.5326919999999999 0.31891 0.525641 0.302244 0.496154 0.30609 0.485256 0.327885 0.46987199999999996 0.329167 0.474359 0.371474 0.500641 0.425321 0.523718 0.430449 0.525 0.408654 0.5314099999999999 0.345833
0 0.232051 0.50609 0.24102599999999996 0.55609 0.28333299999999995 0.577885 0.28589699999999996 0.531731 0.337179 0.541987 0.29359 0.624038 0.29935900000000004 0.648397 0.34038500000000005 0.695833 0.360256 0.700962 0.330128 0.761218 0.31730800000000003 0.786859 0.289103 0.772756 0.24166699999999997 0.741987 0.18782100000000002 0.748397 0.19102600000000003 0.697115 0.21538500000000005 0.627885 0.21730799999999995 0.554808 0.21346200000000004 0.522756 0.22435899999999998 0.495833
0 0.11987199999999998 0.494551 0.126282 0.529167 0.142308 0.549679 0.15576900000000005 0.517628 0.17307700000000004 0.517628 0.164103 0.566346 0.16923100000000002 0.593269 0.13910299999999998 0.621474 0.12884600000000002 0.667628 0.13846199999999997 0.689423 0.09743599999999997 0.688141 0.08782100000000004 0.654808 0.084615 0.598397 0.08269199999999999 0.498397 0.10256399999999999 0.511218
0 0.016666999999999987 0.429167 0.04102600000000001 0.453526 0.02435900000000002 0.507372 0.02692300000000003 0.530449 0.027564000000000033 0.550962 0.004487000000000019 0.576603 0.003846000000000016 0.440705
0 0.12115399999999998 0.925321 0.19102600000000003 0.947115 0.20384599999999997 0.991987 0.05128200000000005 0.993269 0.06346200000000002 0.9625 0.08910300000000004 0.949679 0.10705100000000001 0.934295
0 0.992949 0.490705 0.9673080000000001 0.454808 0.946795 0.438141 0.950641 0.374038 0.958974 0.371474 0.976282 0.36891 0.998077 0.350962 0.995513 0.46891
0 0.996795 0.589423 0.967949 0.580449 0.947436 0.635577 0.946154 0.644551 0.957692 0.676603 0.953846 0.704808 0.930128 0.748397 0.9064099999999999 0.772756 0.888462 0.858654 0.88141 0.865064 0.885897 0.915064 0.900641 0.920192 0.929487 0.850962 0.96859 0.758654 0.998077 0.731731
0 0.826923 0.681731 0.842949 0.71891 0.854487 0.745833 0.8448720000000001 0.76891 0.832051 0.790705 0.8198719999999999 0.784295 0.8 0.75609 0.773718 0.761218 0.764103 0.774038 0.757692 0.748397 0.761538 0.724038 0.785256 0.708654 0.796795 0.713782 0.7993589999999999 0.690705 0.80641 0.650962 0.811538 0.648397 0.821795 0.672756
0 0.842949 0.986859 0.827564 0.924038 0.8006409999999999 0.915064 0.755128 0.941987 0.6935899999999999 0.994551 0.830769 0.990705