0 0.32307699999999995 0.00609 0.31794900000000004 0.041987 0.29807700000000004 0.071474 0.274359 0.074038 0.23974399999999996 0.05609 0.246795 0.127885 0.20448699999999997 0.144551 0.18589699999999998 0.136859 0.18012799999999995 0.103526 0.16923100000000002 0.002244
0 0.74359 0.008654 0.689744 0.085577 0.661538 0.134295 0.624359 0.088141 0.603205 0.007372
0 0.5948720000000001 0.088141 0.60641 0.131731 0.614744 0.174038 0.6141030000000001 0.200962 0.607692 0.284295 0.578846 0.304808 0.552564 0.315064 0.562179 0.239423 0.5576920000000001 0.216346 0.524359 0.21891 0.516026 0.211218 0.46858999999999995 0.145833 0.462179 0.115064 0.43012799999999995 0.076603 0.40576900000000005 0.034295 0.39359 0.004808 0.552564 0.009936 0.552564 0.054808 0.589744 0.080449
0 0.879487 0.379167 0.898077 0.421474 0.8871789999999999 0.529167 0.826923 0.571474 0.753846 0.607372 0.714744 0.565064 0.6826920000000001 0.538141 0.657051 0.509936 0.645513 0.470192 0.663462 0.408654 0.708974 0.359936 0.730128 0.325321 0.766667 0.304808 0.808974 0.30609 0.822436 0.329167 0.8448720000000001 0.370192 0.86859 0.388141
0 0.626282 0.36891 0.6346149999999999 0.441987 0.63141 0.51891 0.6179490000000001 0.566346 0.588462 0.590705 0.5519229999999999 0.622756 0.51859 0.570192 0.503846 0.544551 0.521154 0.493269 0.532051 0.439423 0.58141 0.370192 0.61859 0.361218
0 0.998718 0.113782 0.990385 0.143269 0.967949 0.136859 0.946154 0.127885 0.930128 0.097115 0.914103 0.158654 0.916667 0.20609 0.913462 0.307372 0.907051 0.359936 0.915385 0.408654 0.998718 0.495833
0 0.207692 0.195833 0.21794899999999995 0.30609 0.24358999999999997 0.427885 0.270513 0.467628 0.30512799999999995 0.465064 0.294872 0.538141 0.28717899999999996 0.544551 0.266026 0.548397 0.24102599999999996 0.539423 0.21730799999999995 0.453526 0.17564100000000005 0.399679 0.17243600000000003 0.334295 0.15064100000000002 0.2625 0.145513 0.185577 0.18140999999999996 0.191987
0 0.07179500000000005 0.002244 0.07820499999999997 0.103526 0.09102600000000005 0.15609 0.09551299999999996 0.174038 0.06346200000000002 0.177885 0.04679500000000003 0.190705 0.017948999999999993 0.004808
0 0.04230800000000001 0.589423 0.084615 0.641987 0.07756399999999997 0.716346 0.06538500000000003 0.744551 0.039744 0.771474 0.008333000000000035 0.791987 0.0070510000000000295 0.636859
0 0.17243600000000003 0.80609 0.19294900000000004 0.853526 0.20064099999999996 0.886859 0.21923099999999995 0.931731 0.209615 0.965064 0.16217899999999996 0.990705 0.03461499999999995 0.994551 0.03717899999999996 0.941987 0.084615 0.883013 0.09038500000000005 0.917628 0.09551299999999996 0.931731 0.125641 0.934295 0.126282 0.899679 0.12179499999999999 0.850962 0.13461500000000004 0.834295
0 0.485897 0.336859 0.484615 0.417628 0.47243599999999997 0.440705 0.45064099999999996 0.439423 0.40961499999999995 0.377885 0.40512800000000004 0.354808 0.435897 0.321474 0.45256399999999997 0.359936 0.460256 0.366346 0.476282 0.334295
0 0.48910299999999995 0.840705 0.526923 0.866346 0.519231 0.890705 0.502564 0.921474 0.47307699999999997 0.957372 0.44230800000000003 0.970192 0.440385 0.921474 0.44999999999999996 0.874038 0.457692 0.838141 0.48910299999999995 0.824038
0 0.30705099999999996 0.717628 0.314744 0.741987 0.330769 0.738141 0.335897 0.789423 0.32499999999999996 0.811218 0.31666700000000003 0.826603 0.30320499999999995 0.835577 0.28076900000000005 0.824038 0.270513 0.791987 0.272436 0.758654 0.295513 0.704808
0 0.013461999999999974 0.283013 0.026282000000000028 0.334295 0.025641000000000025 0.383013 0.0025640000000000107 0.448397 0.0025640000000000107 0.283013