0 0.941667 0.009936 0.935897 0.052244 0.914103 0.090705 0.900641 0.086859 0.879487 0.065064 0.866667 0.040705 0.86859 0.008654
0 0.996154 0.254808 0.982051 0.248397 0.960256 0.231731 0.953205 0.249679 0.958333 0.290705 0.964744 0.324038 0.976282 0.349679 0.996154 0.371474
0 0.930128 0.225321 0.942949 0.266346 0.95 0.295833 0.932051 0.315064 0.925 0.359936 0.912821 0.372756 0.891026 0.3625 0.879487 0.344551 0.862179 0.30609 0.8435900000000001 0.285577 0.837179 0.252244 0.855128 0.229167 0.871154 0.190705 0.878846 0.240705 0.892949 0.241987 0.917308 0.235577
0 0.771795 0.084295 0.778205 0.138141 0.773077 0.184295 0.7608969999999999 0.227885 0.758974 0.258654 0.7378210000000001 0.259936 0.734615 0.288141 0.751923 0.285577 0.764744 0.298397 0.744872 0.340705 0.733974 0.358654 0.705769 0.359936 0.684615 0.344551 0.6814100000000001 0.259936 0.698718 0.248397 0.701282 0.21891 0.698718 0.195833 0.717949 0.176603 0.7006410000000001 0.1625 0.70641 0.129167 0.7153849999999999 0.093269 0.748077 0.077885 0.765385 0.083013
0 0.583974 0.007372 0.5743590000000001 0.034295 0.569231 0.094551 0.551282 0.100962 0.540385 0.086859 0.525641 0.053526 0.5121789999999999 0.026603 0.5070509999999999 0.003526
0 0.514744 0.139423 0.521154 0.191987 0.546154 0.243269 0.5660259999999999 0.25609 0.567949 0.3125 0.5589740000000001 0.35609 0.5371790000000001 0.383013 0.501923 0.411218 0.49294899999999997 0.434295 0.477564 0.453526 0.43397399999999997 0.413782 0.416667 0.372756 0.396154 0.331731 0.389103 0.302244 0.376923 0.277885 0.349359 0.279167 0.32243599999999994 0.247115 0.30448699999999995 0.236859 0.291667 0.244551 0.28205100000000005 0.189423 0.28653799999999996 0.147115 0.30769199999999997 0.154808 0.332692 0.1625 0.336538 0.115064 0.354487 0.091987 0.359615 0.044551 0.370513 0.020192 0.38333300000000003 0.009936 0.39359 0.00609 0.44871799999999995 0.003526 0.42628200000000005 0.049679 0.419872 0.090705 0.416026 0.135577 0.43333299999999997 0.154808 0.459615 0.161218 0.47243599999999997 0.141987 0.496154 0.131731
0 0.17628200000000005 0.033013 0.19423100000000004 0.072756 0.210256 0.081731 0.22499999999999998 0.05609 0.23910299999999995 0.093269 0.20576899999999998 0.11891 0.19935899999999995 0.144551 0.20576899999999998 0.166346 0.18589699999999998 0.193269 0.15897399999999995 0.245833 0.14359 0.258654 0.11089700000000002 0.280449 0.09935899999999998 0.272756 0.086538 0.222756 0.07435899999999995 0.204808 0.084615 0.148397 0.105769 0.10609 0.13397400000000004 0.065064 0.11923099999999998 0.004808 0.164744 0.004808 0.16794900000000001 0.030449
0 0.10705100000000001 0.007372 0.10833300000000001 0.048397 0.104487 0.06891 0.09743599999999997 0.081731 0.07115400000000005 0.107372 0.04230800000000001 0.124038 0.019230999999999998 0.141987 0.0025640000000000107 0.120192 0.0025640000000000107 0.008654
0 0.23846199999999995 0.307372 0.26153800000000005 0.334295 0.27756400000000003 0.357372 0.25833300000000003 0.394551 0.267308 0.426603 0.273718 0.443269 0.26153800000000005 0.471474 0.24551299999999998 0.486859 0.230769 0.499679 0.230769 0.4625 0.207692 0.413782 0.20320499999999997 0.434295 0.19230800000000003 0.448397 0.18782100000000002 0.435577 0.19999999999999996 0.397115 0.19743599999999994 0.377885 0.17628200000000005 0.381731 0.16859000000000002 0.376603 0.18589699999999998 0.344551 0.19294900000000004 0.324038 0.21538500000000005 0.304808
0 0.546154 0.620192 0.55 0.635577 0.563462 0.631731 0.570513 0.649679 0.564103 0.674038 0.552564 0.721474 0.553205 0.733013 0.5506409999999999 0.763782 0.541026 0.797115 0.539744 0.847115 0.522436 0.871474 0.513462 0.886859 0.496154 0.877885 0.48846199999999995 0.85609 0.458974 0.830449 0.45320499999999997 0.836859 0.44743599999999994 0.861218 0.434615 0.877885 0.419231 0.852244 0.42371800000000004 0.776603 0.419231 0.743269 0.401282 0.704808 0.38461500000000004 0.689423 0.380128 0.652244 0.40833299999999995 0.61891 0.437179 0.611218 0.46282100000000004 0.6125 0.46794899999999995 0.597115 0.485256 0.611218 0.508974 0.613782 0.524359 0.627885
0 0.886538 0.467628 0.891667 0.488141 0.9064099999999999 0.498397 0.895513 0.553526 0.875 0.597115 0.860897 0.608654 0.842949 0.584295 0.842949 0.522756 0.848077 0.484295 0.866667 0.470192
0 0.789744 0.490705 0.779487 0.533013 0.776282 0.566346 0.7846150000000001 0.565064 0.812821 0.552244 0.826282 0.563782 0.833333 0.609936 0.828846 0.647115 0.812179 0.677885 0.8 0.716346 0.789103 0.731731 0.767949 0.713782 0.751282 0.667628 0.745513 0.641987 0.7211540000000001 0.654808 0.714744 0.622756 0.7153849999999999 0.598397 0.702564 0.583013 0.728205 0.525321 0.728205 0.502244 0.7429490000000001 0.485577 0.750641 0.504808 0.76859 0.477885 0.790385 0.46891
0 0.666667 0.440705 0.666667 0.474038 0.667949 0.504808 0.6576919999999999 0.484295 0.6538459999999999 0.529167 0.644231 0.553526 0.635256 0.563782 0.6153850000000001 0.585577 0.612179 0.590705 0.612179 0.540705 0.610897 0.515064 0.594231 0.498397 0.594231 0.467628 0.608974 0.434295 0.6179490000000001 0.420192 0.638462 0.444551 0.649359 0.452244 0.661538 0.430449
0 0.996154 0.871474 0.977564 0.891987 0.946154 0.902244 0.914744 0.91891 0.894231 0.931731 0.89359 0.976603 0.895513 0.993269 0.996795 0.994551
0 0.641026 0.745833 0.644872 0.767628 0.647436 0.790705 0.64359 0.847115 0.639744 0.877885 0.619231 0.839423 0.596795 0.826603 0.5961540000000001 0.804808 0.589744 0.780449 0.5782050000000001 0.752244 0.586538 0.707372 0.595513 0.727885 0.608974 0.752244 0.626923 0.741987
0 0.24230799999999997 0.559936 0.265385 0.598397 0.27884600000000004 0.635577 0.28333299999999995 0.6625 0.289744 0.671474 0.29871800000000004 0.724038 0.310897 0.739423 0.32115400000000005 0.76891 0.34358999999999995 0.799679 0.351923 0.804808 0.351282 0.848397 0.351923 0.891987 0.34038500000000005 0.929167 0.32628199999999996 0.931731 0.30192300000000005 0.936859 0.25769200000000003 0.911218 0.23717900000000003 0.881731 0.22628199999999998 0.839423 0.20384599999999997 0.807372 0.18461499999999997 0.788141 0.14102599999999998 0.709936 0.13589700000000005 0.685577 0.144231 0.643269 0.16794900000000001 0.616346 0.19038500000000003 0.627885 0.20192299999999996 0.600962 0.20640999999999998 0.553526 0.20256399999999997 0.515064 0.21602600000000005 0.557372
0 0.09871799999999997 0.586859 0.09423099999999995 0.640705 0.09102600000000005 0.677885 0.085256 0.711218 0.06859000000000004 0.717628 0.03717899999999996 0.693269 0.021154000000000006 0.650962 0.037820999999999994 0.615064 0.055127999999999955 0.597115 0.08076899999999998 0.585577 0.08910300000000004 0.56891
0 0.7128209999999999 0.870192 0.7211540000000001 0.907372 0.732051 0.899679 0.730769 0.950962 0.720513 0.972756 0.7 0.947115 0.6814100000000001 0.935577 0.663462 0.957372 0.646154 0.958654 0.644231 0.930449 0.669872 0.890705 0.680769 0.86891 0.695513 0.840705
0 0.64359 0.995833 0.6371789999999999 0.961218 0.627564 0.959936 0.619872 0.961218 0.6141030000000001 0.957372 0.599359 0.939423 0.5891029999999999 0.952244 0.584615 0.975321 0.585256 0.994551