0 0.803205 0.01891 0.80641 0.104808 0.796795 0.166346 0.779487 0.209936 0.775641 0.220192 0.725641 0.184295 0.701282 0.140705 0.6576919999999999 0.065064 0.6576919999999999 0.007372 0.796795 0.003526
0 0.505769 0.021474 0.500641 0.063782 0.501923 0.102244 0.474359 0.121474 0.46282100000000004 0.138141 0.458333 0.145833 0.42307700000000004 0.102244 0.419231 0.06891 0.398718 0.007372 0.496154 0.00609
0 0.667308 0.166346 0.697436 0.230449 0.686538 0.295833 0.672436 0.333013 0.664744 0.347115 0.663462 0.385577 0.6814100000000001 0.488141 0.677564 0.517628 0.666667 0.541987 0.65 0.558654 0.635256 0.554808 0.6141030000000001 0.550962 0.60641 0.502244 0.607051 0.46891 0.613462 0.444551 0.596795 0.399679 0.582051 0.363782 0.6141030000000001 0.350962 0.633974 0.354808 0.6346149999999999 0.307372 0.626923 0.276603 0.646795 0.238141 0.660256 0.190705
0 0.48717900000000003 0.253526 0.5083329999999999 0.304808 0.511538 0.381731 0.519231 0.448397 0.495513 0.50609 0.49102599999999996 0.474038 0.44807699999999995 0.430449 0.419231 0.417628 0.41859 0.338141 0.43140999999999996 0.295833 0.44935899999999995 0.233013 0.474359 0.249679
0 0.36410299999999995 0.01891 0.34038500000000005 0.061218 0.36410299999999995 0.157372 0.357051 0.185577 0.332692 0.198397 0.30256400000000006 0.135577 0.287821 0.138141 0.253205 0.211218 0.21794899999999995 0.154808 0.209615 0.124038 0.18076899999999996 0.161218 0.17628200000000005 0.204808 0.13974399999999998 0.245833 0.11089700000000002 0.315064 0.13525600000000004 0.399679 0.125641 0.46891 0.11858999999999997 0.584295 0.07499999999999996 0.638141 0.0025640000000000107 0.704808 0.008333000000000035 0.359936 0.028205000000000036 0.327885 0.02692300000000003 0.234295 0.05128200000000005 0.234295 0.07243599999999994 0.276603 0.08076899999999998 0.209936 0.06859000000000004 0.125321 0.026282000000000028 0.143269 0.0025640000000000107 0.121474 0.0025640000000000107 0.004808 0.359615 0.00609
0 0.28525599999999995 0.411218 0.32628199999999996 0.472756 0.348718 0.558654 0.34807699999999997 0.589423 0.289744 0.638141 0.25769200000000003 0.6125 0.24230799999999997 0.533013 0.23653800000000003 0.488141 0.23910299999999995 0.440705 0.248718 0.430449 0.267949 0.424038
0 0.392949 0.5625 0.42564100000000005 0.608654 0.42500000000000004 0.641987 0.457692 0.688141 0.457692 0.741987 0.45128199999999996 0.75609 0.45256399999999997 0.844551 0.42948699999999995 0.829167 0.39359 0.791987 0.38717900000000005 0.785577 0.380128 0.71891 0.38269200000000003 0.616346 0.376923 0.558654
0 0.990385 0.441987 0.932692 0.399679 0.892949 0.375321 0.873077 0.338141 0.846795 0.313782 0.825 0.309936 0.814103 0.327885 0.746795 0.324038 0.7378210000000001 0.343269 0.726923 0.380449 0.759615 0.408654 0.7814099999999999 0.434295 0.807692 0.434295 0.8628210000000001 0.498397 0.919231 0.547115 0.944231 0.567628 0.995513 0.544551 0.996154 0.461218
0 0.99359 0.675321 0.983333 0.686859 0.964103 0.635577 0.95641 0.626603 0.892949 0.626603 0.863462 0.674038 0.849359 0.709936 0.814744 0.747115 0.755128 0.790705 0.707692 0.785577 0.6608970000000001 0.803526 0.638462 0.839423 0.609615 0.938141 0.619872 0.994551 0.796154 0.994551 0.791667 0.886859 0.829487 0.808654 0.853205 0.781731 0.876923 0.76891 0.89359 0.844551 0.908974 0.889423 0.923718 0.91891 0.960256 0.913782 0.997436 0.877885 0.998077 0.691987
0 0.557051 0.591987 0.570513 0.591987 0.588462 0.566346 0.5916669999999999 0.563782 0.602564 0.659936 0.5782050000000001 0.652244 0.5673079999999999 0.672756 0.5480769999999999 0.658654 0.5346150000000001 0.61891 0.535256 0.604808
0 0.21666700000000005 0.721474 0.310256 0.731731 0.292308 0.786859 0.272436 0.836859 0.269231 0.920192 0.292949 0.974038 0.25897400000000004 0.954808 0.21666700000000005 0.884295 0.18076899999999996 0.894551 0.13589700000000005 0.849679 0.12307699999999999 0.865064 0.12051299999999998 0.959936 0.12179499999999999 0.991987 0.04166700000000001 0.985577 0.033332999999999946 0.924038 0.08205099999999999 0.852244 0.11025600000000002 0.798397 0.13910299999999998 0.744551 0.17307700000000004 0.733013 0.19487200000000005 0.735577