0 0.877564 0.099679 0.891026 0.113782 0.904487 0.122756 0.922436 0.144551 0.939744 0.226603 0.942308 0.272756 0.944231 0.317628 0.91859 0.316346 0.903205 0.283013 0.876282 0.279167 0.822436 0.326603 0.796154 0.3625 0.75 0.338141 0.730128 0.329167 0.6923079999999999 0.335577 0.673718 0.326603 0.667949 0.285577 0.6788460000000001 0.229167 0.719231 0.236859 0.750641 0.270192 0.764103 0.253526 0.778205 0.236859 0.79359 0.202244 0.789103 0.166346 0.787821 0.129167 0.80641 0.122756 0.81859 0.143269 0.827564 0.116346 0.850641 0.097115 0.869872 0.100962
0 0.599359 0.054808 0.601923 0.088141 0.587179 0.10609 0.575 0.161218 0.598077 0.193269 0.6179490000000001 0.217628 0.626923 0.220192 0.6141030000000001 0.263782 0.603846 0.291987 0.588462 0.303526 0.564103 0.308654 0.5371790000000001 0.3125 0.528205 0.3125 0.513462 0.253526 0.49166699999999997 0.199679 0.486538 0.139423 0.485897 0.091987 0.49102599999999996 0.061218 0.519231 0.05609 0.541026 0.027885 0.563462 0.030449 0.5782050000000001 0.047115
0 0.458974 0.039423 0.47243599999999997 0.086859 0.458333 0.136859 0.455128 0.147115 0.42628200000000005 0.152244 0.378205 0.121474 0.371795 0.104808 0.36730799999999997 0.057372 0.380128 0.045833 0.414744 0.045833 0.435256 0.036859 0.44102600000000003 0.026603 0.45320499999999997 0.025321
0 0.16153799999999996 0.008654 0.13782099999999997 0.025321 0.10897400000000002 0.052244 0.10064099999999998 0.0625 0.09038500000000005 0.070192 0.06474400000000002 0.049679 0.05897399999999997 0.049679 0.045513000000000026 0.080449 0.05192300000000005 0.107372 0.04935900000000004 0.121474 0.016666999999999987 0.130449 0.0025640000000000107 0.125321 0.003846000000000016 0.007372
0 0.12307699999999999 0.249679 0.15641000000000005 0.322756 0.16923100000000002 0.347115 0.17435900000000004 0.3625 0.16217899999999996 0.389423 0.12884600000000002 0.395833 0.10705100000000001 0.41891 0.08076899999999998 0.371474 0.06282100000000002 0.349679 0.047436000000000034 0.316346 0.048077000000000036 0.297115 0.08012799999999998 0.275321 0.10897400000000002 0.259936 0.11217900000000003 0.257372
0 0.41025599999999995 0.277885 0.42243600000000003 0.30609 0.42371800000000004 0.334295 0.417308 0.348397 0.417308 0.376603 0.43333299999999997 0.425321 0.43269199999999997 0.449679 0.42243600000000003 0.481731 0.40384600000000004 0.50609 0.38782099999999997 0.527885 0.380128 0.541987 0.36282099999999995 0.534295 0.332692 0.491987 0.31859000000000004 0.474038 0.30320499999999995 0.441987 0.294872 0.435577 0.27884600000000004 0.41891 0.269231 0.381731 0.267308 0.343269 0.28205100000000005 0.316346 0.313462 0.308654 0.32564099999999996 0.367628 0.348718 0.389423 0.355128 0.359936 0.358974 0.308654 0.38589700000000005 0.293269
0 0.589744 0.385577 0.594231 0.4125 0.594231 0.438141 0.582051 0.46891 0.577564 0.495833 0.563462 0.508654 0.5506409999999999 0.479167 0.5314099999999999 0.466346 0.5301279999999999 0.453526 0.5506409999999999 0.422756 0.562821 0.409936 0.5730770000000001 0.399679
0 0.22243599999999997 0.541987 0.230769 0.609936 0.24551299999999998 0.652244 0.229487 0.703526 0.209615 0.709936 0.19551300000000005 0.694551 0.19871799999999995 0.636859 0.18140999999999996 0.602244 0.17628200000000005 0.595833 0.17307700000000004 0.561218 0.20384599999999997 0.534295 0.21858999999999995 0.524038
0 0.689744 0.599679 0.665385 0.629167 0.6769229999999999 0.653526 0.6980770000000001 0.657372 0.697436 0.683013 0.697436 0.708654 0.7 0.759936 0.696795 0.784295 0.680769 0.804808 0.667308 0.821474 0.660256 0.830449 0.636538 0.763782 0.6128210000000001 0.727885 0.614744 0.667628 0.638462 0.640705 0.638462 0.609936 0.651282 0.579167 0.665385 0.571474 0.6801280000000001 0.574038
0 0.791026 0.686859 0.810897 0.695833 0.8243590000000001 0.717628 0.844231 0.709936 0.845513 0.753526 0.8435900000000001 0.826603 0.848077 0.857372 0.848718 0.880449 0.844231 0.904808 0.828846 0.91891 0.803205 0.945833 0.787179 0.916346 0.7858970000000001 0.8625 0.7846150000000001 0.811218 0.776923 0.759936 0.76859 0.730449 0.755128 0.653526 0.741026 0.639423 0.7211540000000001 0.613782 0.729487 0.576603 0.75 0.557372 0.762821 0.553526 0.766026 0.557372 0.769231 0.595833 0.779487 0.631731 0.789103 0.647115 0.789744 0.670192
0 0.994231 0.143269 0.961538 0.145833 0.95 0.126603 0.932051 0.095833 0.935897 0.065064 0.951923 0.035577 0.971795 0.009936 0.992308 0.035577 0.998718 0.049679
0 0.996795 0.50609 0.989103 0.525321 0.984615 0.547115 0.975 0.535577 0.969231 0.520192 0.95641 0.534295 0.958974 0.554808 0.949359 0.567628 0.934615 0.580449 0.926282 0.598397 0.954487 0.633013 0.963462 0.648397 0.998077 0.644551
0 0.502564 0.85609 0.513462 0.895833 0.541026 0.930449 0.563462 0.949679 0.5660259999999999 0.966346 0.559615 0.989423 0.439103 0.991987 0.43205099999999996 0.925321 0.44743599999999994 0.86891 0.474359 0.830449 0.480128 0.829167
0 0.21987199999999996 0.835577 0.22179499999999996 0.881731 0.227564 0.91891 0.21282100000000004 0.943269 0.19551300000000005 0.9625 0.18269199999999997 0.970192 0.15384600000000004 0.944551 0.15705100000000005 0.886859 0.164103 0.863782 0.19679500000000005 0.86891 0.211538 0.836859