0 0.980769 0.008654 0.975 0.035577 0.928205 0.075321 0.912821 0.077885 0.888462 0.05609 0.866667 0.00609
0 0.744231 0.0125 0.744231 0.057372 0.7608969999999999 0.115064 0.755769 0.174038 0.746154 0.2125 0.7429490000000001 0.297115 0.7833330000000001 0.353526 0.7833330000000001 0.379167 0.762821 0.391987 0.7 0.374038 0.682051 0.325321 0.667949 0.311218 0.689744 0.248397 0.682051 0.226603 0.669231 0.213782 0.6576919999999999 0.199679 0.642308 0.191987 0.638462 0.225321 0.619872 0.230449 0.580769 0.202244 0.5564100000000001 0.166346 0.55 0.158654 0.5576920000000001 0.254808 0.5698719999999999 0.31891 0.570513 0.438141 0.554487 0.470192 0.536538 0.477885 0.501282 0.421474 0.48910299999999995 0.416346 0.44743599999999994 0.436859 0.416026 0.452244 0.391667 0.443269 0.355128 0.400962 0.32051300000000005 0.270192 0.31730800000000003 0.229167 0.377564 0.081731 0.399359 0.1125 0.44615400000000005 0.194551 0.44807699999999995 0.222756 0.483974 0.208654 0.49166699999999997 0.191987 0.5 0.143269 0.510256 0.091987 0.5121789999999999 0.067628 0.5070509999999999 0.004808
0 0.10769200000000001 0.265064 0.12243599999999999 0.261218 0.17884599999999995 0.290705 0.19807699999999995 0.325321 0.22628199999999998 0.339423 0.22628199999999998 0.349679 0.20448699999999997 0.426603 0.18397399999999997 0.472756 0.17179500000000003 0.483013 0.142949 0.470192 0.11089700000000002 0.444551 0.050000000000000044 0.407372 0.02884600000000004 0.384295 0.019872 0.348397 0.03205100000000005 0.309936 0.05064100000000005 0.289423 0.07820499999999997 0.259936 0.09358999999999995 0.254808
0 0.34615399999999996 0.004808 0.357692 0.043269 0.333974 0.093269 0.309615 0.109936 0.266026 0.127885 0.249359 0.134295 0.275 0.063782 0.255769 0.035577 0.22628199999999998 0.01891 0.228205 0.009936
0 0.19359000000000004 0.022756 0.15641000000000005 0.034295 0.14038499999999998 0.036859 0.11089700000000002 0.041987 0.10064099999999998 0.053526 0.09807699999999997 0.075321 0.06794900000000004 0.059936 0.05320499999999995 0.033013 0.059614999999999974 0.007372 0.18717899999999998 0.007372
0 0.994231 0.36891 0.942308 0.302244 0.936538 0.247115 0.937821 0.21891 0.952564 0.197115 0.992308 0.211218 0.99359 0.211218
0 0.639744 0.558654 0.666667 0.55609 0.6717949999999999 0.634295 0.641026 0.633013 0.608333 0.590705 0.624359 0.566346
0 0.873718 0.499679 0.891667 0.491987 0.921154 0.503526 0.904487 0.553526 0.902564 0.589423 0.879487 0.589423 0.846795 0.599679 0.808974 0.608654 0.804487 0.531731 0.8 0.503526 0.830769 0.504808 0.852564 0.516346 0.858974 0.494551
0 0.941026 0.626603 0.95641 0.627885 0.971154 0.652244 0.991026 0.674038 0.990385 0.693269 0.986538 0.71891 0.970513 0.808654 0.969872 0.824038 0.930769 0.753526 0.895513 0.738141 0.895513 0.697115 0.902564 0.658654 0.9083330000000001 0.635577 0.91859 0.620192
0 0.664744 0.788141 0.7 0.821474 0.707692 0.85609 0.705128 0.885577 0.710897 0.9625 0.7 0.96891 0.6839740000000001 0.922756 0.684615 0.908654 0.658974 0.907372 0.6551279999999999 0.938141 0.6583330000000001 0.950962 0.662821 0.967628 0.6564099999999999 0.993269 0.5371790000000001 0.999679 0.5538460000000001 0.931731 0.564103 0.881731 0.63141 0.833013 0.644231 0.788141
0 0.32756399999999997 0.726603 0.32692299999999996 0.766346 0.350641 0.784295 0.36794899999999997 0.793269 0.378205 0.749679 0.38205100000000003 0.754808 0.396795 0.811218 0.395513 0.847115 0.391667 0.890705 0.38333300000000003 0.9125 0.36410299999999995 0.974038 0.371154 0.993269 0.329487 0.990705 0.31987200000000005 0.948397 0.30064100000000005 0.913782 0.29743600000000003 0.861218 0.29359 0.829167 0.28205100000000005 0.788141 0.25769200000000003 0.765064 0.24102599999999996 0.776603 0.23910299999999995 0.634295 0.265385 0.639423 0.289744 0.659936 0.30000000000000004 0.707372 0.31666700000000003 0.716346
0 0.164744 0.747115 0.17948699999999995 0.80609 0.162821 0.848397 0.15705100000000005 0.859936 0.146154 0.890705 0.14935900000000002 0.934295 0.14935900000000002 0.961218 0.14871800000000002 0.977885 0.13974399999999998 0.995833 0.127564 0.985577 0.13653800000000005 0.950962 0.13846199999999997 0.917628 0.12948700000000002 0.885577 0.10256399999999999 0.784295 0.10128199999999998 0.761218 0.13589700000000005 0.749679 0.15705100000000005 0.75609
0 0.542308 0.689423 0.5358970000000001 0.716346 0.559615 0.708654 0.560256 0.670192 0.573718 0.726603 0.563462 0.784295 0.55 0.81891 0.541667 0.829167 0.502564 0.797115 0.496795 0.738141 0.494872 0.704808 0.50641 0.707372 0.5301279999999999 0.700962
0 0.932051 0.891987 0.958974 0.913782 0.96859 0.930449 0.964103 0.954808 0.923718 0.989423 0.897436 0.911218 0.908974 0.894551 0.935256 0.872756
0 0.842949 0.85609 0.854487 0.883013 0.851923 0.931731 0.845513 0.940705 0.826923 0.90609 0.823718 0.867628 0.833974 0.857372