0 0.0070510000000000295 0.561218 0.02884600000000004 0.572756 0.05705099999999996 0.571474 0.10256399999999999 0.577885 0.10641 0.586859 0.11217900000000003 0.636859 0.126282 0.698397 0.13846199999999997 0.607372 0.15641000000000005 0.677885 0.15769200000000005 0.725321 0.124359 0.734295 0.144231 0.797115 0.15256400000000003 0.795833 0.17435900000000004 0.771474 0.208333 0.749679 0.229487 0.747115 0.23397400000000002 0.827885 0.22692299999999999 0.958654 0.22051299999999996 0.984295 0.0032050000000000134 0.991987 0.0025640000000000107 0.576603
0 0.20576899999999998 0.5125 0.24230799999999997 0.51891 0.253205 0.516346 0.25897400000000004 0.507372 0.263462 0.46891 0.264744 0.450962 0.29359 0.445833 0.314744 0.466346 0.32692299999999996 0.479167 0.329487 0.530449 0.33910300000000004 0.577885 0.32628199999999996 0.598397 0.30448699999999995 0.613782 0.29615400000000003 0.645833 0.247436 0.653526 0.21666700000000005 0.666346 0.211538 0.679167 0.18782100000000002 0.641987 0.15833299999999995 0.599679 0.17307700000000004 0.549679 0.19230800000000003 0.513782
0 0.41859 0.303526 0.440385 0.339423 0.47051299999999996 0.335577 0.496795 0.322756 0.502564 0.384295 0.476923 0.441987 0.473718 0.471474 0.480128 0.509936 0.502564 0.538141 0.540385 0.603526 0.547436 0.630449 0.5564100000000001 0.691987 0.5121789999999999 0.659936 0.496795 0.617628 0.47243599999999997 0.577885 0.44807699999999995 0.543269 0.43333299999999997 0.521474 0.40897399999999995 0.500962 0.398077 0.461218 0.38653800000000005 0.383013 0.38717900000000005 0.341987 0.397436 0.3125
0 0.588462 0.357372 0.6141030000000001 0.375321 0.641667 0.388141 0.650641 0.394551 0.651282 0.433013 0.6583330000000001 0.459936 0.6128210000000001 0.470192 0.583974 0.495833 0.557051 0.443269 0.5538460000000001 0.391987 0.576282 0.370192
0 0.730769 0.095833 0.753205 0.134295 0.753846 0.167628 0.707051 0.235577 0.704487 0.284295 0.694231 0.322756 0.658974 0.36891 0.655769 0.377885 0.632692 0.3625 0.628205 0.321474 0.626282 0.263782 0.65 0.158654 0.6621790000000001 0.129167 0.675 0.108654 0.713462 0.080449 0.7185900000000001 0.080449
0 0.872436 0.009936 0.894872 0.049679 0.919231 0.103526 0.914103 0.152244 0.914103 0.194551 0.914744 0.224038 0.911538 0.263782 0.885256 0.299679 0.867308 0.325321 0.857051 0.350962 0.819231 0.385577 0.807692 0.388141 0.794872 0.325321 0.7993589999999999 0.313782 0.8243590000000001 0.26891 0.8256410000000001 0.233013 0.8211539999999999 0.184295 0.81859 0.149679 0.810897 0.126603 0.798718 0.088141 0.785256 0.047115 0.782051 0.007372 0.866026 0.003526
0 0.992308 0.35609 0.979487 0.388141 0.969872 0.407372 0.961538 0.443269 0.947436 0.500962 0.952564 0.561218 0.958333 0.589423 0.971795 0.594551 0.976282 0.594551 0.997436 0.563782 0.998718 0.374038
0 0.998077 0.140705 0.973718 0.1625 0.9666669999999999 0.179167 0.975641 0.216346 0.980769 0.257372 0.985256 0.276603 0.998077 0.289423
0 0.89359 0.558654 0.9096150000000001 0.56891 0.9096150000000001 0.581731 0.9083330000000001 0.6125 0.9076919999999999 0.640705 0.898718 0.658654 0.883333 0.666346 0.874359 0.624038
0 0.798718 0.539423 0.822436 0.552244 0.8230770000000001 0.602244 0.8198719999999999 0.652244 0.807051 0.724038 0.833333 0.772756 0.841026 0.789423 0.8416669999999999 0.808654 0.807051 0.865064 0.796795 0.875321 0.775641 0.808654 0.754487 0.804808 0.745513 0.795833 0.723718 0.775321 0.725 0.757372 0.7128209999999999 0.698397 0.7128209999999999 0.665064 0.713462 0.61891 0.724359 0.588141 0.745513 0.554808 0.7801279999999999 0.544551 0.789103 0.534295
0 0.17692300000000005 0.017628 0.19551300000000005 0.035577 0.20576899999999998 0.05609 0.21538500000000005 0.113782 0.21666700000000005 0.127885 0.19166700000000003 0.141987 0.16923100000000002 0.125321 0.16025599999999995 0.095833 0.15897399999999995 0.059936 0.15448700000000004 0.029167 0.14102599999999998 0.033013 0.13076900000000002 0.015064 0.126282 0.007372 0.17371800000000004 0.00609
0 0.670513 0.674038 0.6826920000000001 0.707372 0.6826920000000001 0.722756 0.6743589999999999 0.749679 0.657051 0.743269 0.641667 0.733013 0.641667 0.720192 0.655769 0.694551 0.660256 0.681731
0 0.679487 0.788141 0.687179 0.817628 0.7141029999999999 0.811218 0.725641 0.817628 0.723718 0.883013 0.726923 0.908654 0.713462 0.944551 0.7019230000000001 0.953526 0.690385 0.933013 0.6743589999999999 0.924038 0.660256 0.908654 0.651282 0.858654 0.651923 0.825321 0.660256 0.809936 0.669872 0.786859
0 0.991667 0.735577 0.983333 0.733013 0.96859 0.747115 0.953205 0.739423 0.946795 0.725321 0.945513 0.767628 0.940385 0.816346 0.917308 0.795833 0.903846 0.816346 0.9096150000000001 0.877885 0.928205 0.915064 0.9480770000000001 0.931731 0.976923 0.938141 0.995513 0.972756 0.995513 0.774038