0 0.253205 0.175321 0.31666700000000003 0.177885 0.34615399999999996 0.215064 0.371154 0.250962 0.380769 0.300962 0.36474399999999996 0.459936 0.36538499999999996 0.489423 0.369872 0.508654 0.36794899999999997 0.529167 0.358333 0.559936 0.348718 0.572756 0.33141 0.558654 0.28717899999999996 0.476603 0.24230799999999997 0.377885 0.21474400000000005 0.309936 0.212179 0.217628 0.230769 0.154808
0 0.18782100000000002 0.300962 0.19166700000000003 0.347115 0.211538 0.363782 0.22371799999999997 0.383013 0.24615399999999998 0.435577 0.26153800000000005 0.477885 0.28589699999999996 0.525321 0.29871800000000004 0.553526 0.309615 0.588141 0.30064100000000005 0.591987 0.273718 0.575321 0.246795 0.51891 0.22692299999999999 0.507372 0.21282100000000004 0.498397 0.18717899999999998 0.450962 0.16859000000000002 0.407372 0.15576900000000005 0.331731 0.15320500000000004 0.279167
0 0.10705100000000001 0.191987 0.125641 0.220192 0.125641 0.267628 0.127564 0.298397 0.126923 0.308654 0.105769 0.316346 0.09294899999999995 0.320192 0.07628199999999996 0.309936 0.05705099999999996 0.234295 0.08974400000000005 0.217628
0 0.520513 0.025321 0.537821 0.093269 0.544872 0.148397 0.5326919999999999 0.199679 0.545513 0.215064 0.5730770000000001 0.224038 0.609615 0.215064 0.629487 0.26891 0.6153850000000001 0.331731 0.608333 0.361218 0.603205 0.381731 0.58141 0.454808 0.5685899999999999 0.522756 0.5564100000000001 0.581731 0.519231 0.548397 0.498077 0.613782 0.494872 0.621474 0.44423100000000004 0.586859 0.45641 0.51891 0.49102599999999996 0.489423 0.48717900000000003 0.416346 0.482692 0.394551 0.46858999999999995 0.386859 0.45384599999999997 0.377885 0.43205099999999996 0.345833 0.42884599999999995 0.304808 0.420513 0.207372 0.43333299999999997 0.115064 0.46474400000000005 0.0625 0.455769 0.030449 0.476923 0.003526 0.505769 0.013782
0 0.910897 0.00609 0.890385 0.041987 0.892949 0.083013 0.885897 0.145833 0.846154 0.183013 0.838462 0.20609 0.807051 0.183013 0.7858970000000001 0.102244 0.798718 0.004808
0 0.758333 0.004808 0.751282 0.038141 0.724359 0.06891 0.6993590000000001 0.098397 0.669231 0.043269 0.657051 0.004808
0 0.899359 0.322756 0.939103 0.344551 0.935897 0.371474 0.904487 0.408654 0.894231 0.41891 0.882051 0.388141 0.878205 0.353526 0.883974 0.320192 0.885256 0.307372
0 0.81859 0.317628 0.80641 0.376603 0.812179 0.425321 0.7833330000000001 0.470192 0.773077 0.449679 0.759615 0.397115 0.791026 0.339423
0 0.6980770000000001 0.50609 0.737179 0.525321 0.7403850000000001 0.594551 0.737179 0.626603 0.725641 0.661218 0.687821 0.704808 0.6801280000000001 0.698397 0.676282 0.657372 0.673718 0.621474 0.653205 0.613782 0.653205 0.538141 0.688462 0.499679
0 0.08974400000000005 0.495833 0.146795 0.513782 0.16025599999999995 0.594551 0.13205100000000003 0.657372 0.13461500000000004 0.688141 0.142949 0.708654 0.16217899999999996 0.695833 0.20384599999999997 0.708654 0.19871799999999995 0.748397 0.166667 0.791987 0.14935900000000002 0.793269 0.11987199999999998 0.76891 0.104487 0.703526 0.10128199999999998 0.6625 0.08140999999999998 0.622756 0.06153799999999998 0.599679 0.04935900000000004 0.547115 0.042949000000000015 0.513782 0.05448699999999995 0.494551 0.07948699999999997 0.493269
0 0.048077000000000036 0.635577 0.07051300000000005 0.666346 0.06987200000000005 0.685577 0.062178999999999984 0.765064 0.04679500000000003 0.780449 0.02884600000000004 0.800962 0.02435900000000002 0.797115 0.019872 0.707372 0.032692000000000054 0.644551
0 0.142308 0.008654 0.14359 0.061218 0.12115399999999998 0.100962 0.08076899999999998 0.093269 0.059614999999999974 0.057372 0.05640999999999996 0.034295 0.052564000000000055 0.004808
0 0.012820999999999971 0.017628 0.027564000000000033 0.070192 0.030769000000000046 0.121474 0.018589999999999995 0.167628 0.0025640000000000107 0.177885 0.0025640000000000107 0.008654
0 0.955128 0.738141 0.910256 0.754808 0.871154 0.754808 0.837821 0.779167 0.823718 0.800962 0.794872 0.816346 0.798077 0.871474 0.803205 0.899679 0.8019229999999999 0.941987 0.791026 0.990705 0.989103 0.993269 0.977564 0.940705 0.978846 0.865064 0.964103 0.767628
0 0.770513 0.708654 0.7833330000000001 0.775321 0.7826919999999999 0.783013 0.739744 0.803526 0.738462 0.781731