0 0.228205 0.463782 0.24230799999999997 0.486859 0.24551299999999998 0.547115 0.24551299999999998 0.574038 0.24615399999999998 0.586859 0.248718 0.611218 0.251282 0.633013 0.26089700000000005 0.653526 0.266667 0.681731 0.265385 0.725321 0.25705100000000003 0.735577 0.230128 0.739423 0.20448699999999997 0.724038 0.16987200000000002 0.694551 0.09487199999999996 0.691987 0.08782100000000004 0.649679 0.08012799999999998 0.583013 0.09230799999999995 0.565064 0.12307699999999999 0.567628 0.13910299999999998 0.529167 0.15000000000000002 0.489423 0.19679500000000005 0.479167 0.21730799999999995 0.467628
0 0.265385 0.161218 0.288462 0.177885 0.30512799999999995 0.213782 0.30448699999999995 0.259936 0.30448699999999995 0.286859 0.30192300000000005 0.313782 0.292949 0.331731 0.289744 0.347115 0.269231 0.365064 0.25641 0.344551 0.25705100000000003 0.297115 0.253205 0.258654 0.22692299999999999 0.229167 0.22051299999999996 0.204808 0.20705099999999999 0.179167 0.20705099999999999 0.152244 0.21794899999999995 0.143269 0.250641 0.153526
0 0.42179500000000003 0.038141 0.41153799999999996 0.077885 0.40961499999999995 0.125321 0.412821 0.16891 0.399359 0.203526 0.397436 0.244551 0.39359 0.265064 0.39359 0.286859 0.389103 0.331731 0.391026 0.3625 0.401282 0.385577 0.41089699999999996 0.400962 0.400641 0.443269 0.38589700000000005 0.491987 0.373718 0.497115 0.351282 0.489423 0.33910300000000004 0.438141 0.335256 0.385577 0.32307699999999995 0.335577 0.31730800000000003 0.3125 0.32628199999999996 0.249679 0.337179 0.222756 0.32499999999999996 0.140705 0.330128 0.067628 0.332692 0.008654 0.38589700000000005 0.01891 0.40769200000000005 0.017628
0 0.877564 0.233013 0.880769 0.26891 0.901923 0.271474 0.9096150000000001 0.274038 0.9076919999999999 0.313782 0.888462 0.327885 0.8628210000000001 0.336859 0.848077 0.372756 0.814744 0.347115 0.8 0.350962 0.778205 0.335577 0.771154 0.302244 0.771154 0.25609 0.788462 0.230449 0.796154 0.222756 0.810897 0.249679 0.828205 0.241987 0.833333 0.225321 0.846154 0.217628 0.867949 0.236859
0 0.794872 0.033013 0.797436 0.065064 0.810897 0.109936 0.814103 0.117628 0.79359 0.153526 0.783974 0.177885 0.769872 0.184295 0.749359 0.149679 0.733974 0.130449 0.719231 0.121474 0.709615 0.133013 0.705128 0.139423 0.705128 0.183013 0.695513 0.224038 0.688462 0.229167 0.669872 0.226603 0.644872 0.191987 0.6333329999999999 0.109936 0.66859 0.063782 0.676282 0.0125 0.696795 0.00609 0.782051 0.00609
0 0.12948700000000002 0.017628 0.126282 0.033013 0.09935899999999998 0.093269 0.103846 0.115064 0.10961500000000002 0.133013 0.12115399999999998 0.125321 0.128205 0.115064 0.126923 0.144551 0.128205 0.171474 0.13589700000000005 0.203526 0.141667 0.234295 0.13717900000000005 0.279167 0.124359 0.326603 0.11987199999999998 0.345833 0.104487 0.389423 0.09615399999999996 0.399679 0.07628199999999996 0.383013 0.07179500000000005 0.357372 0.087179 0.298397 0.087179 0.276603 0.06987200000000005 0.225321 0.05064100000000005 0.239423 0.02948700000000004 0.25609 0.01474399999999998 0.250962 0.020513000000000003 0.195833 0.017948999999999993 0.145833 0.0032050000000000134 0.152244 0.0032050000000000134 0.008654 0.11602599999999996 0.008654
0 0.7429490000000001 0.21891 0.741026 0.244551 0.751282 0.265064 0.733974 0.303526 0.714744 0.363782 0.707051 0.374038 0.719231 0.424038 0.742308 0.450962 0.761538 0.486859 0.769872 0.502244 0.747436 0.545833 0.7429490000000001 0.549679 0.723077 0.515064 0.704487 0.459936 0.671154 0.438141 0.667308 0.40609 0.673718 0.361218 0.6756409999999999 0.326603 0.6743589999999999 0.275321 0.6948719999999999 0.249679 0.709615 0.229167 0.733333 0.230449
0 0.936538 0.384295 0.919231 0.393269 0.884615 0.41891 0.864744 0.458654 0.870513 0.483013 0.894872 0.508654 0.930128 0.550962 0.939744 0.566346 0.949359 0.575321 0.958333 0.585577 0.975 0.575321 0.978846 0.517628 0.989103 0.503526 0.998077 0.495833 0.996154 0.385577 0.963462 0.381731
0 0.941026 0.816346 0.932692 0.85609 0.927564 0.879167 0.924359 0.938141 0.919231 0.954808 0.910256 0.988141 0.846795 0.989423 0.8198719999999999 0.90609 0.815385 0.876603 0.8391029999999999 0.844551 0.8628210000000001 0.816346 0.884615 0.788141 0.897436 0.788141 0.913462 0.790705
0 0.629487 0.553526 0.5935900000000001 0.533013 0.585897 0.600962 0.5961540000000001 0.657372 0.619231 0.699679 0.610897 0.729167 0.5974360000000001 0.757372 0.5903849999999999 0.771474 0.614744 0.817628 0.6358969999999999 0.821474 0.672436 0.80609 0.689744 0.776603 0.688462 0.726603 0.679487 0.66891 0.685897 0.633013 0.6576919999999999 0.559936 0.6371789999999999 0.566346
0 0.577564 0.067628 0.585256 0.131731 0.591026 0.174038 0.5935900000000001 0.183013 0.570513 0.190705 0.5480769999999999 0.172756 0.524359 0.098397 0.522436 0.059936 0.5589740000000001 0.054808 0.569231 0.066346
0 0.896795 0.041987 0.910256 0.049679 0.9288460000000001 0.071474 0.925 0.10609 0.91859 0.11891 0.907051 0.125321 0.898077 0.125321 0.872436 0.130449 0.857051 0.103526 0.869231 0.041987 0.879487 0.039423
0 0.18525599999999998 0.916346 0.21538500000000005 0.941987 0.23525600000000002 0.981731 0.15897399999999995 0.990705 0.14038499999999998 0.959936 0.15576900000000005 0.925321 0.15897399999999995 0.925321
0 0.496154 0.011218 0.49294899999999997 0.033013 0.480769 0.043269 0.459615 0.047115 0.44807699999999995 0.049679 0.42500000000000004 0.004808 0.485256 0.008654
0 0.03205100000000005 0.776603 0.032692000000000054 0.833013 0.039103 0.86891 0.05064100000000005 0.898397 0.05448699999999995 0.929167 0.05640999999999996 0.957372 0.055127999999999955 0.989423 0.003846000000000016 0.989423 0.010256000000000043 0.779167
0 0.510256 0.336859 0.5275639999999999 0.353526 0.521154 0.399679 0.51859 0.41891 0.512821 0.439423 0.495513 0.422756 0.476282 0.391987 0.476282 0.359936 0.501923 0.347115