0 0.996154 0.340705 0.983333 0.326603 0.9666669999999999 0.30609 0.940385 0.3625 0.932692 0.384295 0.914744 0.375321 0.888462 0.388141 0.873718 0.417628 0.860897 0.497115 0.883333 0.51891 0.900641 0.497115 0.905769 0.495833 0.901282 0.584295 0.935897 0.589423 0.949359 0.574038 0.999359 0.494551
0 0.5371790000000001 0.334295 0.577564 0.409936 0.585897 0.438141 0.603846 0.493269 0.605128 0.566346 0.605128 0.585577 0.600641 0.588141 0.620513 0.638141 0.622436 0.657372 0.617308 0.749679 0.552564 0.747115 0.562821 0.681731 0.58141 0.652244 0.5923080000000001 0.586859 0.5480769999999999 0.570192 0.530769 0.540705 0.46730799999999995 0.465064 0.47115399999999996 0.390705 0.473718 0.358654 0.480769 0.317628 0.514744 0.321474
0 0.478846 0.103526 0.494231 0.109936 0.5108969999999999 0.1625 0.48717900000000003 0.261218 0.44487200000000005 0.253526 0.40769200000000005 0.190705 0.40576900000000005 0.159936 0.42307700000000004 0.140705 0.44423100000000004 0.103526 0.45128199999999996 0.008654 0.498077 0.00609 0.485897 0.063782 0.480769 0.075321
0 0.83141 0.139423 0.866026 0.11891 0.855128 0.20609 0.8435900000000001 0.236859 0.817308 0.2125 0.796154 0.145833 0.8 0.1125
0 0.416026 0.235577 0.434615 0.308654 0.40961499999999995 0.371474 0.40512800000000004 0.399679 0.392308 0.417628 0.354487 0.415064 0.27884600000000004 0.388141 0.26089700000000005 0.424038 0.269231 0.499679 0.294872 0.597115 0.252564 0.572756 0.227564 0.539423 0.20128199999999996 0.488141 0.20576899999999998 0.434295 0.21858999999999995 0.334295 0.24038499999999996 0.208654 0.30064100000000005 0.239423 0.33910300000000004 0.245833 0.396795 0.239423
0 0.357692 0.015064 0.35641 0.075321 0.354487 0.143269 0.355769 0.177885 0.34358999999999995 0.181731 0.332051 0.158654 0.31987200000000005 0.109936 0.29679500000000003 0.065064 0.28525599999999995 0.00609 0.34358999999999995 0.008654
0 0.208974 0.024038 0.166667 0.057372 0.15769200000000005 0.071474 0.162821 0.109936 0.14935900000000002 0.130449 0.10705100000000001 0.198397 0.09551299999999996 0.231731 0.06089699999999998 0.272756 0.0025640000000000107 0.308654 0.0032050000000000134 0.00609 0.20576899999999998 0.0125
0 0.166667 0.471474 0.17051300000000003 0.529167 0.18589699999999998 0.567628 0.19423100000000004 0.575321 0.210256 0.657372 0.248718 0.75609 0.228205 0.80609 0.21602600000000005 0.813782 0.17115400000000003 0.770192 0.164744 0.797115 0.11794899999999997 0.840705 0.09679499999999996 0.774038 0.086538 0.720192 0.11346199999999995 0.674038 0.127564 0.650962 0.142308 0.566346 0.142949 0.541987 0.127564 0.490705 0.14102599999999998 0.45609 0.16217899999999996 0.438141
0 0.530769 0.629167 0.529487 0.670192 0.516026 0.708654 0.505769 0.774038 0.515385 0.803526 0.49294899999999997 0.821474 0.462179 0.781731 0.458974 0.753526 0.43397399999999997 0.747115 0.414103 0.731731 0.455128 0.658654 0.513462 0.650962 0.525 0.621474
0 0.012179000000000051 0.549679 0.040385000000000004 0.593269 0.04679500000000003 0.658654 0.03589699999999996 0.680449 0.02948700000000004 0.752244 0.004487000000000019 0.791987 0.0032050000000000134 0.541987
0 0.48782099999999995 0.930449 0.519872 0.952244 0.496795 0.988141 0.49038499999999996 0.995833 0.44166700000000003 0.999679 0.434615 0.953526 0.45256399999999997 0.900962 0.477564 0.917628