0 0.07499999999999996 0.002244 0.085897 0.041987 0.083974 0.083013 0.06859000000000004 0.131731 0.040385000000000004 0.203526 0.032692000000000054 0.230449 0.005128000000000021 0.249679 0.0032050000000000134 0.0125
0 0.144872 0.06891 0.207692 0.066346 0.228205 0.053526 0.24102599999999996 0.113782 0.23846199999999995 0.171474 0.20064099999999996 0.186859 0.165385 0.172756 0.14038499999999998 0.248397 0.10641 0.266346 0.09487199999999996 0.197115 0.11217900000000003 0.190705 0.12884600000000002 0.148397 0.13653800000000005 0.100962 0.13717900000000005 0.0625
0 0.294231 0.108654 0.30384599999999995 0.111218 0.334615 0.152244 0.312821 0.199679 0.275 0.170192 0.28461499999999995 0.124038
0 0.412821 0.330449 0.473718 0.354808 0.514744 0.389423 0.505128 0.416346 0.51859 0.461218 0.497436 0.500962 0.435897 0.583013 0.42371800000000004 0.621474 0.42115400000000003 0.667628 0.353846 0.640705 0.349359 0.613782 0.388462 0.536859 0.36282099999999995 0.463782 0.358333 0.40609 0.350641 0.325321 0.396154 0.322756
0 0.776282 0.270192 0.832692 0.338141 0.877564 0.359936 0.847436 0.434295 0.779487 0.489423 0.755128 0.553526 0.748718 0.616346 0.739744 0.6625 0.702564 0.670192 0.677564 0.575321 0.687179 0.453526 0.710256 0.381731 0.714744 0.343269 0.747436 0.284295 0.764103 0.26891
0 0.873077 0.031731 0.842949 0.0625 0.8243590000000001 0.120192 0.808333 0.133013 0.788462 0.126603 0.786538 0.108654 0.7993589999999999 0.030449 0.805769 0.009936 0.872436 0.004808
0 0.996154 0.236859 0.987179 0.252244 0.963462 0.259936 0.953205 0.329167 0.960256 0.3625 0.982692 0.395833 0.995513 0.424038
0 0.986538 0.581731 0.988462 0.645833 0.997436 0.661218 0.99359 0.913782 0.985256 0.871474 0.979487 0.80609 0.978205 0.739423 0.961538 0.717628 0.936538 0.636859 0.916667 0.566346 0.958974 0.586859 0.973718 0.566346
0 0.827564 0.529167 0.869231 0.613782 0.875641 0.652244 0.830128 0.691987 0.798077 0.735577 0.7858970000000001 0.724038 0.766026 0.694551 0.772436 0.603526 0.791026 0.563782 0.814103 0.538141
0 0.969872 0.888141 0.928205 0.75609 0.924359 0.753526 0.901282 0.791987 0.872436 0.836859 0.898077 0.900962 0.923718 0.965064 0.963462 0.986859 0.969231 0.938141
0 0.6166670000000001 0.577885 0.65 0.60609 0.669872 0.671474 0.673718 0.688141 0.6333329999999999 0.695833 0.610897 0.759936 0.592949 0.788141 0.542949 0.745833 0.546154 0.650962 0.584615 0.620192 0.595513 0.591987
0 0.832051 0.980449 0.770513 0.929167 0.7403850000000001 0.921474 0.744872 0.997115 0.826923 0.998397
0 0.46282100000000004 0.990705 0.42243600000000003 0.899679 0.40192300000000003 0.898397 0.379487 0.924038 0.355769 0.913782 0.32564099999999996 0.895833 0.30256400000000006 0.908654 0.24358999999999997 0.943269 0.230769 0.991987
0 0.20640999999999998 0.685577 0.21474400000000005 0.767628 0.16089699999999996 0.809936 0.144872 0.833013 0.12051299999999998 0.826603 0.11794899999999997 0.786859 0.12307699999999999 0.7125 0.10705100000000001 0.643269 0.12051299999999998 0.6125 0.18140999999999996 0.649679 0.18782100000000002 0.675321
0 0.31987200000000005 0.648397 0.34294899999999995 0.672756 0.34487199999999996 0.700962 0.358974 0.708654 0.361538 0.743269 0.36474399999999996 0.771474 0.32371799999999995 0.758654 0.30320499999999995 0.763782 0.28141000000000005 0.665064 0.294231 0.650962
0 0.09166700000000005 0.821474 0.11666699999999997 0.891987 0.142949 0.970192 0.145513 0.990705 0.018589999999999995 0.988141 0.016666999999999987 0.938141 0.04615400000000003 0.884295 0.06410300000000002 0.841987 0.07307699999999995 0.822756
0 0.570513 0.009936 0.5935900000000001 0.086859 0.5685899999999999 0.125321 0.5275639999999999 0.131731 0.496795 0.129167 0.462179 0.088141 0.45064099999999996 0.063782 0.46923099999999995 0.016346 0.47307699999999997 0.007372