0 0.9064099999999999 0.017628 0.917308 0.035577 0.935256 0.020192 0.953205 0.017628 0.960897 0.031731 0.960256 0.0625 0.964103 0.095833 0.96859 0.127885 0.958333 0.167628 0.949359 0.207372 0.929487 0.233013 0.912179 0.233013 0.887821 0.20609 0.869231 0.188141 0.8641030000000001 0.139423 0.862179 0.117628 0.862179 0.071474 0.850641 0.050962 0.849359 0.029167 0.8641030000000001 0.011218 0.883974 0.01891
0 0.763462 0.190705 0.773718 0.231731 0.790385 0.236859 0.816026 0.297115 0.8019229999999999 0.335577 0.811538 0.372756 0.811538 0.389423 0.7993589999999999 0.409936 0.787179 0.371474 0.769872 0.349679 0.757692 0.320192 0.739744 0.295833 0.734615 0.290705 0.7378210000000001 0.226603 0.7403850000000001 0.216346 0.723077 0.211218 0.716026 0.191987 0.730128 0.171474 0.753846 0.176603
0 0.860256 0.599679 0.870513 0.627885 0.875641 0.641987 0.885256 0.616346 0.903846 0.580449 0.916026 0.567628 0.919231 0.599679 0.917308 0.634295 0.917308 0.654808 0.925 0.649679 0.933974 0.635577 0.932051 0.681731 0.932051 0.716346 0.938462 0.761218 0.930769 0.80609 0.896154 0.838141 0.876282 0.865064 0.862179 0.863782 0.85 0.8625 0.834615 0.845833 0.8403849999999999 0.795833 0.848077 0.759936 0.838462 0.715064 0.826923 0.736859 0.816026 0.748397 0.8 0.700962 0.819231 0.677885 0.819231 0.622756 0.809615 0.576603 0.821795 0.570192 0.8391029999999999 0.589423
0 0.994872 0.36891 0.987821 0.386859 0.974359 0.366346 0.953846 0.398397 0.935256 0.403526 0.949359 0.429167 0.960256 0.431731 0.955769 0.4625 0.961538 0.476603 0.982051 0.474038 0.997436 0.448397
0 0.600641 0.059936 0.584615 0.10609 0.553205 0.147115 0.5371790000000001 0.172756 0.473718 0.188141 0.47051299999999996 0.254808 0.49166699999999997 0.254808 0.541026 0.267628 0.565385 0.279167 0.5576920000000001 0.363782 0.542949 0.399679 0.526923 0.390705 0.496795 0.334295 0.440385 0.339423 0.40897399999999995 0.352244 0.388462 0.352244 0.38525600000000004 0.311218 0.38589700000000005 0.222756 0.398077 0.152244 0.398077 0.103526 0.40576900000000005 0.066346 0.45128199999999996 0.0625 0.475641 0.058654 0.495513 0.052244 0.561538 0.030449 0.5948720000000001 0.047115
0 0.38333300000000003 0.025321 0.38205100000000003 0.071474 0.38717900000000005 0.109936 0.377564 0.166346 0.373077 0.215064 0.369872 0.290705 0.375 0.316346 0.357051 0.349679 0.34423099999999995 0.395833 0.30192300000000005 0.393269 0.269872 0.375321 0.248718 0.349679 0.255128 0.274038 0.272436 0.238141 0.270513 0.177885 0.253205 0.171474 0.232692 0.174038 0.22692299999999999 0.148397 0.23397400000000002 0.084295 0.232051 0.034295 0.26025600000000004 0.085577 0.28269200000000005 0.090705 0.30448699999999995 0.077885 0.309615 0.020192 0.33782100000000004 0.017628 0.371795 0.009936 0.38205100000000003 0.011218
0 0.083974 0.109936 0.09871799999999997 0.144551 0.10641 0.176603 0.13333300000000003 0.122756 0.17628200000000005 0.109936 0.19679500000000005 0.147115 0.17243600000000003 0.20609 0.15448700000000004 0.238141 0.144231 0.258654 0.09743599999999997 0.274038 0.06730800000000003 0.289423 0.03717899999999996 0.307372 0.001923000000000008 0.334295 0.0025640000000000107 0.036859 0.02948700000000004 0.05609 0.05705099999999996 0.076603 0.06923100000000004 0.098397
0 0.14359 0.415064 0.15128200000000003 0.449679 0.166667 0.454808 0.16089699999999996 0.520192 0.16025599999999995 0.591987 0.162821 0.631731 0.13589700000000005 0.650962 0.10128199999999998 0.643269 0.09423099999999995 0.584295 0.06730800000000003 0.544551 0.052564000000000055 0.525321 0.05320499999999995 0.472756 0.07307699999999995 0.420192 0.11217900000000003 0.4125
0 0.314744 0.545833 0.357692 0.594551 0.36282099999999995 0.591987 0.32628199999999996 0.626603 0.32628199999999996 0.65609 0.32756399999999997 0.7125 0.335256 0.734295 0.352564 0.767628 0.36282099999999995 0.784295 0.32243599999999994 0.871474 0.291026 0.927885 0.263462 0.986859 0.264744 0.894551 0.27884600000000004 0.848397 0.273077 0.785577 0.264744 0.681731 0.263462 0.616346 0.28589699999999996 0.584295 0.30128200000000005 0.547115
0 0.730769 0.581731 0.741026 0.599679 0.7621789999999999 0.622756 0.7621789999999999 0.647115 0.760256 0.670192 0.748718 0.689423 0.749359 0.709936 0.74359 0.733013 0.7378210000000001 0.753526 0.728205 0.765064 0.7006410000000001 0.75609 0.670513 0.721474 0.6621790000000001 0.707372 0.6538459999999999 0.671474 0.6564099999999999 0.640705 0.66859 0.591987 0.677564 0.583013 0.708974 0.586859 0.725641 0.56891
0 0.596795 0.820192 0.623718 0.849679 0.637821 0.926603 0.646154 0.95609 0.6525639999999999 0.975321 0.648077 0.993269 0.641667 0.991987 0.5743590000000001 0.991987 0.561538 0.967628 0.5551280000000001 0.952244 0.541667 0.91891 0.539744 0.884295 0.528205 0.845833 0.542308 0.803526 0.564744 0.799679 0.582692 0.811218
0 0.461538 0.640705 0.478846 0.666346 0.482692 0.698397 0.47051299999999996 0.703526 0.455128 0.721474 0.45128199999999996 0.724038 0.440385 0.709936 0.42628200000000005 0.659936 0.43012799999999995 0.621474 0.457051 0.630449
0 0.23846199999999995 0.694551 0.23782099999999995 0.75609 0.23974399999999996 0.817628 0.23525600000000002 0.863782 0.21923099999999995 0.886859 0.209615 0.854808 0.19935899999999995 0.779167 0.18461499999999997 0.76891 0.17243600000000003 0.763782 0.15833299999999995 0.733013 0.15833299999999995 0.689423 0.18269199999999997 0.690705 0.209615 0.698397 0.21987199999999996 0.689423
0 0.476282 0.761218 0.47115399999999996 0.816346 0.46474400000000005 0.8625 0.457051 0.872756 0.436538 0.854808 0.41025599999999995 0.825321 0.392949 0.8125 0.389103 0.797115 0.42243600000000003 0.757372 0.42692300000000005 0.745833 0.45192299999999996 0.745833 0.46282100000000004 0.761218
0 0.03205100000000005 0.516346 0.04423100000000002 0.535577 0.052564000000000055 0.538141 0.04679500000000003 0.571474 0.06410300000000002 0.600962 0.06602600000000003 0.634295 0.06089699999999998 0.65609 0.04230800000000001 0.624038 0.027564000000000033 0.6125 0.01730799999999999 0.585577 0.014102999999999977 0.554808 0.01730799999999999 0.539423