0 0.745513 0.008654 0.724359 0.036859 0.728846 0.061218 0.66859 0.086859 0.648718 0.122756 0.642949 0.249679 0.6333329999999999 0.271474 0.6179490000000001 0.276603 0.585256 0.274038 0.583333 0.238141 0.5916669999999999 0.157372 0.584615 0.125321 0.5730770000000001 0.084295 0.555769 0.003526 0.725641 0.004808
0 0.889744 0.1125 0.851282 0.100962 0.828205 0.109936 0.821795 0.11891 0.83141 0.159936 0.8256410000000001 0.221474 0.853205 0.202244 0.876282 0.163782
0 0.47051299999999996 0.011218 0.46730799999999995 0.044551 0.435256 0.111218 0.40320500000000004 0.129167 0.36474399999999996 0.048397 0.34679499999999996 0.076603 0.35 0.120192 0.348718 0.138141 0.30833299999999997 0.147115 0.26089700000000005 0.127885 0.21987199999999996 0.148397 0.208333 0.211218 0.18717899999999998 0.226603 0.17179500000000003 0.233013 0.12243599999999999 0.120192 0.13269200000000003 0.072756 0.19871799999999995 0.033013 0.251923 0.063782 0.290385 0.022756 0.30192300000000005 0.043269 0.32115400000000005 0.024038 0.32307699999999995 0.00609 0.46474400000000005 0.004808
0 0.577564 0.334295 0.5878209999999999 0.376603 0.582692 0.402244 0.562179 0.400962 0.532051 0.331731 0.5371790000000001 0.304808 0.5673079999999999 0.293269 0.5698719999999999 0.324038
0 0.989744 0.326603 0.980769 0.320192 0.946154 0.293269 0.944872 0.324038 0.941026 0.381731 0.913462 0.409936 0.887821 0.440705 0.878846 0.448397 0.858333 0.447115 0.8448720000000001 0.415064 0.837179 0.407372 0.8198719999999999 0.443269 0.823718 0.495833 0.830769 0.563782 0.854487 0.6125 0.900641 0.599679 0.988462 0.509936 0.996154 0.488141
0 0.675 0.538141 0.689744 0.585577 0.70641 0.611218 0.710256 0.657372 0.7032050000000001 0.690705 0.6980770000000001 0.748397 0.686538 0.758654 0.6717949999999999 0.749679 0.6576919999999999 0.684295 0.642308 0.633013 0.644231 0.616346 0.6608970000000001 0.525321 0.669872 0.502244
0 0.35 0.439423 0.412821 0.526603 0.416026 0.55609 0.389103 0.581731 0.38205100000000003 0.638141 0.38205100000000003 0.680449 0.34743599999999997 0.727885 0.31859000000000004 0.807372 0.31859000000000004 0.824038 0.27948700000000004 0.757372 0.266667 0.740705 0.23525600000000002 0.727885 0.21602600000000005 0.688141 0.23461500000000002 0.627885 0.253846 0.599679 0.30512799999999995 0.593269 0.30000000000000004 0.543269 0.312179 0.484295 0.329487 0.439423
0 0.03141000000000005 0.474038 0.10192299999999999 0.525321 0.15641000000000005 0.565064 0.19230800000000003 0.588141 0.19423100000000004 0.643269 0.19743599999999994 0.680449 0.17243600000000003 0.744551 0.141667 0.8125 0.128205 0.80609 0.09743599999999997 0.772756 0.08012799999999998 0.738141 0.06602600000000003 0.66891 0.04615400000000003 0.631731 0.020513000000000003 0.740705 0.005769000000000024 0.803526 0.0032050000000000134 0.463782 0.015384999999999982 0.486859 0.02435900000000002 0.485577
0 0.984615 0.834295 0.954487 0.793269 0.89359 0.766346 0.877564 0.788141 0.887821 0.849679 0.892308 0.898397 0.8871789999999999 0.941987 0.921154 0.925321 0.937179 0.895833 0.957051 0.947115 0.982692 0.966346 0.989103 0.899679
0 0.888462 0.698397 0.86859 0.765064 0.861538 0.797115 0.835256 0.730449 0.839744 0.709936 0.86859 0.689423
0 0.783974 0.789423 0.810256 0.802244 0.8019229999999999 0.839423 0.789744 0.847115 0.758974 0.820192
0 0.601282 0.807372 0.635256 0.803526 0.628846 0.863782 0.622436 0.875321 0.5935900000000001 0.866346 0.551282 0.843269 0.580769 0.802244
0 0.573718 0.547115 0.564744 0.622756 0.517949 0.624038 0.479487 0.589423 0.46346200000000004 0.583013 0.455769 0.630449 0.458333 0.685577 0.502564 0.775321 0.437821 0.795833 0.416667 0.754808 0.415385 0.688141 0.43140999999999996 0.611218 0.44230800000000003 0.525321 0.498077 0.497115 0.511538 0.520192 0.525641 0.536859 0.54359 0.533013 0.564103 0.533013
0 0.15769200000000005 0.866346 0.19871799999999995 0.939423 0.20384599999999997 0.975321 0.18910300000000002 0.985577 0.13525600000000004 0.988141 0.128205 0.959936 0.12884600000000002 0.900962 0.128205 0.867628 0.15128200000000003 0.863782