0 0.230128 0.335577 0.24615399999999998 0.388141 0.253205 0.395833 0.254487 0.458654 0.26025600000000004 0.499679 0.269231 0.539423 0.273718 0.565064 0.269872 0.588141 0.255128 0.615064 0.23525600000000002 0.622756 0.20448699999999997 0.6125 0.13525600000000004 0.566346 0.10705100000000001 0.539423 0.08205099999999999 0.477885 0.085256 0.430449 0.11666699999999997 0.411218 0.13653800000000005 0.426603 0.142949 0.420192 0.13910299999999998 0.377885 0.141667 0.352244 0.18717899999999998 0.352244 0.20705099999999999 0.331731 0.21923099999999995 0.322756 0.22371799999999997 0.326603
0 0.125641 0.015064 0.12179499999999999 0.06891 0.13012800000000002 0.115064 0.142308 0.139423 0.14871800000000002 0.144551 0.12884600000000002 0.203526 0.11153800000000003 0.248397 0.10128199999999998 0.279167 0.08974400000000005 0.270192 0.08205099999999999 0.248397 0.07307699999999995 0.226603 0.09038500000000005 0.183013 0.08974400000000005 0.141987 0.083974 0.126603 0.06987200000000005 0.10609 0.06153799999999998 0.089423 0.042949000000000015 0.107372 0.03589699999999996 0.1125 0.021154000000000006 0.113782 0.017948999999999993 0.102244 0.021154000000000006 0.067628 0.021154000000000006 0.026603 0.014102999999999977 0.003526 0.11794899999999997 0.00609
0 0.26859 0.025321 0.28333299999999995 0.047115 0.29615400000000003 0.076603 0.30512799999999995 0.091987 0.310256 0.143269 0.29743600000000003 0.177885 0.29615400000000003 0.200962 0.29935900000000004 0.248397 0.30512799999999995 0.281731 0.28205100000000005 0.281731 0.273077 0.265064 0.264103 0.238141 0.24294899999999997 0.2125 0.23397400000000002 0.188141 0.25641 0.171474 0.24487199999999998 0.133013 0.23589700000000002 0.111218 0.209615 0.077885 0.20705099999999999 0.057372 0.209615 0.01891 0.23461500000000002 0.01891 0.248718 0.020192 0.26025600000000004 0.020192
0 0.419872 0.01891 0.41025599999999995 0.041987 0.40320500000000004 0.066346 0.40384600000000004 0.108654 0.4 0.129167 0.394872 0.161218 0.391667 0.203526 0.394872 0.245833 0.40384600000000004 0.253526 0.400641 0.320192 0.379487 0.359936 0.36602599999999996 0.367628 0.355769 0.366346 0.334615 0.339423 0.334615 0.311218 0.33846200000000004 0.271474 0.34230799999999995 0.221474 0.32051300000000005 0.198397 0.310897 0.176603 0.311538 0.152244 0.32243599999999994 0.125321 0.31987200000000005 0.098397 0.32115400000000005 0.05609 0.30384599999999995 0.040705 0.30128200000000005 0.00609 0.417308 0.003526
0 0.741026 0.103526 0.745513 0.147115 0.736538 0.166346 0.733333 0.194551 0.728846 0.215064 0.7128209999999999 0.274038 0.725641 0.283013 0.7416670000000001 0.341987 0.755769 0.363782 0.762821 0.391987 0.757692 0.41891 0.7416670000000001 0.430449 0.723077 0.404808 0.708333 0.370192 0.677564 0.304808 0.672436 0.276603 0.676282 0.225321 0.684615 0.176603 0.682051 0.152244 0.696795 0.121474 0.710256 0.103526 0.728846 0.103526
0 0.19615400000000005 0.786859 0.22179499999999996 0.827885 0.227564 0.850962 0.230128 0.889423 0.22692299999999999 0.908654 0.19807699999999995 0.895833 0.18717899999999998 0.899679 0.17692300000000005 0.902244 0.14038499999999998 0.859936 0.146154 0.800962 0.15384600000000004 0.763782 0.18717899999999998 0.784295
0 0.49038499999999996 0.636859 0.498718 0.654808 0.504487 0.703526 0.535256 0.734295 0.5108969999999999 0.774038 0.48782099999999995 0.758654 0.46410300000000004 0.741987 0.45192299999999996 0.716346 0.455128 0.6625 0.46602600000000005 0.631731 0.478846 0.627885
0 0.916667 0.658654 0.933974 0.676603 0.942949 0.694551 0.935256 0.734295 0.925 0.770192 0.920513 0.794551 0.91859 0.815064 0.910256 0.835577 0.898718 0.867628 0.880128 0.872756 0.869231 0.86891 0.8448720000000001 0.840705 0.834615 0.824038 0.828205 0.767628 0.838462 0.729167 0.860256 0.700962 0.894872 0.676603 0.9 0.671474
0 0.646795 0.441987 0.666667 0.471474 0.678205 0.527885 0.682051 0.594551 0.691667 0.61891 0.645513 0.711218 0.6346149999999999 0.7125 0.614744 0.674038 0.6166670000000001 0.613782 0.601282 0.536859 0.591026 0.472756 0.591026 0.433013 0.5948720000000001 0.415064 0.629487 0.41891
0 0.85641 0.088141 0.879487 0.100962 0.887821 0.127885 0.891026 0.134295 0.905128 0.140705 0.910897 0.144551 0.9064099999999999 0.181731 0.898077 0.191987 0.875 0.20609 0.86859 0.222756 0.858333 0.244551 0.826282 0.203526 0.817949 0.2125 0.8019229999999999 0.21891 0.779487 0.198397 0.777564 0.161218 0.789103 0.121474 0.794231 0.098397 0.81859 0.120192 0.8243590000000001 0.124038 0.832051 0.100962 0.837821 0.091987
0 0.987179 0.266346 0.9673080000000001 0.274038 0.950641 0.254808 0.917308 0.254808 0.89359 0.259936 0.866667 0.321474 0.905769 0.377885 0.936538 0.429167 0.961538 0.479167 0.975641 0.461218 0.983974 0.4125 0.991026 0.381731 0.992949 0.357372 0.998718 0.352244 0.999359 0.26891
0 0.707692 0.009936 0.701282 0.026603 0.690385 0.072756 0.677564 0.089423 0.6743589999999999 0.098397 0.6596150000000001 0.090705 0.661538 0.057372 0.626923 0.038141 0.622436 0.00609
0 0.517949 0.203526 0.5288459999999999 0.20609 0.5288459999999999 0.258654 0.523718 0.309936 0.519872 0.326603 0.5070509999999999 0.297115 0.49230799999999997 0.261218 0.484615 0.229167 0.505128 0.207372
0 0.6358969999999999 0.866346 0.660256 0.920192 0.66859 0.953526 0.669872 0.977885 0.666667 0.994551 0.572436 0.990705 0.555769 0.909936 0.555769 0.889423 0.601923 0.875321 0.621795 0.865064 0.628846 0.858654
0 0.400641 0.634295 0.417308 0.665064 0.420513 0.716346 0.400641 0.715064 0.371795 0.703526 0.357692 0.713782 0.34102600000000005 0.748397 0.28141000000000005 0.734295 0.28525599999999995 0.697115 0.31987200000000005 0.643269 0.357692 0.627885 0.390385 0.631731