0 0.561538 0.129167 0.582692 0.20609 0.585897 0.21891 0.604487 0.211218 0.603846 0.248397 0.6179490000000001 0.258654 0.621795 0.286859 0.6 0.327885 0.5589740000000001 0.290705 0.5506409999999999 0.284295 0.516026 0.308654 0.5070509999999999 0.340705 0.478205 0.376603 0.44935899999999995 0.376603 0.43076899999999996 0.374038 0.40897399999999995 0.365064 0.355769 0.344551 0.34423099999999995 0.316346 0.395513 0.261218 0.42435900000000004 0.274038 0.435897 0.25609 0.45064099999999996 0.213782 0.46474400000000005 0.20609 0.46794899999999995 0.177885 0.46346200000000004 0.153526 0.483974 0.140705 0.507692 0.140705 0.519872 0.120192 0.54359 0.116346
0 0.847436 0.294551 0.857051 0.352244 0.853846 0.391987 0.833974 0.447115 0.812179 0.486859 0.798077 0.503526 0.775641 0.500962 0.758333 0.476603 0.776282 0.449679 0.766667 0.404808 0.765385 0.383013 0.794231 0.307372 0.805769 0.259936 0.8243590000000001 0.283013 0.842949 0.281731
0 0.679487 0.536859 0.696795 0.567628 0.725 0.540705 0.719231 0.599679 0.6980770000000001 0.648397 0.6910259999999999 0.699679 0.678205 0.700962 0.648718 0.683013 0.628846 0.694551 0.6153850000000001 0.641987 0.616026 0.591987 0.670513 0.565064 0.671154 0.539423
0 0.998077 0.403526 0.974359 0.440705 0.944231 0.445833 0.921154 0.461218 0.921154 0.494551 0.922436 0.531731 0.942308 0.545833 0.969872 0.581731 0.982692 0.595833 0.998077 0.597115
0 0.994872 0.702244 0.994231 0.663782 0.980128 0.676603 0.959615 0.667628 0.949359 0.648397 0.919872 0.61891 0.897436 0.693269 0.880128 0.695833 0.866667 0.720192 0.867949 0.765064 0.895513 0.794551 0.907051 0.791987 0.921795 0.733013 0.942949 0.720192 0.958974 0.727885 0.951282 0.76891 0.954487 0.800962 0.9666669999999999 0.820192 0.970513 0.825321 0.996795 0.821474
0 0.370513 0.602244 0.355769 0.639423 0.34743599999999997 0.65609 0.36538499999999996 0.666346 0.371795 0.665064 0.38333300000000003 0.698397 0.38205100000000003 0.726603 0.36794899999999997 0.799679 0.31602600000000003 0.813782 0.29871800000000004 0.770192 0.28525599999999995 0.721474 0.30640999999999996 0.640705 0.31859000000000004 0.621474 0.30897399999999997 0.580449 0.30897399999999997 0.553526 0.32756399999999997 0.540705 0.353846 0.561218 0.36474399999999996 0.572756 0.373077 0.589423
0 0.532051 0.574038 0.5506409999999999 0.598397 0.528205 0.649679 0.496154 0.677885 0.48974399999999996 0.66891 0.475641 0.609936 0.48846199999999995 0.585577 0.525641 0.571474
0 0.512821 0.731731 0.537821 0.758654 0.514103 0.794551 0.517949 0.843269 0.530769 0.876603 0.524359 0.922756 0.502564 0.954808 0.473718 0.91891 0.47243599999999997 0.883013 0.46282100000000004 0.822756 0.44487200000000005 0.735577 0.44359000000000004 0.674038 0.461538 0.689423 0.49166699999999997 0.730449 0.498718 0.730449
0 0.274359 0.1125 0.25705100000000003 0.129167 0.252564 0.158654 0.26217900000000005 0.226603 0.27756400000000003 0.245833 0.28397399999999995 0.276603 0.24423099999999998 0.30609 0.21474400000000005 0.299679 0.18910300000000002 0.263782 0.18461499999999997 0.186859 0.17243600000000003 0.131731 0.18012799999999995 0.093269 0.20192299999999996 0.071474 0.21410300000000004 0.057372 0.264103 0.079167 0.272436 0.079167
0 0.084615 0.298397 0.09230799999999995 0.352244 0.10320499999999999 0.391987 0.12115399999999998 0.4125 0.11025600000000002 0.457372 0.09358999999999995 0.485577 0.07179500000000005 0.5125 0.04102600000000001 0.554808 0.02435900000000002 0.541987 0.005128000000000021 0.411218 0.016025999999999985 0.36891 0.026282000000000028 0.327885 0.04487200000000002 0.303526 0.07179500000000005 0.302244
0 0.25769200000000003 0.385577 0.28333299999999995 0.417628 0.276282 0.467628 0.25 0.509936 0.24551299999999998 0.521474 0.22307699999999997 0.513782 0.212179 0.4625 0.208333 0.436859 0.23846199999999995 0.41891 0.23910299999999995 0.390705
0 0.18717899999999998 0.871474 0.21346200000000004 0.947115 0.228205 0.979167 0.230128 0.995833 0.09679499999999996 0.991987 0.11474399999999996 0.895833 0.12051299999999998 0.867628 0.146795 0.865064 0.17756400000000006 0.85609
0 0.745513 0.786859 0.761538 0.820192 0.7608969999999999 0.854808 0.753205 0.879167 0.766026 0.91891 0.771154 0.945833 0.796154 0.9625 0.772436 0.998397 0.735897 0.959936 0.733974 0.988141 0.721795 0.993269 0.7125 0.995833 0.657051 0.999679 0.661538 0.974038 0.684615 0.939423 0.7211540000000001 0.907372 0.726282 0.870192 0.710256 0.833013 0.6923079999999999 0.849679 0.670513 0.850962 0.685897 0.779167 0.734615 0.783013
0 0.814744 0.636859 0.812179 0.707372 0.7858970000000001 0.727885 0.770513 0.650962 0.786538 0.639423
0 0.620513 0.774038 0.6141030000000001 0.844551 0.5948720000000001 0.931731 0.588462 0.953526 0.5743590000000001 0.909936 0.582051 0.820192 0.5878209999999999 0.759936 0.605128 0.759936