0 0.19551300000000005 0.144551 0.249359 0.197115 0.275641 0.222756 0.29359 0.224038 0.28589699999999996 0.297115 0.28269200000000005 0.399679 0.28525599999999995 0.40609 0.21858999999999995 0.359936 0.16217899999999996 0.294551 0.13974399999999998 0.240705 0.13141000000000003 0.204808 0.15448700000000004 0.167628 0.18525599999999998 0.143269
0 0.623077 0.01891 0.5948720000000001 0.120192 0.575 0.1625 0.528205 0.186859 0.480128 0.222756 0.46346200000000004 0.181731 0.461538 0.089423 0.461538 0.036859 0.458333 0.00609 0.6128210000000001 0.00609
0 0.697436 0.236859 0.73141 0.313782 0.735897 0.380449 0.763462 0.444551 0.758333 0.517628 0.74359 0.574038 0.7032050000000001 0.626603 0.680769 0.61891 0.658974 0.549679 0.650641 0.481731 0.6346149999999999 0.471474 0.630128 0.575321 0.600641 0.581731 0.566667 0.517628 0.5576920000000001 0.467628 0.585897 0.417628 0.610256 0.417628 0.6153850000000001 0.352244 0.61859 0.311218 0.654487 0.308654 0.6525639999999999 0.257372 0.635256 0.222756 0.6756409999999999 0.230449 0.70641 0.231731
0 0.889103 0.193269 0.917308 0.226603 0.948718 0.254808 0.961538 0.302244 0.964744 0.403526 0.965385 0.453526 0.899359 0.549679 0.885256 0.549679 0.846154 0.502244 0.816026 0.439423 0.808333 0.384295 0.847436 0.391987 0.860897 0.374038 0.861538 0.300962 0.851923 0.239423 0.854487 0.185577 0.860897 0.166346
0 0.815385 0.781731 0.815385 0.81891 0.794231 0.861218 0.789103 0.916346 0.762821 0.926603 0.7429490000000001 0.889423 0.748077 0.807372 0.765385 0.777885 0.789744 0.774038
0 0.729487 0.709936 0.728205 0.757372 0.6980770000000001 0.798397 0.6935899999999999 0.843269 0.673718 0.794551 0.680769 0.748397 0.708333 0.722756 0.7224360000000001 0.697115
0 0.585256 0.776603 0.6551279999999999 0.807372 0.669872 0.843269 0.657051 0.904808 0.591026 0.936859 0.5506409999999999 0.889423 0.545513 0.85609 0.542308 0.798397 0.578846 0.740705
0 0.44294900000000004 0.626603 0.440385 0.730449 0.438462 0.809936 0.40448700000000004 0.763782 0.36859 0.740705 0.33974400000000005 0.767628 0.30705099999999996 0.765064 0.28589699999999996 0.666346 0.274359 0.607372 0.28653799999999996 0.583013 0.351923 0.598397 0.388462 0.585577 0.40897399999999995 0.575321 0.437179 0.608654 0.44935899999999995 0.608654
0 0.44102600000000003 0.353526 0.42948699999999995 0.424038 0.42884599999999995 0.441987 0.400641 0.508654 0.388462 0.376603 0.396154 0.361218
0 0.501282 0.795833 0.5070509999999999 0.81891 0.483333 0.872756 0.478205 0.911218 0.473718 0.925321 0.44294900000000004 0.920192 0.40256400000000003 0.857372 0.437821 0.835577 0.49230799999999997 0.784295
0 0.14102599999999998 0.807372 0.18397399999999997 0.831731 0.22307699999999997 0.879167 0.252564 0.895833 0.28397399999999995 0.911218 0.313462 0.924038 0.32371799999999995 0.991987 0.14359 0.988141 0.11153800000000003 0.945833 0.09551299999999996 0.924038 0.10705100000000001 0.885577 0.12884600000000002 0.813782
0 0.07564099999999996 0.352244 0.16025599999999995 0.429167 0.20128199999999996 0.463782 0.20576899999999998 0.508654 0.19551300000000005 0.515064 0.15448700000000004 0.55609 0.19166700000000003 0.595833 0.20192299999999996 0.570192 0.18653799999999998 0.750962 0.17051300000000003 0.7625 0.13782099999999997 0.758654 0.11346199999999995 0.758654 0.09871799999999997 0.691987 0.11730799999999997 0.581731 0.128205 0.535577 0.09807699999999997 0.536859 0.08205099999999999 0.627885 0.06410300000000002 0.730449 0.03653799999999996 0.795833 0.016666999999999987 0.800962 0.005128000000000021 0.765064 0.0032050000000000134 0.508654 0.038461999999999996 0.454808 0.04102600000000001 0.404808 0.06089699999999998 0.361218