0 0.994872 0.263782 0.982692 0.279167 0.971795 0.272756 0.960897 0.275321 0.955128 0.270192 0.942949 0.252244 0.921795 0.230449 0.891667 0.181731 0.875 0.180449 0.871154 0.233013 0.855128 0.295833 0.858974 0.443269 0.888462 0.488141 0.901923 0.504808 0.910897 0.598397 0.91859 0.686859 0.917308 0.735577 0.921154 0.788141 0.944872 0.827885 0.960256 0.833013 0.998077 0.829167 0.998718 0.291987
0 0.74359 0.088141 0.769231 0.102244 0.7846150000000001 0.067628 0.779487 0.144551 0.772436 0.204808 0.753205 0.224038 0.735897 0.224038 0.708333 0.176603 0.685256 0.224038 0.673718 0.235577 0.641026 0.186859 0.620513 0.135577 0.6128210000000001 0.103526 0.609615 0.004808 0.6910259999999999 0.011218 0.724359 0.057372 0.7198720000000001 0.088141
0 0.5576920000000001 0.430449 0.571795 0.445833 0.576282 0.493269 0.560897 0.543269 0.553205 0.547115 0.532051 0.558654 0.5083329999999999 0.55609 0.504487 0.5125 0.480769 0.508654 0.460256 0.500962 0.46858999999999995 0.466346 0.494231 0.399679 0.504487 0.403526
0 0.479487 0.06891 0.45641 0.131731 0.44551300000000005 0.195833 0.44359000000000004 0.217628 0.44166700000000003 0.241987 0.45384599999999997 0.291987 0.460256 0.322756 0.45064099999999996 0.374038 0.437179 0.425321 0.43012799999999995 0.475321 0.42628200000000005 0.524038 0.412821 0.536859 0.380128 0.525321 0.36859 0.438141 0.350641 0.430449 0.30769199999999997 0.483013 0.31730800000000003 0.527885 0.29679500000000003 0.685577 0.269872 0.645833 0.26282099999999997 0.616346 0.26153800000000005 0.529167 0.252564 0.508654 0.249359 0.489423 0.271154 0.403526 0.270513 0.339423 0.270513 0.311218 0.337179 0.335577 0.36474399999999996 0.30609 0.373077 0.270192 0.355769 0.213782 0.34487199999999996 0.190705 0.38333300000000003 0.075321 0.42500000000000004 0.027885 0.44743599999999994 0.015064 0.461538 0.033013 0.46923099999999995 0.036859
0 0.20064099999999996 0.030449 0.18269199999999997 0.113782 0.18525599999999998 0.185577 0.17948699999999995 0.215064 0.17307700000000004 0.240705 0.17051300000000003 0.286859 0.15897399999999995 0.349679 0.13205100000000003 0.347115 0.10705100000000001 0.343269 0.10961500000000002 0.26891 0.11282099999999995 0.230449 0.09743599999999997 0.243269 0.047436000000000034 0.261218 0.042949000000000015 0.274038 0.008974000000000038 0.233013 0.016666999999999987 0.190705 0.008974000000000038 0.157372 0.010256000000000043 0.113782 0.010256000000000043 0.065064 0.030128000000000044 0.076603 0.04487200000000002 0.038141 0.05833299999999997 0.030449 0.07884599999999997 0.049679 0.09615399999999996 0.045833 0.125 0.035577 0.126282 0.008654 0.20640999999999998 0.008654
0 0.146154 0.379167 0.166026 0.427885 0.166667 0.440705 0.15448700000000004 0.461218 0.15000000000000002 0.503526 0.14935900000000002 0.525321 0.144231 0.544551 0.128205 0.538141 0.11923099999999998 0.522756 0.11346199999999995 0.50609 0.11794899999999997 0.46891 0.11410299999999995 0.426603 0.104487 0.426603 0.09551299999999996 0.429167 0.10641 0.386859
0 0.311538 0.708654 0.33846200000000004 0.675321 0.360256 0.691987 0.34294899999999995 0.733013 0.33846200000000004 0.745833 0.34679499999999996 0.793269 0.353846 0.821474 0.353846 0.834295 0.34166700000000005 0.858654 0.335256 0.884295 0.330769 0.916346 0.31987200000000005 0.934295 0.291667 0.941987 0.266667 0.952244 0.253205 0.967628 0.23846199999999995 0.963782 0.19935899999999995 0.934295 0.15833299999999995 0.907372 0.12243599999999999 0.881731 0.083974 0.827885 0.07820499999999997 0.821474 0.05128200000000005 0.786859 0.02435900000000002 0.724038 0.02884600000000004 0.683013 0.05320499999999995 0.683013 0.06666700000000003 0.686859 0.09038500000000005 0.744551 0.08974400000000005 0.763782 0.09166700000000005 0.789423 0.13525600000000004 0.793269 0.17628200000000005 0.789423 0.209615 0.797115 0.230769 0.830449 0.248718 0.824038 0.248718 0.797115 0.23782099999999995 0.765064 0.23397400000000002 0.741987 0.23525600000000002 0.70609 0.263462 0.686859 0.274359 0.681731 0.289744 0.690705
0 0.412821 0.889423 0.436538 0.907372 0.434615 0.952244 0.43140999999999996 0.994551 0.396154 0.988141 0.38653800000000005 0.96891 0.40320500000000004 0.907372 0.40192300000000003 0.888141 0.40256400000000003 0.876603
0 0.794872 0.591987 0.820513 0.604808 0.8423080000000001 0.61891 0.849359 0.658654 0.851282 0.685577 0.852564 0.711218 0.822436 0.725321 0.776282 0.657372 0.76859 0.627885 0.763462 0.604808 0.73141 0.579167 0.725 0.558654 0.73141 0.516346 0.773718 0.489423 0.775641 0.5125 0.778205 0.565064 0.780769 0.581731
0 0.633974 0.391987 0.650641 0.436859 0.6730769999999999 0.470192 0.675 0.491987 0.653205 0.504808 0.640385 0.507372 0.636538 0.474038 0.630128 0.422756
0 0.561538 0.734295 0.564744 0.758654 0.565385 0.767628 0.557051 0.807372 0.526923 0.798397 0.513462 0.815064 0.503846 0.825321 0.483974 0.829167 0.46794899999999995 0.822756 0.46410300000000004 0.765064 0.48974399999999996 0.743269 0.501923 0.724038 0.5070509999999999 0.700962 0.51859 0.731731 0.5333330000000001 0.740705 0.544872 0.739423 0.5551280000000001 0.729167
0 0.5673079999999999 0.233013 0.588462 0.234295 0.598718 0.253526 0.596795 0.274038 0.5756410000000001 0.307372 0.564103 0.317628 0.5519229999999999 0.274038 0.5358970000000001 0.263782 0.526282 0.241987 0.5288459999999999 0.209936 0.559615 0.216346
0 0.13461500000000004 0.588141 0.13012800000000002 0.641987 0.13012800000000002 0.659936 0.09615399999999996 0.630449 0.09294899999999995 0.645833 0.09102600000000005 0.65609 0.07051300000000005 0.627885 0.05705099999999996 0.635577 0.047436000000000034 0.650962 0.038461999999999996 0.631731 0.05897399999999997 0.60609 0.07756399999999997 0.594551 0.09551299999999996 0.577885 0.11153800000000003 0.588141 0.127564 0.577885 0.13461500000000004 0.572756