0 0.398718 0.199679 0.41217899999999996 0.227885 0.437821 0.241987 0.44679500000000005 0.238141 0.459615 0.220192 0.476923 0.240705 0.477564 0.2625 0.44102600000000003 0.358654 0.44679500000000005 0.391987 0.473718 0.427885 0.505128 0.470192 0.5108969999999999 0.494551 0.526282 0.539423 0.533974 0.563782 0.48846199999999995 0.536859 0.462179 0.50609 0.42884599999999995 0.45609 0.414744 0.4125 0.40641000000000005 0.390705 0.38397400000000004 0.385577 0.372436 0.322756 0.36666699999999997 0.266346 0.371795 0.234295 0.380769 0.200962
0 0.5506409999999999 0.259936 0.5974360000000001 0.279167 0.6179490000000001 0.290705 0.630769 0.357372 0.58141 0.388141 0.552564 0.380449 0.530769 0.338141 0.5288459999999999 0.274038
0 0.7391030000000001 0.05609 0.734615 0.0625 0.6935899999999999 0.093269 0.677564 0.147115 0.650641 0.224038 0.6128210000000001 0.261218 0.601923 0.216346 0.5974360000000001 0.1625 0.610897 0.116346 0.6153850000000001 0.079167 0.625641 0.031731 0.639103 0.004808 0.722917 0.0
0 0.886538 0.007372 0.898077 0.061218 0.890385 0.116346 0.882692 0.179167 0.862179 0.217628 0.81859 0.299679 0.803205 0.334295 0.778205 0.339423 0.771154 0.277885 0.76859 0.171474 0.7993589999999999 0.181731 0.8019229999999999 0.143269 0.796154 0.115064 0.792308 0.05609 0.7814099999999999 0.021474 0.775641 0.00609 0.880128 0.003526
0 0.998077 0.115064 0.988462 0.100962 0.979487 0.044551 0.969872 0.022756 0.95 0.016346 0.939103 0.049679 0.9673080000000001 0.152244 0.967949 0.207372 0.958333 0.286859 0.951923 0.297115 0.944872 0.315064 0.933333 0.433013 0.936538 0.477885 0.950641 0.498397 0.960256 0.486859 0.978205 0.433013 0.99359 0.374038 0.998077 0.322756
0 0.875 0.447115 0.896154 0.509936 0.883333 0.539423 0.870513 0.548397 0.847436 0.524038 0.855769 0.483013 0.860256 0.467628
0 0.769872 0.436859 0.805769 0.454808 0.794872 0.517628 0.782051 0.639423 0.8038460000000001 0.667628 0.810897 0.690705 0.807692 0.717628 0.7993589999999999 0.743269 0.755128 0.794551 0.763462 0.715064 0.714744 0.709936 0.6993590000000001 0.661218 0.689103 0.613782 0.690385 0.534295 0.6948719999999999 0.495833 0.720513 0.477885 0.7416670000000001 0.454808
0 0.646154 0.558654 0.6608970000000001 0.584295 0.6596150000000001 0.626603 0.647436 0.644551 0.642949 0.653526 0.6153850000000001 0.621474 0.6333329999999999 0.591987
0 0.6583330000000001 0.690705 0.66859 0.726603 0.6948719999999999 0.71891 0.6961539999999999 0.743269 0.702564 0.779167 0.697436 0.825321 0.6839740000000001 0.839423 0.671154 0.827885 0.6576919999999999 0.802244 0.64359 0.788141 0.6320509999999999 0.736859 0.641667 0.711218
0 0.25961500000000004 0.327885 0.27756400000000003 0.370192 0.292949 0.353526 0.315385 0.447115 0.31730800000000003 0.476603 0.29615400000000003 0.499679 0.23397400000000002 0.541987 0.21858999999999995 0.552244 0.18461499999999997 0.563782 0.15705100000000005 0.502244 0.15384600000000004 0.448397 0.17115400000000003 0.389423 0.19935899999999995 0.417628 0.20512799999999998 0.421474 0.22628199999999998 0.411218 0.24358999999999997 0.400962 0.24358999999999997 0.384295 0.23974399999999996 0.331731
0 0.005769000000000024 0.4625 0.02243600000000001 0.458654 0.07564099999999996 0.489423 0.08269199999999999 0.50609 0.08846200000000004 0.557372 0.09038500000000005 0.634295 0.11666699999999997 0.684295 0.19102600000000003 0.638141 0.20705099999999999 0.686859 0.208974 0.8125 0.19487200000000005 0.898397 0.162821 0.902244 0.09999999999999998 0.916346 0.08910300000000004 0.972756 0.08910300000000004 0.991987 0.0025640000000000107 0.994551 0.0012820000000000054 0.475321
0 0.985256 0.633013 0.952564 0.630449 0.923077 0.653526 0.910256 0.689423 0.88141 0.715064 0.900641 0.766346 0.913462 0.7625 0.934615 0.725321 0.9480770000000001 0.703526 0.974359 0.71891 0.978205 0.725321
0 0.902564 0.913782 0.919231 0.977885 0.915385 0.989423 0.86859 0.995833 0.872436 0.950962 0.882692 0.917628
0 0.754487 0.834295 0.771795 0.863782 0.75641 0.916346 0.744231 0.871474 0.746154 0.839423
0 0.834615 0.944551 0.851282 0.953526 0.855769 0.963782 0.857692 0.975321 0.85 0.990705 0.792308 0.993269 0.776282 0.974038 0.775641 0.952244 0.796795 0.953526 0.8198719999999999 0.948397 0.8256410000000001 0.948397
0 0.503846 0.875321 0.522436 0.921474 0.5493589999999999 0.948397 0.578846 0.959936 0.576282 0.989423 0.50641 0.991987 0.482692 0.939423 0.46794899999999995 0.926603 0.486538 0.891987 0.48846199999999995 0.885577 0.510256 0.874038