0 0.896154 0.004808 0.879487 0.067628 0.886538 0.120192 0.899359 0.147115 0.917308 0.170192 0.9288460000000001 0.213782 0.930769 0.266346 0.9083330000000001 0.265064 0.810897 0.254808 0.7826919999999999 0.254808 0.7826919999999999 0.241987 0.782051 0.179167 0.764103 0.007372
0 0.678205 0.038141 0.6826920000000001 0.124038 0.6730769999999999 0.161218 0.6333329999999999 0.185577 0.64359 0.241987 0.641667 0.271474 0.621154 0.291987 0.5769230000000001 0.276603 0.565385 0.25609 0.525 0.280449 0.525 0.290705 0.501282 0.289423 0.48974399999999996 0.281731 0.473718 0.250962 0.44935899999999995 0.194551 0.40769200000000005 0.00609 0.6 0.007372 0.639103 0.041987 0.66859 0.040705
0 0.773718 0.261218 0.792308 0.30609 0.79359 0.353526 0.8051280000000001 0.394551 0.8019229999999999 0.408654 0.776923 0.416346 0.728846 0.431731 0.691667 0.443269 0.6980770000000001 0.513782 0.7153849999999999 0.571474 0.769872 0.6625 0.773718 0.690705 0.769872 0.727885 0.760256 0.795833 0.752564 0.808654 0.725641 0.779167 0.664103 0.688141 0.630769 0.61891 0.621154 0.563782 0.6333329999999999 0.490705 0.636538 0.441987 0.6333329999999999 0.383013 0.642308 0.303526 0.651923 0.280449 0.671154 0.294551 0.705769 0.267628 0.720513 0.258654
0 0.22564099999999998 0.063782 0.263462 0.100962 0.24487199999999998 0.2125 0.230769 0.304808 0.21923099999999995 0.426603 0.207692 0.554808 0.20384599999999997 0.571474 0.19999999999999996 0.608654 0.19615400000000005 0.626603 0.17371800000000004 0.633013 0.125641 0.626603 0.11217900000000003 0.580449 0.12115399999999998 0.5625 0.145513 0.565064 0.15128200000000003 0.544551 0.146795 0.497115 0.141667 0.454808 0.15576900000000005 0.4125 0.14359 0.365064 0.123718 0.331731 0.103846 0.304808 0.09358999999999995 0.257372 0.11025600000000002 0.167628 0.142308 0.06891 0.211538 0.05609
0 0.11666699999999997 0.0125 0.10961500000000002 0.052244 0.10769200000000001 0.075321 0.08012799999999998 0.166346 0.05064100000000005 0.199679 0.04615400000000003 0.20609 0.011538000000000048 0.188141 0.0025640000000000107 0.140705 0.0032050000000000134 0.007372
0 0.11346199999999995 0.386859 0.11602599999999996 0.445833 0.10192299999999999 0.50609 0.057691999999999966 0.495833 0.07628199999999996 0.570192 0.07115400000000005 0.643269 0.06538500000000003 0.671474 0.07115400000000005 0.699679 0.12307699999999999 0.689423 0.12884600000000002 0.708654 0.12307699999999999 0.774038 0.09423099999999995 0.836859 0.05897399999999997 0.894551 0.005769000000000024 0.853526 0.0025640000000000107 0.629167 0.018589999999999995 0.641987 0.028205000000000036 0.621474 0.021154000000000006 0.590705 0.003846000000000016 0.570192 0.003846000000000016 0.336859 0.023718000000000017 0.329167 0.03589699999999996 0.371474 0.04871800000000004 0.376603 0.07115400000000005 0.421474 0.07948699999999997 0.431731 0.09294899999999995 0.404808
0 0.40641000000000005 0.340705 0.42115400000000003 0.409936 0.43140999999999996 0.463782 0.438462 0.503526 0.440385 0.602244 0.44807699999999995 0.6125 0.498077 0.561218 0.519872 0.598397 0.532051 0.643269 0.511538 0.708654 0.498077 0.748397 0.48974399999999996 0.780449 0.46282100000000004 0.798397 0.43076899999999996 0.811218 0.40897399999999995 0.809936 0.38205100000000003 0.777885 0.36346199999999995 0.766346 0.351923 0.748397 0.348718 0.709936 0.36474399999999996 0.650962 0.36794899999999997 0.630449 0.34166700000000005 0.586859 0.329487 0.559936 0.32243599999999994 0.497115 0.34294899999999995 0.465064 0.36730799999999997 0.449679 0.39359 0.394551 0.34423099999999995 0.320192 0.34358999999999995 0.298397 0.369872 0.297115 0.395513 0.309936
0 0.521154 0.916346 0.542308 0.938141 0.561538 0.938141 0.5698719999999999 0.966346 0.5756410000000001 0.993269 0.476923 0.994551 0.483974 0.959936 0.498718 0.908654
0 0.29743600000000003 0.65609 0.292949 0.702244 0.27948700000000004 0.730449 0.271795 0.747115 0.271795 0.75609 0.24102599999999996 0.708654 0.23397400000000002 0.689423 0.24551299999999998 0.680449 0.26282099999999997 0.690705 0.275641 0.683013 0.27820500000000004 0.650962 0.28141000000000005 0.641987 0.290385 0.640705
0 0.275 0.790705 0.28333299999999995 0.807372 0.290385 0.841987 0.272436 0.903526 0.23141 0.90609 0.22307699999999997 0.877885 0.24487199999999998 0.822756 0.25769200000000003 0.795833
0 0.992308 0.231731 0.98141 0.258654 0.990385 0.31891 0.973077 0.321474 0.937179 0.299679 0.920513 0.302244 0.911538 0.366346 0.9 0.385577 0.875641 0.417628 0.873718 0.531731 0.870513 0.541987 0.865385 0.558654 0.889744 0.581731 0.937179 0.604808 0.951282 0.591987 0.953205 0.638141 0.946795 0.659936 0.9288460000000001 0.663782 0.904487 0.66891 0.892308 0.704808 0.894872 0.752244 0.905769 0.771474 0.912821 0.794551 0.937821 0.809936 0.969231 0.800962 0.998718 0.788141 0.995513 0.600962 0.979487 0.629167 0.978846 0.567628 0.982051 0.543269 0.982051 0.50609 0.977564 0.471474 0.962821 0.459936 0.965385 0.434295 0.996154 0.415064 0.997436 0.245833
0 0.22435899999999998 0.947115 0.21538500000000005 0.983013 0.211538 0.995833 0.10192299999999999 0.993269 0.10064099999999998 0.949679 0.10641 0.915064 0.124359 0.947115 0.167308 0.924038 0.17756400000000006 0.911218 0.20256399999999997 0.9625 0.21346200000000004 0.954808