0 0.855769 0.152244 0.857692 0.220192 0.860256 0.266346 0.851282 0.285577 0.847436 0.31891 0.846795 0.330449 0.857051 0.343269 0.873077 0.343269 0.878846 0.336859 0.89359 0.335577 0.917949 0.358654 0.925 0.365064 0.923718 0.400962 0.901282 0.480449 0.896795 0.50609 0.886538 0.531731 0.863462 0.558654 0.854487 0.56891 0.812179 0.570192 0.79359 0.558654 0.773077 0.524038 0.7608969999999999 0.480449 0.746795 0.438141 0.746795 0.40609 0.742308 0.361218 0.760256 0.281731 0.773077 0.234295 0.790385 0.181731 0.814103 0.150962 0.826282 0.145833
0 0.6717949999999999 0.258654 0.685256 0.300962 0.680769 0.336859 0.685897 0.352244 0.710256 0.354808 0.723718 0.350962 0.726923 0.376603 0.729487 0.430449 0.723718 0.475321 0.6961539999999999 0.534295 0.6801280000000001 0.536859 0.658974 0.545833 0.632692 0.525321 0.621154 0.495833 0.6166670000000001 0.452244 0.622436 0.409936 0.610256 0.389423 0.609615 0.343269 0.607692 0.299679 0.582692 0.231731 0.5660259999999999 0.215064 0.536538 0.174038 0.5333330000000001 0.158654 0.516667 0.121474 0.521795 0.040705 0.525 0.002244 0.5730770000000001 0.016346 0.5935900000000001 0.047115 0.607692 0.100962 0.6166670000000001 0.148397 0.624359 0.171474 0.640385 0.181731 0.6525639999999999 0.20609 0.666026 0.235577
0 0.419872 0.145833 0.457692 0.183013 0.45320499999999997 0.21891 0.44359000000000004 0.304808 0.439744 0.363782 0.439744 0.453526 0.44487200000000005 0.495833 0.44999999999999996 0.527885 0.44551300000000005 0.572756 0.42179500000000003 0.61891 0.401282 0.644551 0.36730799999999997 0.652244 0.34294899999999995 0.5625 0.33846200000000004 0.50609 0.335897 0.46891 0.34807699999999997 0.417628 0.394872 0.413782 0.40897399999999995 0.403526 0.41153799999999996 0.308654 0.40961499999999995 0.265064 0.371795 0.295833 0.348718 0.307372 0.33782100000000004 0.253526 0.38141 0.215064 0.394231 0.203526 0.394872 0.172756 0.388462 0.152244 0.40448700000000004 0.133013
0 0.34358999999999995 0.067628 0.350641 0.127885 0.34358999999999995 0.199679 0.313462 0.238141 0.269872 0.303526 0.22435899999999998 0.279167 0.22115399999999996 0.245833 0.25641 0.135577 0.26025600000000004 0.102244 0.28717899999999996 0.057372 0.31923100000000004 0.036859 0.334615 0.043269
0 0.228846 0.024038 0.24102599999999996 0.089423 0.23525600000000002 0.116346 0.18782100000000002 0.136859 0.15064100000000002 0.165064 0.10897400000000002 0.158654 0.09423099999999995 0.104808 0.128205 0.035577 0.13717900000000005 0.00609 0.21923099999999995 0.003526
0 0.23397400000000002 0.581731 0.249359 0.626603 0.27692300000000003 0.639423 0.29871800000000004 0.667628 0.30576899999999996 0.702244 0.31602600000000003 0.745833 0.32307699999999995 0.786859 0.30576899999999996 0.839423 0.28076900000000005 0.904808 0.269231 0.939423 0.26089700000000005 0.966346 0.253205 0.993269 0.17115400000000003 0.991987 0.18397399999999997 0.952244 0.21730799999999995 0.917628 0.24230799999999997 0.891987 0.24166699999999997 0.854808 0.22307699999999997 0.80609 0.19679500000000005 0.736859 0.16794900000000001 0.658654 0.19807699999999995 0.583013 0.21730799999999995 0.581731
0 0.10256399999999999 0.284295 0.11474399999999996 0.3125 0.11858999999999997 0.333013 0.12051299999999998 0.367628 0.11153800000000003 0.4125 0.09551299999999996 0.466346 0.07948699999999997 0.477885 0.07371799999999995 0.486859 0.057691999999999966 0.484295 0.04423100000000002 0.474038 0.03397399999999995 0.445833 0.032692000000000054 0.386859 0.03653799999999996 0.365064 0.047436000000000034 0.365064 0.06282100000000002 0.336859 0.08846200000000004 0.285577
0 0.905769 0.704808 0.912179 0.7625 0.919872 0.780449 0.922436 0.895833 0.926282 0.913782 0.932051 0.941987 0.929487 0.989423 0.8641030000000001 0.993269 0.869231 0.929167 0.860256 0.902244 0.846795 0.895833 0.837179 0.898397 0.817308 0.86891 0.808333 0.834295 0.804487 0.813782 0.816667 0.766346 0.819231 0.722756 0.819231 0.703526 0.842949 0.698397 0.864744 0.704808 0.884615 0.689423 0.892949 0.683013
0 0.776923 0.677885 0.8038460000000001 0.724038 0.777564 0.774038 0.758974 0.791987 0.735256 0.804808 0.687821 0.781731 0.667308 0.815064 0.662821 0.831731 0.624359 0.833013 0.6141030000000001 0.790705 0.630128 0.748397 0.660256 0.726603 0.665385 0.697115 0.698718 0.691987 0.727564 0.684295 0.758333 0.667628 0.769872 0.66891
0 0.46923099999999995 0.816346 0.496154 0.872756 0.5121789999999999 0.898397 0.516026 0.959936 0.50641 0.991987 0.46858999999999995 0.990705 0.458333 0.981731 0.454487 0.904808 0.44551300000000005 0.859936 0.44551300000000005 0.834295 0.460897 0.8125
0 0.553205 0.580449 0.5685899999999999 0.60609 0.578846 0.647115 0.580128 0.730449 0.5685899999999999 0.758654 0.555769 0.774038 0.542308 0.748397 0.539103 0.730449 0.542949 0.690705 0.5506409999999999 0.654808 0.548718 0.627885 0.5301279999999999 0.616346 0.519872 0.643269 0.494872 0.645833 0.476923 0.607372 0.482692 0.576603 0.503846 0.561218 0.525 0.563782 0.5493589999999999 0.5625
0 0.804487 0.026603 0.808333 0.083013 0.804487 0.116346 0.758974 0.139423 0.746154 0.075321 0.744231 0.031731 0.772436 0.015064 0.792308 0.015064