0 0.517949 0.152244 0.523077 0.195833 0.5314099999999999 0.240705 0.5371790000000001 0.270192 0.557051 0.249679 0.5743590000000001 0.261218 0.591026 0.325321 0.586538 0.363782 0.559615 0.390705 0.533974 0.425321 0.500641 0.45609 0.47115399999999996 0.493269 0.44230800000000003 0.452244 0.41153799999999996 0.41891 0.389103 0.3625 0.38525600000000004 0.309936 0.36666699999999997 0.309936 0.34615399999999996 0.298397 0.32051300000000005 0.271474 0.295513 0.299679 0.28525599999999995 0.257372 0.28525599999999995 0.175321 0.29679500000000003 0.134295 0.31923100000000004 0.179167 0.335256 0.175321 0.351282 0.081731 0.36794899999999997 0.030449 0.38653800000000005 0.017628 0.42500000000000004 0.024038 0.42500000000000004 0.06891 0.41089699999999996 0.108654 0.40897399999999995 0.159936 0.414103 0.185577 0.439103 0.188141 0.46730799999999995 0.188141 0.478205 0.159936 0.5070509999999999 0.154808
0 0.17500000000000004 0.035577 0.19038500000000003 0.079167 0.19871799999999995 0.095833 0.21794899999999995 0.088141 0.23974399999999996 0.1125 0.22115399999999996 0.141987 0.20640999999999998 0.171474 0.20320499999999997 0.207372 0.17307700000000004 0.266346 0.144231 0.293269 0.11858999999999997 0.293269 0.09935899999999998 0.300962 0.085256 0.259936 0.07499999999999996 0.235577 0.07692299999999996 0.191987 0.09807699999999997 0.136859 0.12051299999999998 0.097115 0.125641 0.0625 0.11794899999999997 0.033013 0.14935900000000002 0.025321
0 0.10320499999999999 0.024038 0.10961500000000002 0.070192 0.10128199999999998 0.095833 0.04935900000000004 0.143269 0.023077000000000014 0.167628 0.0025640000000000107 0.152244 0.003846000000000016 0.009936 0.028205000000000036 0.026603 0.07435899999999995 0.017628 0.09102600000000005 0.015064
0 0.617308 0.008654 0.610256 0.033013 0.5756410000000001 0.054808 0.575 0.083013 0.567949 0.111218 0.5371790000000001 0.133013 0.523718 0.093269 0.514744 0.063782 0.511538 0.027885 0.514103 0.009936
0 0.944872 0.013782 0.934615 0.057372 0.925 0.090705 0.908974 0.109936 0.889744 0.116346 0.864744 0.080449 0.873077 0.038141 0.8628210000000001 0.0125 0.863462 0.004808 0.935897 0.008654
0 0.780769 0.098397 0.780769 0.139423 0.774359 0.186859 0.765385 0.224038 0.754487 0.2625 0.758974 0.279167 0.735897 0.290705 0.735897 0.298397 0.745513 0.316346 0.762821 0.309936 0.755128 0.365064 0.723077 0.386859 0.705128 0.394551 0.680769 0.366346 0.675 0.326603 0.6923079999999999 0.274038 0.688462 0.240705 0.692949 0.2125 0.702564 0.1625 0.7141029999999999 0.126603 0.727564 0.108654 0.753205 0.097115 0.770513 0.089423
0 0.562179 0.700962 0.5538460000000001 0.736859 0.5519229999999999 0.766346 0.541667 0.815064 0.539744 0.839423 0.530769 0.872756 0.524359 0.885577 0.5083329999999999 0.908654 0.475 0.865064 0.45256399999999997 0.852244 0.43012799999999995 0.833013 0.41217899999999996 0.770192 0.4 0.735577 0.38141 0.681731 0.40897399999999995 0.645833 0.458974 0.650962 0.477564 0.648397 0.504487 0.647115 0.520513 0.653526 0.537821 0.649679
0 0.26217900000000005 0.622756 0.26859 0.688141 0.29935900000000004 0.729167 0.310256 0.781731 0.34166700000000005 0.798397 0.34807699999999997 0.845833 0.332051 0.927885 0.32435899999999995 0.96891 0.28653799999999996 0.933013 0.266026 0.927885 0.24294899999999997 0.904808 0.21346200000000004 0.874038 0.209615 0.830449 0.18269199999999997 0.811218 0.15000000000000002 0.770192 0.13910299999999998 0.703526 0.15384600000000004 0.66891 0.16987200000000002 0.645833 0.19743599999999994 0.654808 0.207692 0.629167 0.20512799999999998 0.580449 0.230128 0.585577 0.250641 0.574038 0.25897400000000004 0.611218
0 0.28461499999999995 0.350962 0.264744 0.422756 0.263462 0.45609 0.267949 0.481731 0.23717900000000003 0.509936 0.22115399999999996 0.448397 0.19935899999999995 0.41891 0.19102600000000003 0.384295 0.18589699999999998 0.359936 0.19807699999999995 0.329167 0.23525600000000002 0.344551 0.25641 0.358654 0.267308 0.358654
0 0.664103 0.470192 0.6596150000000001 0.513782 0.638462 0.552244 0.625 0.572756 0.622436 0.589423 0.610897 0.552244 0.6128210000000001 0.499679 0.6153850000000001 0.4625 0.640385 0.466346 0.648077 0.480449
0 0.7826919999999999 0.520192 0.772436 0.561218 0.7814099999999999 0.575321 0.807692 0.575321 0.826923 0.590705 0.83141 0.625321 0.830769 0.690705 0.8019229999999999 0.716346 0.7858970000000001 0.730449 0.761538 0.739423 0.748077 0.672756 0.735897 0.674038 0.7153849999999999 0.675321 0.709615 0.657372 0.717949 0.635577 0.70641 0.603526 0.725641 0.554808 0.725 0.535577 0.753846 0.530449 0.764744 0.50609 0.772436 0.488141 0.788462 0.490705
0 0.937821 0.244551 0.937821 0.31891 0.9288460000000001 0.365064 0.912179 0.403526 0.886538 0.379167 0.867949 0.376603 0.857051 0.345833 0.845513 0.316346 0.8416669999999999 0.263782 0.861538 0.229167 0.869872 0.213782 0.876923 0.266346 0.900641 0.265064 0.919872 0.249679
0 0.998077 0.275321 0.975641 0.271474 0.964103 0.238141 0.958333 0.280449 0.954487 0.327885 0.969872 0.358654 0.983974 0.375321 0.998077 0.385577
0 0.88141 0.491987 0.892308 0.521474 0.903846 0.544551 0.900641 0.574038 0.891667 0.602244 0.882692 0.629167 0.876923 0.636859 0.852564 0.617628 0.8448720000000001 0.552244 0.845513 0.515064 0.862179 0.494551
0 0.09679499999999996 0.620192 0.09038500000000005 0.683013 0.086538 0.711218 0.06923100000000004 0.739423 0.05448699999999995 0.709936 0.03205100000000005 0.698397 0.027564000000000033 0.680449 0.059614999999999974 0.634295 0.05705099999999996 0.586859 0.08846200000000004 0.599679 0.09423099999999995 0.581731
0 0.021154000000000006 0.374038 0.045513000000000026 0.381731 0.059614999999999974 0.429167 0.039103 0.445833 0.023077000000000014 0.435577 0.0070510000000000295 0.408654 0.027564000000000033 0.365064
0 0.632692 0.775321 0.640385 0.843269 0.642949 0.886859 0.640385 0.909936 0.6166670000000001 0.866346 0.5935900000000001 0.81891 0.600641 0.774038