0 0.032692000000000054 0.152244 0.06089699999999998 0.181731 0.05897399999999997 0.244551 0.06859000000000004 0.293269 0.06538500000000003 0.299679 0.04935900000000004 0.3125 0.033332999999999946 0.320192 0.02948700000000004 0.271474 0.02435900000000002 0.247115 0.008333000000000035 0.225321 0.002082999999999946 0.216667 0.0012820000000000054 0.144551 0.026282000000000028 0.147115
0 0.104487 0.181731 0.141667 0.21891 0.15000000000000002 0.241987 0.17115400000000003 0.195833 0.18846200000000002 0.226603 0.18397399999999997 0.300962 0.17435900000000004 0.350962 0.15769200000000005 0.357372 0.123718 0.3125 0.08846200000000004 0.286859 0.085256 0.200962
0 0.309615 0.154808 0.32115400000000005 0.200962 0.350641 0.222756 0.388462 0.2125 0.398718 0.249679 0.400641 0.263782 0.36538499999999996 0.363782 0.289103 0.307372 0.273718 0.261218 0.26282099999999997 0.2125 0.26859 0.166346 0.28461499999999995 0.153526
0 0.44679500000000005 0.179167 0.48782099999999995 0.226603 0.45128199999999996 0.276603 0.44551300000000005 0.371474 0.45320499999999997 0.429167 0.46346200000000004 0.495833 0.46923099999999995 0.540705 0.459615 0.585577 0.44423100000000004 0.650962 0.44871799999999995 0.731731 0.45384599999999997 0.752244 0.46923099999999995 0.759936 0.5083329999999999 0.761218 0.5333330000000001 0.785577 0.538462 0.829167 0.528205 0.884295 0.485256 0.859936 0.43333299999999997 0.816346 0.42115400000000003 0.893269 0.398077 0.961218 0.38333300000000003 0.990705 0.30320499999999995 0.994551 0.335256 0.921474 0.391026 0.865064 0.400641 0.850962 0.394872 0.789423 0.396795 0.716346 0.40961499999999995 0.649679 0.396154 0.61891 0.371154 0.617628 0.351282 0.554808 0.358333 0.403526 0.379487 0.374038 0.413462 0.371474 0.417949 0.225321 0.42243600000000003 0.183013
0 0.661538 0.229167 0.689103 0.248397 0.6769229999999999 0.300962 0.678205 0.389423 0.663462 0.475321 0.6608970000000001 0.526603 0.666667 0.588141 0.664744 0.617628 0.585897 0.699679 0.563462 0.621474 0.570513 0.490705 0.5673079999999999 0.386859 0.576282 0.354808 0.577564 0.297115 0.578846 0.272756 0.619872 0.234295 0.641026 0.224038
0 0.996154 0.094551 0.955128 0.06891 0.917949 0.027885 0.901282 0.024038 0.884615 0.05609 0.892308 0.117628 0.912821 0.161218 0.941667 0.172756 0.957051 0.167628 0.973718 0.167628 0.978205 0.171474 0.996154 0.177885
0 0.849359 0.145833 0.874359 0.20609 0.9480770000000001 0.227885 0.961538 0.276603 0.928205 0.370192 0.834615 0.395833 0.815385 0.3625 0.835897 0.30609 0.835897 0.25609 0.771154 0.208654 0.792949 0.170192 0.841026 0.159936
0 0.782051 0.407372 0.807692 0.463782 0.851923 0.481731 0.882051 0.550962 0.860897 0.659936 0.862179 0.720192 0.846795 0.738141 0.8211539999999999 0.729167 0.8006409999999999 0.685577 0.780769 0.647115 0.773718 0.586859 0.762821 0.527885 0.748718 0.489423 0.755128 0.445833
0 0.996154 0.417628 0.967949 0.422756 0.937821 0.41891 0.954487 0.481731 0.962179 0.541987 0.965385 0.557372 0.997436 0.538141
0 0.996795 0.813782 0.98141 0.795833 0.962179 0.730449 0.946795 0.702244 0.9288460000000001 0.704808 0.910897 0.680449 0.898077 0.734295 0.884615 0.747115 0.9083330000000001 0.784295 0.912821 0.815064 0.914744 0.836859 0.935897 0.881731 0.941667 0.904808 0.95641 0.903526 0.975641 0.881731 0.997436 0.840705
0 0.687821 0.730449 0.710256 0.776603 0.707692 0.824038 0.726282 0.85609 0.716026 0.898397 0.713462 0.939423 0.66859 0.920192 0.6371789999999999 0.935577 0.608974 0.985577 0.564103 0.995833 0.551282 0.953526 0.58141 0.939423 0.592949 0.922756 0.621154 0.871474 0.648718 0.843269 0.6538459999999999 0.783013 0.667308 0.725321
0 0.547436 0.586859 0.517949 0.597115 0.5096149999999999 0.536859 0.5480769999999999 0.490705 0.563462 0.527885
0 0.11346199999999995 0.425321 0.13461500000000004 0.441987 0.17051300000000003 0.471474 0.13205100000000003 0.55609 0.12307699999999999 0.579167 0.087179 0.589423 0.08333299999999999 0.565064 0.09935899999999998 0.527885 0.11089700000000002 0.495833 0.09679499999999996 0.409936
0 0.06794900000000004 0.421474 0.06538500000000003 0.500962 0.057691999999999966 0.553526 0.05192300000000005 0.580449 0.032692000000000054 0.577885 0.006410000000000027 0.545833 0.0025640000000000107 0.449679 0.02948700000000004 0.436859
0 0.528205 0.991987 0.521795 0.971474 0.49230799999999997 0.950962 0.46346200000000004 0.924038 0.42692300000000005 0.965064 0.419872 0.990705 0.519872 0.994551
0 0.38653800000000005 0.013782 0.374359 0.048397 0.35641 0.084295 0.330769 0.091987 0.315385 0.083013 0.294872 0.080449 0.26859 0.085577 0.24358999999999997 0.052244 0.23589700000000002 0.00609
0 0.677564 0.009936 0.641667 0.061218 0.637821 0.066346 0.5974360000000001 0.049679 0.598077 0.011218
0 0.790385 0.813782 0.812821 0.834295 0.826282 0.853526 0.83141 0.893269 0.838462 0.945833 0.812821 0.971474 0.801282 0.945833 0.79359 0.867628 0.775 0.902244 0.75641 0.890705 0.757692 0.838141 0.763462 0.821474