0 0.913462 0.01891 0.910256 0.077885 0.911538 0.124038 0.896795 0.161218 0.845513 0.167628 0.827564 0.195833 0.8038460000000001 0.176603 0.812821 0.161218 0.819231 0.127885 0.8256410000000001 0.094551 0.805769 0.00609 0.9096150000000001 0.003526
0 0.640385 0.088141 0.65 0.144551 0.665385 0.215064 0.692949 0.227885 0.651282 0.272756 0.633974 0.298397 0.6166670000000001 0.303526 0.612179 0.263782 0.5782050000000001 0.229167 0.563462 0.177885 0.554487 0.099679 0.560897 0.030449 0.580128 0.071474 0.614744 0.083013
0 0.794231 0.424038 0.81859 0.475321 0.8391029999999999 0.548397 0.789103 0.627885 0.751923 0.647115 0.725 0.586859 0.7185900000000001 0.529167 0.732051 0.429167 0.767308 0.40609 0.789744 0.400962
0 0.995513 0.447115 0.967949 0.444551 0.94359 0.471474 0.916667 0.521474 0.915385 0.545833 0.935256 0.599679 0.930128 0.620192 0.903846 0.648397 0.901282 0.709936 0.924359 0.759936 0.957692 0.725321 0.985897 0.676603 0.985897 0.599679 0.978205 0.590705 0.991026 0.554808 0.999359 0.549679 0.997436 0.463782
0 0.858974 0.570192 0.875 0.615064 0.882692 0.653526 0.858974 0.657372 0.855769 0.688141 0.862179 0.709936 0.836538 0.767628 0.820513 0.75609 0.805769 0.736859 0.796795 0.703526 0.788462 0.675321 0.8019229999999999 0.643269 0.8256410000000001 0.627885 0.850641 0.576603
0 0.628205 0.352244 0.600641 0.417628 0.579487 0.447115 0.5564100000000001 0.463782 0.521154 0.4625 0.497436 0.454808 0.48717900000000003 0.411218 0.48717900000000003 0.339423 0.458974 0.313782 0.436538 0.288141 0.34487199999999996 0.26891 0.292308 0.236859 0.276282 0.215064 0.274359 0.170192 0.294872 0.094551 0.294872 0.0125 0.34230799999999995 0.011218 0.35641 0.083013 0.337179 0.083013 0.337179 0.117628 0.36410299999999995 0.138141 0.39359 0.172756 0.42179500000000003 0.190705 0.478205 0.170192 0.520513 0.152244 0.5333330000000001 0.180449 0.521154 0.227885 0.544872 0.277885 0.528205 0.31891 0.551282 0.344551 0.585256 0.341987 0.608974 0.307372
0 0.20064099999999996 0.024038 0.20128199999999996 0.077885 0.21858999999999995 0.148397 0.248718 0.16891 0.26089700000000005 0.150962 0.21923099999999995 0.290705 0.20640999999999998 0.302244 0.15833299999999995 0.283013 0.09294899999999995 0.190705 0.06923100000000004 0.098397 0.06859000000000004 0.002244 0.19294900000000004 0.004808
0 0.46858999999999995 0.499679 0.476282 0.526603 0.504487 0.545833 0.5493589999999999 0.56891 0.541026 0.624038 0.542308 0.683013 0.535256 0.722756 0.517949 0.711218 0.49230799999999997 0.703526 0.45064099999999996 0.629167 0.45320499999999997 0.513782 0.46474400000000005 0.483013
0 0.373718 0.659936 0.379487 0.675321 0.40961499999999995 0.799679 0.42692300000000005 0.817628 0.482051 0.7625 0.496154 0.772756 0.482692 0.859936 0.46730799999999995 0.895833 0.46346200000000004 0.930449 0.46538500000000005 0.950962 0.455769 0.991987 0.38782099999999997 0.991987 0.378846 0.920192 0.34679499999999996 0.845833 0.330769 0.815064 0.30576899999999996 0.790705 0.30448699999999995 0.7625 0.313462 0.7125 0.33141 0.679167 0.351282 0.661218 0.36666699999999997 0.654808
0 0.23974399999999996 0.545833 0.24038499999999996 0.579167 0.266667 0.604808 0.22564099999999998 0.665064 0.22499999999999998 0.715064 0.233333 0.739423 0.255769 0.729167 0.24166699999999997 0.772756 0.228205 0.786859 0.20192299999999996 0.76891 0.17628200000000005 0.811218 0.16859000000000002 0.800962 0.17307700000000004 0.713782 0.145513 0.677885 0.13269200000000003 0.735577 0.146154 0.774038 0.15833299999999995 0.807372 0.19743599999999994 0.883013 0.17179500000000003 0.953526 0.15833299999999995 0.944551 0.12115399999999998 0.947115 0.09294899999999995 0.921474 0.07756399999999997 0.857372 0.08012799999999998 0.799679 0.06730800000000003 0.693269 0.07371799999999995 0.675321 0.09102600000000005 0.665064 0.08333299999999999 0.622756 0.10961500000000002 0.561218 0.13333300000000003 0.550962 0.15192300000000003 0.599679 0.163462 0.611218 0.17756400000000006 0.571474 0.19423100000000004 0.558654 0.21666700000000005 0.565064
0 0.04615400000000003 0.797115 0.05320499999999995 0.875321 0.05897399999999997 0.908654 0.03653799999999996 0.967628 0.004487000000000019 0.975321 0.005128000000000021 0.788141 0.013461999999999974 0.816346 0.033332999999999946 0.800962
0 0.689744 0.948397 0.704487 0.990705 0.644872 0.993269 0.6621790000000001 0.9625 0.6730769999999999 0.952244 0.677564 0.949679
0 0.314103 0.367628 0.33846200000000004 0.454808 0.336538 0.524038 0.292308 0.515064 0.289103 0.520192 0.275 0.543269 0.269231 0.517628 0.263462 0.476603 0.269872 0.433013 0.249359 0.4625 0.22564099999999998 0.4625 0.21282100000000004 0.466346 0.207692 0.388141 0.23397400000000002 0.36891 0.26859 0.363782 0.294231 0.367628