0 0.944231 0.122756 0.977564 0.154808 0.975641 0.183013 0.962179 0.238141 0.941667 0.329167 0.919872 0.350962 0.889744 0.365064 0.863462 0.363782 0.833333 0.329167 0.8019229999999999 0.250962 0.795513 0.204808 0.794872 0.145833 0.819231 0.058654 0.830769 0.00609 0.916026 0.003526 0.9076919999999999 0.045833 0.897436 0.094551 0.891667 0.117628 0.891667 0.145833 0.916667 0.145833 0.929487 0.143269 0.935256 0.120192
0 0.777564 0.161218 0.789744 0.172756 0.788462 0.216346 0.7833330000000001 0.252244 0.778846 0.302244 0.771154 0.340705 0.7429490000000001 0.36891 0.7211540000000001 0.385577 0.705128 0.379167 0.682051 0.307372 0.666026 0.244551 0.660256 0.190705 0.648077 0.144551 0.647436 0.108654 0.648077 0.053526 0.6346149999999999 0.030449 0.608974 0.01891 0.598718 0.003526 0.730769 0.008654 0.733333 0.020192 0.720513 0.074038 0.737179 0.084295 0.776282 0.091987 0.761538 0.126603 0.732692 0.115064 0.737179 0.175321 0.752564 0.176603 0.780769 0.180449
0 0.539744 0.061218 0.545513 0.121474 0.5333330000000001 0.207372 0.522436 0.265064 0.5108969999999999 0.274038 0.501282 0.226603 0.496795 0.180449 0.504487 0.116346 0.504487 0.080449 0.522436 0.063782
0 0.510256 0.0125 0.494231 0.066346 0.49166699999999997 0.116346 0.48782099999999995 0.198397 0.49038499999999996 0.220192 0.48846199999999995 0.236859 0.49102599999999996 0.2625 0.505769 0.286859 0.521795 0.334295 0.5301279999999999 0.375321 0.514103 0.395833 0.477564 0.426603 0.43140999999999996 0.450962 0.401282 0.425321 0.38333300000000003 0.371474 0.38782099999999997 0.327885 0.388462 0.277885 0.380128 0.227885 0.38717900000000005 0.20609 0.419231 0.220192 0.45064099999999996 0.208654 0.45384599999999997 0.149679 0.455769 0.072756 0.44359000000000004 0.071474 0.42435900000000004 0.088141 0.41089699999999996 0.099679 0.398077 0.095833 0.38397400000000004 0.0625 0.36602599999999996 0.06891 0.332692 0.090705 0.30833299999999997 0.090705 0.265385 0.070192 0.275 0.024038 0.289744 0.004808 0.502564 0.007372
0 0.28525599999999995 0.377885 0.30320499999999995 0.404808 0.333333 0.411218 0.350641 0.480449 0.355769 0.5125 0.36474399999999996 0.584295 0.359615 0.652244 0.336538 0.685577 0.31987200000000005 0.727885 0.31859000000000004 0.743269 0.30640999999999996 0.807372 0.30384599999999995 0.838141 0.30833299999999997 0.909936 0.310897 0.922756 0.28141000000000005 0.930449 0.255769 0.907372 0.21794899999999995 0.85609 0.210897 0.808654 0.20640999999999998 0.753526 0.211538 0.726603 0.24230799999999997 0.725321 0.269231 0.725321 0.289103 0.684295 0.28717899999999996 0.638141 0.255769 0.563782 0.230128 0.524038 0.22243599999999997 0.479167 0.23974399999999996 0.397115 0.272436 0.384295
0 0.162821 0.090705 0.17820499999999995 0.136859 0.16923100000000002 0.191987 0.166667 0.243269 0.13910299999999998 0.254808 0.128205 0.290705 0.11858999999999997 0.307372 0.09551299999999996 0.267628 0.08205099999999999 0.26891 0.07692299999999996 0.241987 0.08076899999999998 0.175321 0.10641 0.157372 0.12179499999999999 0.139423 0.13333300000000003 0.094551 0.144872 0.061218 0.15769200000000005 0.100962
0 0.547436 0.357372 0.580769 0.371474 0.608333 0.367628 0.626923 0.397115 0.6320509999999999 0.431731 0.638462 0.4625 0.639744 0.5125 0.630128 0.540705 0.6179490000000001 0.558654 0.588462 0.579167 0.577564 0.570192 0.564103 0.499679 0.564103 0.491987 0.5916669999999999 0.484295 0.604487 0.476603 0.596795 0.420192 0.5923080000000001 0.413782 0.5756410000000001 0.445833 0.560256 0.445833 0.539103 0.435577 0.533974 0.402244 0.5346150000000001 0.371474
0 0.819231 0.470192 0.842949 0.503526 0.849359 0.51891 0.832051 0.563782 0.790385 0.591987 0.751923 0.598397 0.736538 0.565064 0.730769 0.602244 0.7211540000000001 0.621474 0.66859 0.643269 0.650641 0.604808 0.6801280000000001 0.575321 0.6980770000000001 0.549679 0.707051 0.529167 0.694231 0.500962 0.695513 0.483013 0.7185900000000001 0.499679 0.735256 0.520192 0.745513 0.504808 0.736538 0.450962 0.770513 0.454808 0.792949 0.475321 0.810256 0.467628
0 0.962179 0.484295 0.966026 0.526603 0.977564 0.545833 0.975641 0.586859 0.975 0.621474 0.980128 0.677885 0.980769 0.717628 0.979487 0.788141 0.971795 0.815064 0.957692 0.825321 0.917308 0.849679 0.9096150000000001 0.849679 0.900641 0.886859 0.883333 0.902244 0.857051 0.940705 0.846795 0.931731 0.819231 0.886859 0.805769 0.877885 0.8019229999999999 0.830449 0.810256 0.770192 0.828846 0.75609 0.845513 0.766346 0.857692 0.80609 0.882051 0.829167 0.896154 0.804808 0.916026 0.763782 0.925 0.738141 0.910256 0.709936 0.891667 0.713782 0.878205 0.686859 0.858333 0.615064 0.858333 0.599679 0.872436 0.55609 0.872436 0.525321 0.879487 0.499679 0.916026 0.50609 0.927564 0.503526 0.941667 0.485577 0.948718 0.472756
0 0.642949 0.686859 0.662821 0.708654 0.666667 0.734295 0.669231 0.788141 0.662821 0.820192 0.642949 0.826603 0.622436 0.800962 0.619872 0.763782 0.622436 0.70609 0.627564 0.693269
0 0.5288459999999999 0.624038 0.5288459999999999 0.677885 0.557051 0.686859 0.565385 0.709936 0.5685899999999999 0.758654 0.565385 0.777885 0.560897 0.799679 0.561538 0.822756 0.5519229999999999 0.866346 0.547436 0.876603 0.503205 0.8625 0.44615400000000005 0.804808 0.419231 0.759936 0.42564100000000005 0.713782 0.44743599999999994 0.686859 0.48974399999999996 0.629167 0.502564 0.615064
0 0.36538499999999996 0.76891 0.40256400000000003 0.831731 0.41025599999999995 0.848397 0.38333300000000003 0.885577 0.353205 0.902244 0.34358999999999995 0.890705 0.330128 0.848397 0.32115400000000005 0.825321 0.32820499999999997 0.790705 0.357051 0.776603
0 0.09038500000000005 0.634295 0.11858999999999997 0.627885 0.13012800000000002 0.615064 0.13461500000000004 0.679167 0.10320499999999999 0.709936 0.07692299999999996 0.716346 0.06923100000000004 0.649679 0.06474400000000002 0.615064 0.084615 0.627885
0 0.641667 0.933013 0.642308 0.971474 0.650641 0.977885 0.6583330000000001 0.991987 0.601282 0.993269 0.610897 0.966346 0.623718 0.938141 0.633974 0.922756