0 0.5685899999999999 0.595833 0.5698719999999999 0.576603 0.578846 0.481731 0.5711539999999999 0.471474 0.5551280000000001 0.474038 0.5301279999999999 0.485577 0.517308 0.476603 0.49294899999999997 0.453526 0.46730799999999995 0.444551 0.458333 0.484295 0.44679500000000005 0.520192 0.460897 0.583013 0.46282100000000004 0.599679 0.44871799999999995 0.629167 0.44166700000000003 0.590705 0.437179 0.572756 0.416667 0.571474 0.360256 0.565064 0.31859000000000004 0.548397 0.294872 0.577885 0.32692299999999996 0.665064 0.376923 0.717628 0.46346200000000004 0.740705 0.486538 0.752244 0.513462 0.770192 0.562821 0.730449 0.582692 0.654808 0.5769230000000001 0.588141
0 0.349359 0.374038 0.355128 0.439423 0.32756399999999997 0.409936 0.31987200000000005 0.467628 0.330769 0.500962 0.312821 0.530449 0.29807700000000004 0.558654 0.291667 0.576603 0.264744 0.553526 0.24487199999999998 0.524038 0.250641 0.485577 0.266667 0.447115 0.26153800000000005 0.399679 0.27756400000000003 0.388141 0.30192300000000005 0.379167 0.32115400000000005 0.363782
0 0.371154 0.165064 0.369231 0.272756 0.371154 0.311218 0.357051 0.329167 0.34166700000000005 0.303526 0.334615 0.289423 0.32628199999999996 0.191987 0.33141 0.163782 0.34551299999999996 0.158654
0 0.664103 0.004808 0.684615 0.053526 0.6769229999999999 0.095833 0.671154 0.139423 0.6576919999999999 0.211218 0.6551279999999999 0.244551 0.6551279999999999 0.288141 0.626923 0.334295 0.611538 0.330449 0.594231 0.286859 0.5935900000000001 0.226603 0.564103 0.190705 0.533974 0.208654 0.542308 0.311218 0.5346150000000001 0.403526 0.517949 0.447115 0.496154 0.407372 0.496795 0.361218 0.48717900000000003 0.320192 0.482051 0.243269 0.48974399999999996 0.174038 0.48910299999999995 0.107372 0.521154 0.094551 0.552564 0.109936 0.572436 0.109936 0.595513 0.075321 0.594231 0.040705 0.579487 0.009936
0 0.775641 0.211218 0.790385 0.247115 0.792308 0.275321 0.7846150000000001 0.304808 0.765385 0.333013 0.746795 0.347115 0.73141 0.354808 0.714744 0.330449 0.710256 0.271474 0.6923079999999999 0.254808 0.7032050000000001 0.208654 0.716026 0.194551 0.7378210000000001 0.20609 0.7621789999999999 0.2125
0 0.873077 0.208654 0.892308 0.239423 0.903205 0.291987 0.877564 0.290705 0.861538 0.294551 0.846154 0.275321 0.8391029999999999 0.222756 0.845513 0.200962 0.860256 0.200962
0 0.15448700000000004 0.253526 0.18589699999999998 0.304808 0.19359000000000004 0.345833 0.20576899999999998 0.395833 0.212179 0.470192 0.212179 0.558654 0.18076899999999996 0.604808 0.15448700000000004 0.686859 0.145513 0.720192 0.128205 0.736859 0.11089700000000002 0.707372 0.142308 0.591987 0.166026 0.495833 0.18076899999999996 0.415064 0.17115400000000003 0.377885 0.144872 0.345833 0.13653800000000005 0.303526 0.127564 0.272756 0.127564 0.253526 0.145513 0.248397
0 0.394872 0.016346 0.38397400000000004 0.093269 0.372436 0.115064 0.358974 0.138141 0.33141 0.107372 0.31859000000000004 0.095833 0.31923100000000004 0.052244 0.313462 0.007372 0.38525600000000004 0.007372
0 0.19038500000000003 0.070192 0.18333299999999997 0.150962 0.19166700000000003 0.184295 0.209615 0.247115 0.19743599999999994 0.257372 0.17948699999999995 0.229167 0.166667 0.200962 0.163462 0.197115 0.146154 0.104808 0.14102599999999998 0.06891 0.165385 0.047115 0.18012799999999995 0.038141 0.19038500000000003 0.035577
0 0.747436 0.525321 0.780769 0.524038 0.7826919999999999 0.56891 0.758974 0.602244 0.748718 0.588141 0.717949 0.61891 0.7006410000000001 0.611218 0.683333 0.586859 0.695513 0.554808 0.719231 0.520192 0.727564 0.50609
0 0.655769 0.676603 0.6608970000000001 0.759936 0.658974 0.830449 0.660256 0.881731 0.673718 0.908654 0.6756409999999999 0.924038 0.696795 0.933013 0.694231 0.984295 0.5538460000000001 0.988141 0.535256 0.863782 0.582692 0.798397 0.5923080000000001 0.770192 0.605128 0.707372 0.610897 0.675321 0.63141 0.659936
0 0.332692 0.771474 0.36217900000000003 0.859936 0.38653800000000005 0.881731 0.379487 0.933013 0.371795 0.957372 0.36666699999999997 0.986859 0.360897 0.990705 0.30769199999999997 0.991987 0.29615400000000003 0.907372 0.27884600000000004 0.86891 0.287821 0.827885 0.294231 0.799679 0.312179 0.786859
0 0.996154 0.799679 0.957051 0.794551 0.9083330000000001 0.754808 0.8416669999999999 0.770192 0.814744 0.865064 0.803205 0.886859 0.794231 0.931731 0.797436 0.953526 0.776282 0.983013 0.828205 0.990705 0.996795 0.984295