0 0.31987200000000005 0.024038 0.373077 0.052244 0.376923 0.081731 0.38333300000000003 0.163782 0.391667 0.195833 0.40512800000000004 0.202244 0.46282100000000004 0.191987 0.546154 0.2125 0.603846 0.241987 0.630128 0.243269 0.635256 0.341987 0.630769 0.380449 0.5878209999999999 0.421474 0.557051 0.395833 0.533974 0.380449 0.524359 0.426603 0.5467949999999999 0.51891 0.526282 0.577885 0.47307699999999997 0.625321 0.45064099999999996 0.654808 0.44679500000000005 0.707372 0.46730799999999995 0.691987 0.49230799999999997 0.757372 0.525 0.807372 0.522436 0.826603 0.48974399999999996 0.847115 0.47115399999999996 0.845833 0.44166700000000003 0.783013 0.38205100000000003 0.733013 0.40448700000000004 0.657372 0.42500000000000004 0.549679 0.438462 0.470192 0.458974 0.440705 0.439744 0.384295 0.42179500000000003 0.366346 0.38653800000000005 0.343269 0.309615 0.388141 0.23910299999999995 0.393269 0.21346200000000004 0.304808 0.19166700000000003 0.175321 0.20705099999999999 0.109936 0.20448699999999997 0.072756 0.19102600000000003 0.034295 0.19679500000000005 0.007372 0.313462 0.00609
0 0.13974399999999998 0.099679 0.18653799999999998 0.184295 0.164103 0.231731 0.142308 0.274038 0.11474399999999996 0.240705 0.105769 0.139423 0.10641 0.109936
0 0.144231 0.484295 0.232692 0.51891 0.23974399999999996 0.543269 0.21346200000000004 0.639423 0.20384599999999997 0.665064 0.17307700000000004 0.735577 0.15192300000000003 0.739423 0.126282 0.740705 0.086538 0.70609 0.06346200000000002 0.657372 0.09038500000000005 0.5625 0.126923 0.494551
0 0.255769 0.61891 0.29359 0.583013 0.30640999999999996 0.607372 0.287821 0.663782 0.273077 0.695833 0.24166699999999997 0.686859 0.23910299999999995 0.674038
0 0.16153799999999996 0.849679 0.17820499999999995 0.884295 0.22115399999999996 0.898397 0.24102599999999996 0.970192 0.24230799999999997 0.998397 0.11666699999999997 0.991987 0.13397400000000004 0.85609 0.147436 0.847115
0 0.998077 0.135577 0.988462 0.115064 0.96859 0.107372 0.954487 0.157372 0.959615 0.190705 0.964744 0.244551 0.962821 0.302244 0.964103 0.349679 0.960897 0.399679 0.976923 0.417628 0.998077 0.40609
0 0.754487 0.116346 0.7846150000000001 0.197115 0.7858970000000001 0.216346 0.8051280000000001 0.21891 0.832051 0.289423 0.8416669999999999 0.31891 0.866026 0.317628 0.876923 0.335577 0.882692 0.389423 0.869872 0.433013 0.858333 0.439423 0.834615 0.422756 0.791026 0.417628 0.794231 0.390705 0.795513 0.327885 0.775 0.286859 0.733974 0.274038 0.719231 0.258654 0.705769 0.21891 0.6948719999999999 0.133013 0.6801280000000001 0.089423 0.639744 0.0625 0.622436 0.0125 0.7153849999999999 0.01891 0.735897 0.031731 0.741026 0.107372
0 0.998718 0.450962 0.986538 0.485577 0.973077 0.493269 0.950641 0.507372 0.937179 0.55609 0.904487 0.629167 0.842949 0.725321 0.8211539999999999 0.717628 0.761538 0.609936 0.720513 0.477885 0.688462 0.498397 0.707051 0.630449 0.7141029999999999 0.671474 0.721795 0.731731 0.729487 0.767628 0.794231 0.835577 0.829487 0.85609 0.859615 0.883013 0.851282 0.921474 0.8448720000000001 0.993269 0.921154 0.991987 0.9288460000000001 0.920192 0.932692 0.865064 0.940385 0.7625 0.948718 0.704808 0.958974 0.700962 0.961538 0.776603 0.95641 0.807372 0.974359 0.804808 0.997436 0.784295
0 0.602564 0.533013 0.623077 0.538141 0.630128 0.600962 0.614744 0.644551 0.626282 0.665064 0.654487 0.70609 0.654487 0.734295 0.611538 0.711218 0.5923080000000001 0.671474 0.5891029999999999 0.622756 0.594231 0.56891 0.5916669999999999 0.526603
0 0.51859 0.011218 0.494872 0.054808 0.46730799999999995 0.066346 0.44999999999999996 0.079167 0.436538 0.041987 0.416026 0.007372
0 0.995513 0.091987 0.95 0.094551 0.938462 0.072756 0.911538 0.048397 0.899359 0.00609 0.985897 0.011218