0 0.16987200000000002 0.115064 0.20320499999999997 0.186859 0.22564099999999998 0.288141 0.24615399999999998 0.404808 0.255128 0.434295 0.20705099999999999 0.398397 0.14935900000000002 0.329167 0.09487199999999996 0.213782 0.13141000000000003 0.103526 0.16987200000000002 0.094551
0 0.355128 0.002244 0.360256 0.058654 0.336538 0.083013 0.312821 0.089423 0.28397399999999995 0.131731 0.26089700000000005 0.145833 0.230769 0.140705 0.233333 0.099679 0.271154 0.047115 0.271795 0.000962
0 0.436538 0.135577 0.476923 0.176603 0.496795 0.240705 0.494872 0.304808 0.48141 0.371474 0.484615 0.416346 0.503846 0.417628 0.545513 0.416346 0.569231 0.454808 0.5551280000000001 0.529167 0.546154 0.575321 0.564103 0.625321 0.552564 0.650962 0.498718 0.638141 0.47115399999999996 0.625321 0.43205099999999996 0.60609 0.41089699999999996 0.584295 0.398718 0.534295 0.396795 0.448397 0.392308 0.334295 0.379487 0.294551 0.369872 0.241987 0.371795 0.180449 0.42179500000000003 0.133013
0 0.413462 0.677885 0.44423100000000004 0.683013 0.485256 0.763782 0.5 0.729167 0.521795 0.749679 0.522436 0.809936 0.524359 0.854808 0.524359 0.925321 0.541026 0.986859 0.49166699999999997 0.990705 0.46474400000000005 0.947115 0.43397399999999997 0.915064 0.42948699999999995 0.885577 0.43397399999999997 0.821474 0.43397399999999997 0.783013 0.40769200000000005 0.734295 0.392949 0.694551 0.396795 0.66891
0 0.294872 0.538141 0.30192300000000005 0.641987 0.34102600000000005 0.702244 0.36282099999999995 0.777885 0.373718 0.826603 0.372436 0.877885 0.371154 0.904808 0.353846 0.929167 0.294231 0.939423 0.25641 0.990705 0.10833300000000001 0.994551 0.15000000000000002 0.958654 0.15641000000000005 0.915064 0.17307700000000004 0.879167 0.19359000000000004 0.894551 0.212179 0.876603 0.23653800000000003 0.81891 0.24358999999999997 0.777885 0.230769 0.716346 0.21923099999999995 0.590705 0.265385 0.613782 0.26859 0.583013 0.26282099999999997 0.525321 0.30384599999999995 0.536859
0 0.684615 0.779167 0.698718 0.829167 0.6935899999999999 0.897115 0.688462 0.924038 0.675 0.948397 0.6551279999999999 0.921474 0.6358969999999999 0.848397 0.644231 0.795833 0.664744 0.781731
0 0.751923 0.770192 0.778205 0.822756 0.828846 0.804808 0.85641 0.825321 0.855128 0.854808 0.844231 0.939423 0.851923 0.976603 0.816667 0.979167 0.7826919999999999 0.941987 0.762821 0.907372 0.741026 0.858654 0.723718 0.825321 0.707051 0.774038 0.713462 0.754808 0.733974 0.775321
0 0.869231 0.444551 0.88141 0.515064 0.882692 0.559936 0.888462 0.588141 0.900641 0.609936 0.917308 0.603526 0.957051 0.597115 0.998077 0.577885 0.999359 0.847115 0.977564 0.815064 0.958333 0.76891 0.953846 0.772756 0.945513 0.783013 0.921795 0.783013 0.880128 0.743269 0.8641030000000001 0.702244 0.855769 0.671474 0.834615 0.647115 0.808333 0.61891 0.777564 0.571474 0.777564 0.488141 0.814744 0.516346 0.828205 0.472756 0.821795 0.431731 0.85641 0.429167
0 0.949359 0.25609 0.976282 0.20609 0.920513 0.121474 0.9083330000000001 0.086859 0.869872 0.072756 0.854487 0.039423 0.8416669999999999 0.091987 0.825 0.184295 0.816026 0.200962 0.778205 0.183013 0.702564 0.195833 0.6935899999999999 0.229167 0.692949 0.290705 0.7 0.340705 0.704487 0.366346 0.73141 0.357372 0.758333 0.327885 0.777564 0.307372 0.801282 0.363782 0.832051 0.367628 0.867308 0.395833 0.892308 0.41891 0.910897 0.395833 0.933333 0.394551 0.969872 0.4125 0.998077 0.450962 0.998077 0.330449 0.973077 0.325321 0.95641 0.30609
0 0.658974 0.015064 0.6608970000000001 0.103526 0.664103 0.11891 0.642308 0.149679 0.630769 0.165064 0.609615 0.163782 0.575 0.089423 0.558333 0.067628 0.5480769999999999 0.011218 0.644872 0.004808
0 0.14871800000000002 0.447115 0.17243600000000003 0.485577 0.18461499999999997 0.50609 0.18397399999999997 0.515064 0.15833299999999995 0.517628 0.146795 0.539423 0.126923 0.547115 0.11602599999999996 0.50609 0.128205 0.459936
0 0.19487200000000005 0.570192 0.18140999999999996 0.643269 0.18333299999999997 0.6625 0.164103 0.620192 0.164744 0.598397 0.17756400000000006 0.56891
0 0.059614999999999974 0.802244 0.09230799999999995 0.815064 0.09423099999999995 0.880449 0.09102600000000005 0.900962 0.04423100000000002 0.909936 0.030128000000000044 0.903526 0.02243600000000001 0.874038 0.025641000000000025 0.813782 0.047436000000000034 0.802244