0 0.566667 0.01891 0.588462 0.048397 0.595513 0.100962 0.594231 0.126603 0.583974 0.188141 0.5660259999999999 0.227885 0.5467949999999999 0.233013 0.5371790000000001 0.227885 0.503846 0.190705 0.480128 0.130449 0.454487 0.077885 0.45320499999999997 0.007372 0.560256 0.002244
0 0.369231 0.020192 0.369231 0.06891 0.394872 0.109936 0.38717900000000005 0.122756 0.36346199999999995 0.107372 0.34423099999999995 0.06891 0.315385 0.004808 0.36217900000000003 0.003526
0 0.269872 0.029167 0.292949 0.061218 0.289103 0.100962 0.267308 0.126603 0.252564 0.165064 0.23910299999999995 0.163782 0.230128 0.136859 0.210897 0.089423 0.20192299999999996 0.057372 0.20512799999999998 0.038141 0.21923099999999995 0.00609 0.26282099999999997 0.013782
0 0.15192300000000003 0.0125 0.14807700000000001 0.098397 0.16217899999999996 0.204808 0.12051299999999998 0.2125 0.11666699999999997 0.153526 0.09935899999999998 0.136859 0.07051300000000005 0.16891 0.06410300000000002 0.184295 0.035255999999999954 0.190705 0.003846000000000016 0.153526 0.0032050000000000134 0.00609 0.13589700000000005 0.00609
0 0.266026 0.281731 0.32051300000000005 0.331731 0.32179500000000005 0.353526 0.30705099999999996 0.4125 0.31794900000000004 0.500962 0.30320499999999995 0.51891 0.26025600000000004 0.467628 0.233333 0.452244 0.21346200000000004 0.436859 0.21666700000000005 0.386859 0.228205 0.325321 0.233333 0.291987 0.23974399999999996 0.2625 0.24423099999999998 0.267628 0.273077 0.286859
0 0.477564 0.203526 0.48910299999999995 0.317628 0.460256 0.372756 0.46987199999999996 0.433013 0.45192299999999996 0.597115 0.40961499999999995 0.579167 0.417308 0.459936 0.416667 0.415064 0.41859 0.390705 0.43269199999999997 0.361218 0.42628200000000005 0.31891 0.417949 0.285577 0.45192299999999996 0.234295 0.46410300000000004 0.199679
0 0.622436 0.330449 0.6717949999999999 0.379167 0.708333 0.425321 0.750641 0.443269 0.792308 0.486859 0.822436 0.530449 0.783974 0.574038 0.757692 0.579167 0.744231 0.583013 0.7141029999999999 0.558654 0.6583330000000001 0.5125 0.6128210000000001 0.4125 0.5891029999999999 0.391987 0.579487 0.449679 0.545513 0.430449 0.517949 0.391987 0.544231 0.344551 0.583333 0.349679 0.598718 0.341987
0 0.996154 0.015064 0.9666669999999999 0.053526 0.939744 0.099679 0.930769 0.177885 0.945513 0.259936 0.976282 0.302244 0.997436 0.300962 0.996154 0.0625
0 0.992949 0.36891 0.974359 0.399679 0.970513 0.404808 0.949359 0.454808 0.996795 0.579167 0.997436 0.4125
0 0.767949 0.65609 0.778205 0.695833 0.820513 0.707372 0.845513 0.726603 0.867949 0.735577 0.867308 0.793269 0.8423080000000001 0.839423 0.7993589999999999 0.908654 0.748077 0.965064 0.7128209999999999 0.944551 0.6839740000000001 0.839423 0.6730769999999999 0.7625 0.617308 0.844551 0.578846 0.898397 0.5782050000000001 0.989423 0.41025599999999995 0.991987 0.41153799999999996 0.886859 0.44743599999999994 0.822756 0.5301279999999999 0.802244 0.589744 0.785577 0.613462 0.757372 0.6621790000000001 0.713782 0.6839740000000001 0.65609 0.713462 0.647115 0.748077 0.648397 0.777564 0.666346
0 0.354487 0.615064 0.396795 0.585577 0.399359 0.649679 0.401282 0.672756 0.4 0.683013 0.38141 0.694551 0.36602599999999996 0.70609 0.32884599999999997 0.645833 0.333333 0.631731
0 0.20320499999999997 0.599679 0.22115399999999996 0.666346 0.24551299999999998 0.688141 0.26153800000000005 0.729167 0.24102599999999996 0.791987 0.24615399999999998 0.847115 0.24551299999999998 0.867628 0.211538 0.847115 0.19359000000000004 0.829167 0.18205099999999996 0.800962 0.17948699999999995 0.699679 0.18397399999999997 0.635577 0.17500000000000004 0.585577 0.17820499999999995 0.558654
0 0.07564099999999996 0.434295 0.11538499999999996 0.481731 0.142949 0.521474 0.147436 0.585577 0.14807700000000001 0.6125 0.146154 0.621474 0.12179499999999999 0.636859 0.09743599999999997 0.648397 0.07371799999999995 0.647115 0.05128200000000005 0.622756 0.03653799999999996 0.530449 0.032692000000000054 0.476603 0.05384599999999995 0.450962
0 0.025000000000000022 0.740705 0.08910300000000004 0.76891 0.06666700000000003 0.874038 0.05705099999999996 0.908654 0.003846000000000016 0.903526 0.0012820000000000054 0.750962