0 0.05064100000000005 0.222756 0.12115399999999998 0.2625 0.15384600000000004 0.274038 0.15576900000000005 0.309936 0.15769200000000005 0.352244 0.16859000000000002 0.347115 0.18525599999999998 0.321474 0.20256399999999997 0.352244 0.17243600000000003 0.404808 0.124359 0.444551 0.125 0.486859 0.142949 0.554808 0.163462 0.584295 0.162821 0.613782 0.10128199999999998 0.629167 0.04359000000000002 0.667628 0.04615400000000003 0.624038 0.09551299999999996 0.557372 0.07371799999999995 0.507372 0.037820999999999994 0.494551 0.016666999999999987 0.503526 0.004487000000000019 0.513782 0.006410000000000027 0.261218 0.025641000000000025 0.249679 0.04359000000000002 0.209936
0 0.27692300000000003 0.363782 0.28589699999999996 0.422756 0.30640999999999996 0.507372 0.313462 0.549679 0.311538 0.602244 0.312179 0.661218 0.32307699999999995 0.700962 0.33846200000000004 0.739423 0.34487199999999996 0.797115 0.34423099999999995 0.8625 0.335897 0.970192 0.30064100000000005 0.983013 0.22692299999999999 0.994551 0.18653799999999998 0.979167 0.19294900000000004 0.877885 0.21538500000000005 0.809936 0.24423099999999998 0.867628 0.267308 0.925321 0.288462 0.890705 0.27820500000000004 0.830449 0.267308 0.794551 0.273077 0.774038 0.287821 0.730449 0.28269200000000005 0.679167 0.267949 0.631731 0.23717900000000003 0.591987 0.230128 0.543269 0.21602600000000005 0.477885 0.20576899999999998 0.430449 0.21410300000000004 0.390705 0.23782099999999995 0.374038 0.25961500000000004 0.3625
0 0.511538 0.411218 0.514103 0.45609 0.5371790000000001 0.474038 0.546154 0.495833 0.557051 0.508654 0.541667 0.579167 0.5358970000000001 0.608654 0.517949 0.622756 0.46474400000000005 0.630449 0.44551300000000005 0.527885 0.46666700000000005 0.480449 0.48717900000000003 0.454808 0.496795 0.424038 0.504487 0.413782
0 0.705769 0.335577 0.7032050000000001 0.386859 0.701282 0.424038 0.7128209999999999 0.452244 0.732051 0.471474 0.744231 0.498397 0.754487 0.524038 0.763462 0.547115 0.7391030000000001 0.593269 0.730769 0.641987 0.7141029999999999 0.747115 0.6961539999999999 0.790705 0.6538459999999999 0.780449 0.642949 0.753526 0.616026 0.681731 0.5974360000000001 0.649679 0.586538 0.617628 0.582051 0.539423 0.585256 0.4625 0.619872 0.385577 0.64359 0.40609 0.646795 0.345833 0.64359 0.331731 0.684615 0.3125 0.6910259999999999 0.3125
0 0.857051 0.567628 0.882051 0.597115 0.854487 0.653526 0.8416669999999999 0.684295 0.833333 0.743269 0.798718 0.697115 0.789744 0.639423 0.780769 0.595833 0.804487 0.563782 0.816667 0.553526 0.848077 0.549679
0 0.760256 0.845833 0.804487 0.911218 0.812179 0.927885 0.816026 0.965064 0.8006409999999999 0.995833 0.665385 0.989423 0.695513 0.929167 0.704487 0.899679 0.730128 0.86891 0.750641 0.848397
0 0.998718 0.607372 0.974359 0.5625 0.974359 0.544551 0.948718 0.515064 0.928205 0.500962 0.927564 0.445833 0.916667 0.386859 0.916667 0.372756 0.915385 0.350962 0.923718 0.317628 0.936538 0.291987 0.955769 0.294551 0.979487 0.313782 0.998077 0.322756
0 0.392308 0.022756 0.394231 0.066346 0.416026 0.099679 0.40897399999999995 0.140705 0.397436 0.159936 0.38525600000000004 0.183013 0.36538499999999996 0.122756 0.36538499999999996 0.080449 0.351282 0.081731 0.33974400000000005 0.043269 0.33974400000000005 0.011218 0.396795 0.00609
0 0.5948720000000001 0.070192 0.600641 0.10609 0.6141030000000001 0.116346 0.627564 0.145833 0.610256 0.171474 0.5923080000000001 0.170192 0.570513 0.140705 0.563462 0.107372 0.562821 0.065064 0.5576920000000001 0.016346 0.559615 0.004808 0.600641 0.009936
0 0.837821 0.039423 0.855128 0.071474 0.852564 0.133013 0.857692 0.161218 0.86859 0.188141 0.867949 0.215064 0.855128 0.234295 0.8435900000000001 0.1625 0.835256 0.125321 0.814744 0.099679 0.810897 0.071474 0.820513 0.045833
0 0.928205 0.685577 0.944231 0.720192 0.966026 0.75609 0.966026 0.784295 0.963462 0.793269 0.942308 0.795833 0.921795 0.766346 0.917308 0.735577 0.903205 0.684295 0.912821 0.647115