0 0.939744 0.022756 0.933333 0.103526 0.9269229999999999 0.153526 0.934615 0.158654 0.951282 0.141987 0.957051 0.136859 0.979487 0.15609 0.99359 0.197115 0.991026 0.257372 0.972436 0.300962 0.945513 0.35609 0.9076919999999999 0.384295 0.858333 0.372756 0.846154 0.326603 0.828846 0.275321 0.817949 0.220192 0.811538 0.174038 0.8211539999999999 0.129167 0.832692 0.103526 0.835897 0.06891 0.853846 0.008654 0.935897 0.003526
0 0.792949 0.145833 0.80641 0.172756 0.815385 0.217628 0.813462 0.248397 0.7993589999999999 0.302244 0.786538 0.350962 0.762821 0.371474 0.747436 0.386859 0.725641 0.381731 0.702564 0.324038 0.6826920000000001 0.277885 0.680769 0.230449 0.6814100000000001 0.175321 0.6743589999999999 0.149679 0.671154 0.093269 0.665385 0.059936 0.612179 0.008654 0.810897 0.00609 0.8051280000000001 0.052244 0.792949 0.077885 0.780769 0.034295 0.752564 0.038141 0.750641 0.088141 0.757051 0.141987 0.778846 0.143269
0 0.5346150000000001 0.026603 0.521795 0.089423 0.508974 0.172756 0.508974 0.222756 0.513462 0.250962 0.5346150000000001 0.386859 0.514103 0.409936 0.45064099999999996 0.467628 0.43012799999999995 0.467628 0.40320500000000004 0.404808 0.40448700000000004 0.3625 0.41153799999999996 0.324038 0.4 0.290705 0.400641 0.244551 0.40641000000000005 0.200962 0.42820499999999995 0.208654 0.45320499999999997 0.226603 0.477564 0.209936 0.475 0.1625 0.479487 0.088141 0.46858999999999995 0.077885 0.437179 0.120192 0.414103 0.1125 0.38525600000000004 0.085577 0.353846 0.097115 0.312179 0.10609 0.29871800000000004 0.039423 0.311538 0.00609 0.5288459999999999 0.004808
0 0.19487200000000005 0.121474 0.18717899999999998 0.172756 0.19294900000000004 0.224038 0.19871799999999995 0.252244 0.14935900000000002 0.304808 0.11217900000000003 0.30609 0.09551299999999996 0.280449 0.09423099999999995 0.193269 0.12948700000000002 0.167628 0.142949 0.150962 0.15192300000000003 0.103526 0.16025599999999995 0.090705 0.19102600000000003 0.108654
0 0.310897 0.402244 0.34102600000000005 0.452244 0.38141 0.483013 0.391026 0.530449 0.392949 0.576603 0.392949 0.615064 0.371795 0.671474 0.353205 0.736859 0.32628199999999996 0.85609 0.32307699999999995 0.908654 0.310897 0.929167 0.255128 0.921474 0.24166699999999997 0.852244 0.230769 0.797115 0.23846199999999995 0.748397 0.266026 0.739423 0.28653799999999996 0.748397 0.30512799999999995 0.721474 0.310897 0.690705 0.310897 0.665064 0.28012800000000004 0.580449 0.266026 0.553526 0.248077 0.538141 0.248077 0.486859 0.247436 0.429167 0.288462 0.40609
0 0.623718 0.371474 0.644872 0.422756 0.648077 0.449679 0.667949 0.475321 0.6596150000000001 0.520192 0.651923 0.5625 0.638462 0.591987 0.608333 0.591987 0.580128 0.526603 0.5878209999999999 0.50609 0.61859 0.511218 0.628205 0.477885 0.623718 0.441987 0.607051 0.435577 0.5923080000000001 0.452244 0.570513 0.452244 0.5551280000000001 0.431731 0.566667 0.381731 0.5948720000000001 0.36891
0 0.5673079999999999 0.074038 0.5551280000000001 0.159936 0.555769 0.204808 0.546154 0.236859 0.533974 0.250962 0.522436 0.229167 0.516667 0.20609 0.523718 0.167628 0.5358970000000001 0.139423 0.530769 0.085577 0.5467949999999999 0.067628
0 0.851923 0.50609 0.863462 0.525321 0.866667 0.553526 0.854487 0.584295 0.835897 0.598397 0.823718 0.603526 0.814103 0.629167 0.786538 0.620192 0.767949 0.586859 0.75 0.621474 0.753846 0.657372 0.728846 0.694551 0.6910259999999999 0.658654 0.6839740000000001 0.633013 0.703846 0.583013 0.7198720000000001 0.559936 0.721795 0.508654 0.7224360000000001 0.490705 0.742308 0.498397 0.753846 0.534295 0.761538 0.513782 0.761538 0.461218 0.788462 0.45609 0.810897 0.483013 0.826282 0.50609
0 0.985897 0.55609 0.983333 0.486859 0.966026 0.485577 0.937821 0.500962 0.910897 0.497115 0.903205 0.491987 0.898077 0.540705 0.891667 0.566346 0.884615 0.585577 0.876923 0.593269 0.867308 0.625321 0.8871789999999999 0.683013 0.902564 0.70609 0.915385 0.716346 0.932051 0.707372 0.944231 0.740705 0.944872 0.774038 0.914744 0.80609 0.898077 0.776603 0.861538 0.771474 0.852564 0.76891 0.830128 0.811218 0.828846 0.850962 0.849359 0.881731 0.873077 0.90609 0.882692 0.921474 0.912821 0.890705 0.933333 0.859936 0.962179 0.843269 1.0 0.867628 0.997436 0.572756
0 0.672436 0.702244 0.689103 0.734295 0.6923079999999999 0.771474 0.684615 0.809936 0.679487 0.844551 0.646154 0.825321 0.646795 0.730449 0.657051 0.699679
0 0.664103 0.943269 0.670513 0.971474 0.6717949999999999 0.990705 0.617308 0.995833 0.629487 0.9625 0.647436 0.949679
0 0.596795 0.691987 0.5948720000000001 0.789423 0.5743590000000001 0.866346 0.5698719999999999 0.86891 0.537821 0.879167 0.49230799999999997 0.829167 0.458974 0.776603 0.440385 0.724038 0.47051299999999996 0.676603 0.516026 0.609936 0.5551280000000001 0.6125 0.564744 0.691987 0.571795 0.702244 0.589744 0.693269
0 0.38397400000000004 0.776603 0.43269199999999997 0.830449 0.437821 0.854808 0.414103 0.898397 0.39359 0.902244 0.374359 0.907372 0.355128 0.861218 0.352564 0.811218
0 0.15512800000000004 0.624038 0.165385 0.654808 0.13846199999999997 0.707372 0.12115399999999998 0.713782 0.09743599999999997 0.679167 0.09743599999999997 0.611218 0.13269200000000003 0.639423 0.14871800000000002 0.61891
0 0.025000000000000022 0.200962 0.05448699999999995 0.235577 0.04615400000000003 0.283013 0.025000000000000022 0.302244 0.013461999999999974 0.285577 0.010897000000000046 0.227885
0 0.011538000000000048 0.950962 0.02884600000000004 0.959936 0.040385000000000004 0.977885 0.039744 0.995833 0.001923000000000008 0.994551 0.0012820000000000054 0.958654
0 0.123718 0.866346 0.13717900000000005 0.908654 0.13717900000000005 0.931731 0.125 0.929167 0.11089700000000002 0.911218 0.11089700000000002 0.861218 0.11858999999999997 0.848397