0 0.521154 0.141987 0.522436 0.20609 0.5371790000000001 0.229167 0.5519229999999999 0.226603 0.565385 0.274038 0.576282 0.329167 0.5698719999999999 0.365064 0.528205 0.404808 0.494231 0.448397 0.45064099999999996 0.480449 0.416667 0.395833 0.38653800000000005 0.343269 0.34166700000000005 0.308654 0.31859000000000004 0.272756 0.292308 0.253526 0.27756400000000003 0.204808 0.32756399999999997 0.161218 0.33974400000000005 0.157372 0.34743599999999997 0.075321 0.388462 0.022756 0.42820499999999995 0.021474 0.414744 0.077885 0.41217899999999996 0.147115 0.43269199999999997 0.166346 0.460256 0.163782 0.501923 0.130449
0 0.5878209999999999 0.011218 0.5743590000000001 0.098397 0.547436 0.117628 0.525641 0.091987 0.5083329999999999 0.040705 0.5083329999999999 0.007372 0.580769 0.00609
0 0.773077 0.085577 0.777564 0.126603 0.773077 0.183013 0.765385 0.216346 0.757051 0.243269 0.757692 0.26891 0.742308 0.274038 0.7391030000000001 0.297115 0.75641 0.297115 0.763462 0.320192 0.736538 0.347115 0.70641 0.367628 0.687179 0.340705 0.6717949999999999 0.288141 0.6910259999999999 0.25609 0.701282 0.249679 0.701282 0.208654 0.7173080000000001 0.193269 0.712179 0.152244 0.697436 0.149679 0.719231 0.102244 0.7608969999999999 0.077885
0 0.933974 0.234295 0.932692 0.313782 0.922436 0.36891 0.898718 0.376603 0.870513 0.347115 0.845513 0.291987 0.8403849999999999 0.270192 0.869231 0.202244 0.876923 0.245833 0.898077 0.248397
0 0.939744 0.011218 0.922436 0.091987 0.890385 0.108654 0.880769 0.100962 0.875 0.048397 0.874359 0.007372 0.930128 0.002244
0 0.998718 0.258654 0.983333 0.25609 0.961538 0.227885 0.950641 0.26891 0.962179 0.335577 0.989744 0.361218 0.998718 0.366346
0 0.17820499999999995 0.038141 0.19487200000000005 0.085577 0.21346200000000004 0.095833 0.22628199999999998 0.063782 0.24551299999999998 0.104808 0.230128 0.117628 0.20256399999999997 0.152244 0.21282100000000004 0.184295 0.18461499999999997 0.234295 0.15320500000000004 0.2625 0.126282 0.289423 0.08910300000000004 0.261218 0.07628199999999996 0.215064 0.083974 0.165064 0.09551299999999996 0.140705 0.124359 0.066346 0.12948700000000002 0.030449 0.12051299999999998 0.009936 0.17115400000000003 0.007372
0 0.7814099999999999 0.509936 0.774359 0.544551 0.775641 0.565064 0.792949 0.566346 0.828205 0.563782 0.826923 0.598397 0.826282 0.61891 0.834615 0.659936 0.814744 0.688141 0.8019229999999999 0.704808 0.7801279999999999 0.720192 0.7621789999999999 0.708654 0.746795 0.667628 0.723077 0.659936 0.7224360000000001 0.622756 0.7153849999999999 0.603526 0.7153849999999999 0.571474 0.726923 0.520192 0.730128 0.491987 0.7621789999999999 0.513782 0.773718 0.497115
0 0.882692 0.475321 0.907051 0.50609 0.901923 0.534295 0.905769 0.576603 0.890385 0.602244 0.872436 0.621474 0.859615 0.617628 0.853205 0.584295 0.851282 0.525321 0.853846 0.483013
0 0.479487 0.622756 0.512821 0.633013 0.530769 0.633013 0.544231 0.607372 0.5698719999999999 0.617628 0.564103 0.674038 0.554487 0.75609 0.5467949999999999 0.799679 0.525641 0.880449 0.50641 0.891987 0.48782099999999995 0.858654 0.44679500000000005 0.845833 0.440385 0.871474 0.42115400000000003 0.876603 0.42179500000000003 0.817628 0.42500000000000004 0.767628 0.401282 0.71891 0.388462 0.690705 0.38525600000000004 0.647115 0.437821 0.599679
0 0.23653800000000003 0.577885 0.271795 0.649679 0.27948700000000004 0.694551 0.30640999999999996 0.730449 0.350641 0.826603 0.32115400000000005 0.957372 0.287821 0.922756 0.248077 0.875321 0.18333299999999997 0.786859 0.15384600000000004 0.749679 0.13846199999999997 0.688141 0.15192300000000003 0.635577 0.19935899999999995 0.638141 0.210897 0.586859
0 0.09038500000000005 0.583013 0.09551299999999996 0.629167 0.09679499999999996 0.679167 0.06859000000000004 0.727885 0.04615400000000003 0.702244 0.03141000000000005 0.679167 0.03653799999999996 0.641987 0.06859000000000004 0.604808
0 0.21923099999999995 0.321474 0.273718 0.353526 0.252564 0.4125 0.263462 0.459936 0.24038499999999996 0.497115 0.232692 0.467628 0.21923099999999995 0.416346 0.20320499999999997 0.40609 0.19615400000000005 0.384295 0.17179500000000003 0.385577 0.18333299999999997 0.357372 0.207692 0.325321
0 0.10128199999999998 0.0125 0.10320499999999999 0.045833 0.09743599999999997 0.085577 0.07243599999999994 0.1125 0.05064100000000005 0.136859 0.03141000000000005 0.144551 0.017948999999999993 0.152244 0.0025640000000000107 0.121474 0.003846000000000016 0.00609
0 0.640385 0.749679 0.641026 0.786859 0.644231 0.844551 0.644872 0.876603 0.636538 0.900962 0.623718 0.884295 0.607692 0.857372 0.588462 0.833013 0.582692 0.791987 0.5743590000000001 0.738141 0.599359 0.716346 0.604487 0.75609 0.622436 0.748397
0 0.7416670000000001 0.889423 0.7416670000000001 0.9125 0.744872 0.958654 0.7416670000000001 0.976603 0.720513 0.984295 0.698718 0.966346 0.688462 0.949679 0.672436 0.941987 0.658974 0.95609 0.6596150000000001 0.917628 0.676282 0.902244 0.7 0.872756 0.712179 0.895833 0.725 0.898397
0 0.663462 0.452244 0.6551279999999999 0.500962 0.644872 0.51891 0.641667 0.547115 0.64359 0.563782 0.647436 0.583013 0.641667 0.590705 0.625641 0.594551 0.617308 0.599679 0.607692 0.579167 0.610256 0.527885 0.599359 0.467628 0.6153850000000001 0.443269 0.635256 0.45609 0.6525639999999999 0.463782