0 0.355128 0.01891 0.359615 0.067628 0.376923 0.097115 0.38525600000000004 0.115064 0.36666699999999997 0.148397 0.32564099999999996 0.174038 0.291026 0.197115 0.269231 0.202244 0.21602600000000005 0.150962 0.22051299999999996 0.104808 0.232051 0.089423 0.253846 0.067628 0.269872 0.004808 0.350641 0.00609
0 0.49230799999999997 0.01891 0.476923 0.097115 0.476923 0.167628 0.458333 0.216346 0.458333 0.275321 0.416026 0.30609 0.395513 0.322756 0.369872 0.31891 0.34679499999999996 0.300962 0.34615399999999996 0.259936 0.36730799999999997 0.226603 0.375 0.144551 0.395513 0.131731 0.40384600000000004 0.126603 0.40384600000000004 0.057372 0.436538 0.029167 0.44294900000000004 0.011218 0.48717900000000003 0.008654
0 0.564744 0.141987 0.583333 0.180449 0.591026 0.225321 0.5743590000000001 0.294551 0.569231 0.308654 0.566667 0.375321 0.571795 0.40609 0.5673079999999999 0.509936 0.592949 0.563782 0.5660259999999999 0.638141 0.5108969999999999 0.685577 0.476282 0.683013 0.457692 0.626603 0.46538500000000005 0.571474 0.46794899999999995 0.534295 0.46923099999999995 0.425321 0.5083329999999999 0.439423 0.532051 0.430449 0.5288459999999999 0.297115 0.524359 0.293269 0.48910299999999995 0.324038 0.460897 0.31891 0.462179 0.240705 0.496154 0.222756 0.519872 0.233013 0.529487 0.200962 0.516667 0.176603 0.548718 0.157372 0.5564100000000001 0.157372
0 0.690385 0.00609 0.728846 0.074038 0.744872 0.157372 0.76859 0.21891 0.780769 0.234295 0.7993589999999999 0.249679 0.8019229999999999 0.299679 0.8019229999999999 0.329167 0.809615 0.379167 0.820513 0.390705 0.848718 0.388141 0.860897 0.399679 0.862179 0.483013 0.85641 0.530449 0.848077 0.570192 0.8403849999999999 0.590705 0.804487 0.616346 0.757051 0.575321 0.751282 0.524038 0.737179 0.453526 0.7378210000000001 0.424038 0.727564 0.379167 0.729487 0.316346 0.721795 0.25609 0.6948719999999999 0.238141 0.6576919999999999 0.204808 0.639744 0.176603 0.641667 0.115064 0.650641 0.049679 0.650641 0.004808
0 0.929487 0.011218 0.932692 0.067628 0.938462 0.116346 0.9269229999999999 0.1625 0.903205 0.184295 0.885897 0.190705 0.875641 0.197115 0.880769 0.227885 0.866026 0.239423 0.846154 0.244551 0.827564 0.244551 0.812821 0.238141 0.8019229999999999 0.189423 0.798718 0.152244 0.810256 0.150962 0.826923 0.157372 0.8448720000000001 0.116346 0.866667 0.075321 0.873718 0.034295 0.860897 0.008654
0 0.971154 0.1625 0.978205 0.190705 0.980128 0.21891 0.976282 0.274038 0.975641 0.302244 0.96859 0.350962 0.967949 0.372756 0.996795 0.36891 0.996154 0.580449 0.959615 0.586859 0.920513 0.590705 0.8871789999999999 0.490705 0.876923 0.422756 0.875 0.377885 0.889103 0.345833 0.892949 0.316346 0.892949 0.285577 0.912179 0.213782 0.957051 0.1625
0 0.860256 0.684295 0.913462 0.722756 0.926282 0.75609 0.913462 0.784295 0.851282 0.847115 0.826923 0.847115 0.798718 0.847115 0.755769 0.870192 0.766026 0.780449 0.776282 0.753526 0.7846150000000001 0.733013 0.7846150000000001 0.715064 0.807051 0.733013 0.814103 0.71891 0.817949 0.672756 0.845513 0.670192 0.850641 0.672756
0 0.994872 0.724038 0.962179 0.720192 0.946154 0.727885 0.938462 0.779167 0.94359 0.793269 0.937821 0.81891 0.924359 0.833013 0.923718 0.845833 0.942949 0.909936 0.976923 0.925321 0.997436 0.959936
0 0.690385 0.589423 0.702564 0.676603 0.7211540000000001 0.666346 0.723718 0.717628 0.7006410000000001 0.794551 0.687821 0.827885 0.663462 0.811218 0.640385 0.761218 0.642949 0.711218 0.675 0.713782 0.6788460000000001 0.681731 0.6730769999999999 0.647115 0.644231 0.672756 0.625641 0.675321 0.613462 0.644551 0.612179 0.600962 0.628205 0.571474 0.655769 0.581731 0.6730769999999999 0.594551
0 0.60641 0.811218 0.63141 0.879167 0.649359 0.934295 0.650641 0.9625 0.645513 0.990705 0.5769230000000001 0.991987 0.562179 0.948397 0.553205 0.993269 0.494231 0.989423 0.494231 0.940705 0.503205 0.865064 0.548718 0.866346 0.5660259999999999 0.857372 0.58141 0.81891
0 0.728205 0.917628 0.745513 0.947115 0.746154 0.974038 0.744231 0.994551 0.692949 0.991987 0.7006410000000001 0.943269 0.70641 0.925321
0 0.39359 0.65609 0.41217899999999996 0.658654 0.42115400000000003 0.681731 0.439103 0.753526 0.44487200000000005 0.799679 0.44871799999999995 0.831731 0.435256 0.876603 0.42307700000000004 0.916346 0.40384600000000004 0.933013 0.400641 0.972756 0.391026 0.993269 0.291026 0.990705 0.30640999999999996 0.981731 0.337179 0.967628 0.353846 0.933013 0.36602599999999996 0.899679 0.36282099999999995 0.836859 0.34358999999999995 0.815064 0.310897 0.759936 0.29615400000000003 0.745833 0.294231 0.663782 0.30256400000000006 0.621474 0.34487199999999996 0.60609 0.369872 0.613782 0.38333300000000003 0.648397
0 0.227564 0.307372 0.253846 0.341987 0.253846 0.402244 0.24551299999999998 0.438141 0.23782099999999995 0.476603 0.20640999999999998 0.520192 0.19999999999999996 0.561218 0.20320499999999997 0.611218 0.18461499999999997 0.627885 0.16794900000000001 0.638141 0.16794900000000001 0.6125 0.19359000000000004 0.520192 0.17948699999999995 0.503526 0.16089699999999996 0.509936 0.15256400000000003 0.4125 0.18461499999999997 0.395833 0.19230800000000003 0.357372 0.20512799999999998 0.327885
0 0.08205099999999999 0.413782 0.10961500000000002 0.439423 0.11666699999999997 0.480449 0.09423099999999995 0.515064 0.08269199999999999 0.531731 0.05064100000000005 0.484295 0.03717899999999996 0.433013 0.057691999999999966 0.41891
0 0.15448700000000004 0.826603 0.17115400000000003 0.857372 0.22115399999999996 0.848397 0.20640999999999998 0.913782 0.167308 0.954808 0.14359 0.904808 0.141667 0.847115 0.14038499999999998 0.831731 0.14807700000000001 0.817628
0 0.11730799999999997 0.653526 0.11858999999999997 0.713782 0.11025600000000002 0.731731 0.07564099999999996 0.750962 0.05384599999999995 0.761218 0.04230800000000001 0.744551 0.06987200000000005 0.725321 0.09999999999999998 0.70609 0.08910300000000004 0.685577 0.06987200000000005 0.672756 0.09423099999999995 0.653526 0.10256399999999999 0.649679
0 0.03653799999999996 0.850962 0.04359000000000002 0.930449 0.050000000000000044 0.974038 0.05192300000000005 0.983013 0.02435900000000002 0.984295 0.015384999999999982 0.975321 0.008333000000000035 0.944551 0.008333000000000035 0.893269 0.026282000000000028 0.85609
0 0.012820999999999971 0.648397 0.033332999999999946 0.677885 0.032692000000000054 0.717628 0.018589999999999995 0.747115 0.016025999999999985 0.786859 0.0032050000000000134 0.795833 0.003846000000000016 0.648397
0 0.039103 0.007372 0.02179500000000001 0.047115 0.01730799999999999 0.075321 0.0012820000000000054 0.084295 0.001923000000000008 0.008654