0 0.20320499999999997 0.409936 0.22307699999999997 0.483013 0.23910299999999995 0.513782 0.275 0.541987 0.31666700000000003 0.620192 0.312821 0.693269 0.30833299999999997 0.734295 0.28589699999999996 0.876603 0.264744 0.934295 0.22564099999999998 0.940705 0.20256399999999997 0.913782 0.20705099999999999 0.863782 0.209615 0.791987 0.20448699999999997 0.693269 0.16987200000000002 0.743269 0.16987200000000002 0.795833 0.12179499999999999 0.831731 0.11666699999999997 0.779167 0.11153800000000003 0.736859 0.10320499999999999 0.629167 0.13717900000000005 0.61891 0.16153799999999996 0.574038 0.19038500000000003 0.553526 0.17692300000000005 0.493269 0.16025599999999995 0.443269 0.162821 0.407372 0.18589699999999998 0.408654
0 0.15769200000000005 0.338141 0.14871800000000002 0.388141 0.12179499999999999 0.394551 0.11282099999999995 0.416346 0.09935899999999998 0.485577 0.09038500000000005 0.513782 0.11474399999999996 0.530449 0.09999999999999998 0.572756 0.06474400000000002 0.576603 0.055127999999999955 0.559936 0.039744 0.472756 0.02948700000000004 0.46891 0.027564000000000033 0.5125 0.033332999999999946 0.544551 0.03397399999999995 0.585577 0.02179500000000001 0.659936 0.003846000000000016 0.663782 0.004487000000000019 0.374038 0.04423100000000002 0.386859 0.08846200000000004 0.394551 0.08782100000000004 0.36891 0.11025600000000002 0.325321 0.13141000000000003 0.300962 0.13461500000000004 0.300962
0 0.585897 0.367628 0.608333 0.4125 0.610256 0.481731 0.610256 0.509936 0.623077 0.530449 0.63141 0.545833 0.6346149999999999 0.570192 0.601923 0.675321 0.591026 0.686859 0.559615 0.659936 0.546154 0.624038 0.539103 0.591987 0.501282 0.56891 0.496795 0.553526 0.5108969999999999 0.434295 0.530769 0.404808 0.5589740000000001 0.381731 0.569231 0.381731
0 0.717949 0.11891 0.776282 0.181731 0.798077 0.217628 0.808974 0.263782 0.811538 0.294551 0.814103 0.341987 0.79359 0.379167 0.772436 0.459936 0.757692 0.471474 0.7378210000000001 0.444551 0.714744 0.391987 0.691667 0.343269 0.692949 0.283013 0.687821 0.254808 0.654487 0.21891 0.65 0.177885 0.648077 0.133013 0.695513 0.094551
0 0.855128 0.347115 0.883333 0.490705 0.899359 0.5125 0.928205 0.5125 0.947436 0.541987 0.964103 0.611218 0.895513 0.622756 0.873718 0.566346 0.870513 0.627885 0.846154 0.700962 0.826282 0.708654 0.789103 0.699679 0.773077 0.6625 0.816667 0.611218 0.820513 0.549679 0.812179 0.499679 0.816026 0.425321 0.807692 0.384295 0.828846 0.347115 0.835256 0.343269
0 0.996795 0.750962 0.975 0.740705 0.950641 0.698397 0.935897 0.752244 0.930128 0.783013 0.925 0.793269 0.946154 0.85609 0.964103 0.885577 0.997436 0.950962
0 0.912179 0.872756 0.938462 0.897115 0.960897 0.925321 0.964744 0.941987 0.975 0.988141 0.789744 0.994551 0.7993589999999999 0.950962 0.810256 0.893269 0.83141 0.879167 0.858333 0.886859 0.880128 0.891987 0.885256 0.891987 0.899359 0.858654
0 0.696795 0.647115 0.7211540000000001 0.688141 0.725641 0.724038 0.7141029999999999 0.7625 0.7141029999999999 0.790705 0.6814100000000001 0.774038 0.672436 0.720192 0.666667 0.677885 0.679487 0.661218
0 0.557051 0.7125 0.571795 0.7625 0.554487 0.820192 0.538462 0.826603 0.504487 0.784295 0.521795 0.717628 0.563462 0.708654
0 0.32499999999999996 0.113782 0.352564 0.153526 0.351923 0.202244 0.349359 0.225321 0.32051300000000005 0.25609 0.30256400000000006 0.257372 0.289103 0.26891 0.27756400000000003 0.263782 0.28397399999999995 0.233013 0.310897 0.2125 0.291026 0.171474 0.28461499999999995 0.143269 0.29871800000000004 0.130449
0 0.13397400000000004 0.017628 0.11987199999999998 0.089423 0.09102600000000005 0.140705 0.087179 0.166346 0.07756399999999997 0.183013 0.06859000000000004 0.194551 0.06730800000000003 0.152244 0.05640999999999996 0.116346 0.03461499999999995 0.157372 0.02884600000000004 0.167628 0.015384999999999982 0.166346 0.019872 0.008654 0.12948700000000002 0.004808