0 0.919872 0.031731 0.922436 0.038141 0.9288460000000001 0.063782 0.933974 0.099679 0.936538 0.126603 0.935256 0.163782 0.91859 0.185577 0.905769 0.195833 0.888462 0.202244 0.882051 0.208654 0.880128 0.233013 0.882051 0.267628 0.873077 0.285577 0.866667 0.297115 0.853205 0.295833 0.848077 0.279167 0.835897 0.271474 0.81859 0.271474 0.804487 0.281731 0.803205 0.274038 0.8006409999999999 0.225321 0.794231 0.203526 0.803205 0.148397 0.813462 0.185577 0.827564 0.203526 0.8448720000000001 0.150962 0.853205 0.104808 0.8641030000000001 0.076603 0.877564 0.065064 0.876282 0.029167 0.858333 0.009936 0.883974 0.003526 0.892949 0.015064 0.912179 0.021474
0 0.985897 0.15609 0.980769 0.197115 0.990385 0.225321 0.986538 0.274038 0.986538 0.297115 0.975 0.325321 0.975 0.350962 0.973718 0.381731 0.986538 0.398397 0.990385 0.397115 0.992949 0.413782 0.992949 0.45609 0.978846 0.448397 0.9666669999999999 0.453526 0.966026 0.517628 0.965385 0.533013 0.969872 0.534295 0.985897 0.503526 0.992949 0.476603 0.994872 0.507372 0.994872 0.526603 0.994872 0.553526 0.999359 0.593269 0.995513 0.604808 0.976923 0.615064 0.953846 0.620192 0.926282 0.603526 0.904487 0.580449 0.890385 0.540705 0.883974 0.502244 0.874359 0.4625 0.879487 0.4125 0.885897 0.370192 0.889744 0.339423 0.891667 0.295833 0.917949 0.233013 0.937179 0.203526 0.960897 0.180449 0.971154 0.183013 0.976923 0.1625
0 0.848718 0.409936 0.85641 0.4125 0.866026 0.430449 0.866026 0.477885 0.859615 0.499679 0.853205 0.575321 0.852564 0.617628 0.837821 0.615064 0.816026 0.635577 0.790385 0.629167 0.787179 0.6125 0.762821 0.590705 0.752564 0.539423 0.738462 0.480449 0.733333 0.409936 0.730769 0.366346 0.730769 0.324038 0.730769 0.300962 0.709615 0.284295 0.6551279999999999 0.25609 0.649359 0.224038 0.644872 0.176603 0.644231 0.134295 0.649359 0.072756 0.6596150000000001 0.027885 0.689744 0.016346 0.705128 0.038141 0.723077 0.075321 0.732051 0.10609 0.742308 0.145833 0.751282 0.180449 0.762821 0.234295 0.7858970000000001 0.245833 0.792949 0.283013 0.796154 0.300962 0.802564 0.322756 0.807692 0.350962 0.808333 0.407372 0.815385 0.4125
0 0.552564 0.189423 0.583333 0.211218 0.588462 0.248397 0.578846 0.3125 0.569231 0.365064 0.5685899999999999 0.420192 0.587179 0.385577 0.601923 0.338141 0.613462 0.394551 0.605128 0.438141 0.586538 0.465064 0.577564 0.465064 0.562821 0.504808 0.573718 0.553526 0.5935900000000001 0.565064 0.600641 0.60609 0.596795 0.625321 0.589744 0.629167 0.548718 0.665064 0.539103 0.686859 0.525 0.702244 0.505128 0.711218 0.482692 0.720192 0.46730799999999995 0.672756 0.46858999999999995 0.641987 0.46858999999999995 0.583013 0.460256 0.516346 0.46346200000000004 0.463782 0.478205 0.453526 0.5096149999999999 0.467628 0.528205 0.467628 0.5333330000000001 0.430449 0.5333330000000001 0.374038 0.535256 0.336859 0.5314099999999999 0.316346 0.5083329999999999 0.333013 0.49166699999999997 0.363782 0.47179499999999996 0.365064 0.46923099999999995 0.326603 0.46666700000000005 0.288141 0.47243599999999997 0.25609 0.497436 0.2625 0.517949 0.257372 0.5275639999999999 0.250962 0.526923 0.243269 0.521154 0.225321 0.50641 0.209936 0.505769 0.198397 0.537821 0.186859
0 0.497436 0.020192 0.49102599999999996 0.065064 0.483974 0.113782 0.482692 0.15609 0.478846 0.194551 0.457692 0.250962 0.45256399999999997 0.284295 0.43333299999999997 0.320192 0.42500000000000004 0.333013 0.389103 0.348397 0.369231 0.336859 0.353205 0.284295 0.36538499999999996 0.266346 0.375641 0.229167 0.378205 0.177885 0.40512800000000004 0.186859 0.40769200000000005 0.141987 0.40576900000000005 0.124038 0.41025599999999995 0.104808 0.419231 0.072756 0.439744 0.043269 0.44487200000000005 0.029167 0.460256 0.002244 0.495513 0.004808
0 0.357051 0.050962 0.357051 0.080449 0.377564 0.117628 0.392949 0.126603 0.391667 0.157372 0.376282 0.159936 0.36730799999999997 0.159936 0.350641 0.166346 0.310256 0.203526 0.292308 0.217628 0.270513 0.234295 0.255128 0.235577 0.232692 0.227885 0.208333 0.191987 0.22628199999999998 0.127885 0.24487199999999998 0.109936 0.255769 0.081731 0.269231 0.036859 0.265385 0.007372 0.358333 0.00609 0.36346199999999995 0.035577
0 0.229487 0.31891 0.23141 0.339423 0.25961500000000004 0.347115 0.254487 0.384295 0.24423099999999998 0.411218 0.24615399999999998 0.444551 0.251282 0.459936 0.22628199999999998 0.500962 0.210897 0.522756 0.20192299999999996 0.539423 0.19807699999999995 0.56891 0.19807699999999995 0.576603 0.19230800000000003 0.561218 0.19230800000000003 0.535577 0.17243600000000003 0.535577 0.15384600000000004 0.51891 0.14871800000000002 0.46891 0.163462 0.433013 0.17948699999999995 0.425321 0.19551300000000005 0.416346 0.20256399999999997 0.354808
0 0.357692 0.639423 0.380128 0.675321 0.399359 0.680449 0.414744 0.674038 0.42371800000000004 0.690705 0.43076899999999996 0.750962 0.44423100000000004 0.783013 0.45128199999999996 0.830449 0.44102600000000003 0.909936 0.412821 0.944551 0.40512800000000004 0.95609 0.40192300000000003 0.997115 0.34102600000000005 0.995833 0.360897 0.953526 0.373077 0.933013 0.36410299999999995 0.86891 0.33782100000000004 0.840705 0.32243599999999994 0.809936 0.311538 0.774038 0.29807700000000004 0.708654 0.310897 0.674038 0.334615 0.649679
0 0.998077 0.743269 0.991667 0.757372 0.972436 0.75609 0.960897 0.724038 0.942308 0.735577 0.936538 0.766346 0.951923 0.780449 0.955769 0.791987 0.953846 0.8125 0.93141 0.843269 0.922436 0.859936 0.942949 0.907372 0.95641 0.967628 0.974359 0.952244 0.989103 0.963782 0.998077 0.986859
0 0.879487 0.707372 0.916026 0.748397 0.927564 0.783013 0.903205 0.824038 0.878846 0.843269 0.860897 0.847115 0.8448720000000001 0.839423 0.821795 0.830449 0.801282 0.866346 0.771154 0.897115 0.749359 0.880449 0.759615 0.822756 0.778205 0.785577 0.775641 0.739423 0.796795 0.736859 0.8198719999999999 0.741987 0.844231 0.685577
0 0.692949 0.630449 0.709615 0.680449 0.7166669999999999 0.699679 0.7128209999999999 0.774038 0.701282 0.802244 0.687821 0.833013 0.672436 0.838141 0.646154 0.802244 0.636538 0.744551 0.657051 0.739423 0.670513 0.734295 0.6826920000000001 0.711218 0.6839740000000001 0.677885 0.673718 0.672756 0.6583330000000001 0.679167 0.645513 0.695833 0.6333329999999999 0.703526 0.6179490000000001 0.684295 0.623077 0.641987 0.641026 0.620192 0.664103 0.611218 0.6839740000000001 0.615064
0 0.611538 0.85609 0.625 0.916346 0.640385 0.934295 0.646795 0.976603 0.641026 0.991987 0.579487 0.993269 0.571795 0.965064 0.5564100000000001 0.971474 0.557051 0.990705 0.49294899999999997 0.995833 0.494872 0.959936 0.521795 0.934295 0.541026 0.908654 0.562821 0.885577 0.589744 0.865064
0 0.742308 0.952244 0.749359 0.972756 0.75 0.983013 0.752564 0.997115 0.697436 0.995833 0.7 0.957372 0.70641 0.947115 0.733333 0.947115
0 0.06346200000000002 0.013782 0.04487200000000002 0.031731 0.021154000000000006 0.05609 0.014102999999999977 0.095833 0.0012820000000000054 0.108654 0.0025640000000000107 0.007372 0.05705099999999996 0.004808
0 0.07948699999999997 0.454808 0.09358999999999995 0.463782 0.10641 0.479167 0.09615399999999996 0.521474 0.08910300000000004 0.538141 0.07756399999999997 0.517628 0.062178999999999984 0.490705 0.06153799999999998 0.4625
0 0.20256399999999997 0.874038 0.212179 0.899679 0.209615 0.91891 0.19999999999999996 0.935577 0.18397399999999997 0.950962 0.17692300000000005 0.961218 0.17051300000000003 0.944551 0.15384600000000004 0.938141 0.144872 0.890705 0.14871800000000002 0.875321 0.17051300000000003 0.875321 0.19230800000000003 0.867628
0 0.09743599999999997 0.681731 0.10897400000000002 0.671474 0.11410299999999995 0.716346 0.11794899999999997 0.739423 0.10064099999999998 0.767628 0.083974 0.790705 0.05448699999999995 0.786859 0.04615400000000003 0.752244 0.06859000000000004 0.741987 0.085897 0.745833 0.09294899999999995 0.745833 0.10192299999999999 0.734295 0.09615399999999996 0.722756 0.08269199999999999 0.70609 0.07884599999999997 0.690705
0 0.004487000000000019 0.670192 0.02692300000000003 0.702244 0.03397399999999995 0.730449 0.04230800000000001 0.752244 0.030769000000000046 0.745833 0.017948999999999993 0.770192 0.014102999999999977 0.798397 0.015384999999999982 0.813782 0.0025640000000000107 0.821474
0 0.02243600000000001 0.870192 0.045513000000000026 0.888141 0.06089699999999998 0.90609 0.052564000000000055 0.926603 0.05064100000000005 0.952244 0.05192300000000005 0.993269 0.0032050000000000134 0.991987 0.0025640000000000107 0.926603 0.01474399999999998 0.913782