0 0.991667 0.021474 0.964103 0.025321 0.951282 0.052244 0.938462 0.088141 0.908974 0.067628 0.8641030000000001 0.025321 0.8628210000000001 0.008654 0.995513 0.00609
0 0.695513 0.431731 0.692949 0.450962 0.7032050000000001 0.463782 0.73141 0.479167 0.746795 0.524038 0.75 0.576603 0.744231 0.626603 0.721795 0.635577 0.678205 0.613782 0.6717949999999999 0.638141 0.686538 0.665064 0.6980770000000001 0.707372 0.6788460000000001 0.726603 0.670513 0.750962 0.673718 0.813782 0.676282 0.826603 0.6826920000000001 0.874038 0.6583330000000001 0.908654 0.644872 0.939423 0.6333329999999999 0.993269 0.526923 0.994551 0.515385 0.9625 0.485256 0.924038 0.47243599999999997 0.907372 0.460256 0.85609 0.457692 0.798397 0.46794899999999995 0.797115 0.475641 0.748397 0.48717900000000003 0.695833 0.510256 0.671474 0.5275639999999999 0.658654 0.55 0.648397 0.563462 0.61891 0.5711539999999999 0.604808 0.561538 0.574038 0.5506409999999999 0.543269 0.544231 0.504808 0.575 0.472756 0.608333 0.485577 0.641667 0.493269 0.651282 0.525321 0.651923 0.539423 0.667308 0.530449 0.6756409999999999 0.511218 0.669231 0.489423 0.658974 0.46891 0.687179 0.421474
0 0.5891029999999999 0.030449 0.603205 0.044551 0.637821 0.059936 0.6525639999999999 0.084295 0.654487 0.102244 0.640385 0.140705 0.630128 0.166346 0.625641 0.188141 0.6179490000000001 0.209936 0.5961540000000001 0.216346 0.5743590000000001 0.190705 0.5660259999999999 0.157372 0.565385 0.113782 0.5743590000000001 0.070192
0 0.767949 0.371474 0.787179 0.384295 0.805769 0.391987 0.789103 0.426603 0.776923 0.431731 0.757051 0.427885 0.750641 0.413782 0.760256 0.375321
0 0.8211539999999999 0.567628 0.8641030000000001 0.613782 0.877564 0.621474 0.898077 0.6125 0.9064099999999999 0.6625 0.919231 0.671474 0.913462 0.703526 0.919231 0.724038 0.91859 0.738141 0.901923 0.726603 0.885897 0.708654 0.853205 0.683013 0.8416669999999999 0.661218 0.823718 0.633013 0.810256 0.597115
0 0.8628210000000001 0.822756 0.860897 0.857372 0.870513 0.863782 0.892308 0.876603 0.917308 0.915064 0.937821 0.943269 0.923718 0.974038 0.902564 0.965064 0.873718 0.936859 0.859615 0.908654 0.8448720000000001 0.884295 0.835256 0.867628 0.825 0.854808 0.825 0.840705 0.836538 0.836859 0.83141 0.808654 0.833974 0.802244 0.855769 0.81891
0 0.7608969999999999 0.711218 0.772436 0.745833 0.757692 0.785577 0.75641 0.820192 0.760256 0.836859 0.7403850000000001 0.834295 0.730128 0.839423 0.712179 0.824038 0.726282 0.788141 0.7141029999999999 0.75609 0.710256 0.735577 0.7224360000000001 0.703526 0.732051 0.703526 0.744872 0.722756
0 0.47115399999999996 0.554808 0.46923099999999995 0.577885 0.46474400000000005 0.595833 0.476282 0.620192 0.479487 0.626603 0.44807699999999995 0.666346 0.437179 0.66891 0.412821 0.661218 0.41153799999999996 0.639423 0.414744 0.597115 0.42179500000000003 0.577885 0.43397399999999997 0.574038 0.44359000000000004 0.565064 0.458333 0.544551 0.46858999999999995 0.541987
0 0.36794899999999997 0.022756 0.376923 0.049679 0.39359 0.052244 0.40769200000000005 0.05609 0.42307700000000004 0.103526 0.437179 0.148397 0.440385 0.167628 0.419231 0.193269 0.401282 0.208654 0.40384600000000004 0.241987 0.394231 0.263782 0.377564 0.285577 0.353205 0.300962 0.34230799999999995 0.281731 0.34807699999999997 0.177885 0.34230799999999995 0.149679 0.32243599999999994 0.089423 0.32628199999999996 0.027885 0.34807699999999997 0.034295
0 0.267308 0.021474 0.24166699999999997 0.022756 0.21602600000000005 0.026603 0.21346200000000004 0.095833 0.19615400000000005 0.1125 0.16859000000000002 0.089423 0.14102599999999998 0.004808 0.263462 0.003526
0 0.027564000000000033 0.230449 0.057691999999999966 0.252244 0.10256399999999999 0.270192 0.125 0.30609 0.142308 0.348397 0.17884599999999995 0.325321 0.211538 0.308654 0.230769 0.307372 0.23653800000000003 0.333013 0.23974399999999996 0.372756 0.24487199999999998 0.393269 0.269872 0.421474 0.29743600000000003 0.45609 0.29807700000000004 0.493269 0.32564099999999996 0.572756 0.336538 0.597115 0.315385 0.644551 0.30640999999999996 0.680449 0.30384599999999995 0.716346 0.30512799999999995 0.795833 0.311538 0.826603 0.32307699999999995 0.789423 0.353846 0.797115 0.377564 0.774038 0.38397400000000004 0.794551 0.36217900000000003 0.874038 0.329487 0.936859 0.295513 0.991987 0.18012799999999995 0.993269 0.23525600000000002 0.891987 0.22564099999999998 0.824038 0.23461500000000002 0.779167 0.253205 0.753526 0.26025600000000004 0.70609 0.251282 0.693269 0.23910299999999995 0.658654 0.26282099999999997 0.626603 0.27820500000000004 0.625321 0.27948700000000004 0.595833 0.27948700000000004 0.576603 0.26153800000000005 0.588141 0.24487199999999998 0.590705 0.21538500000000005 0.553526 0.20320499999999997 0.522756 0.18717899999999998 0.495833 0.16217899999999996 0.471474 0.13461500000000004 0.46891 0.10064099999999998 0.5125 0.07948699999999997 0.548397 0.05833299999999997 0.609936 0.04935900000000004 0.636859 0.004487000000000019 0.681731 0.003846000000000016 0.239423
0 0.473718 0.176603 0.514744 0.186859 0.520513 0.195833 0.497436 0.224038 0.47115399999999996 0.245833 0.460256 0.261218 0.455128 0.257372 0.46410300000000004 0.225321 0.462179 0.208654 0.44423100000000004 0.181731