0 0.10256399999999999 0.030449 0.105769 0.085577 0.10641 0.121474 0.09294899999999995 0.134295 0.06282100000000002 0.145833 0.04487200000000002 0.175321 0.023077000000000014 0.189423 0.001923000000000008 0.157372 0.0032050000000000134 0.026603 0.02435900000000002 0.026603 0.06346200000000002 0.044551 0.084615 0.036859
0 0.164744 0.050962 0.17243600000000003 0.109936 0.18910300000000002 0.1125 0.207692 0.120192 0.23589700000000002 0.1125 0.22435899999999998 0.176603 0.20512799999999998 0.180449 0.17948699999999995 0.258654 0.17179500000000003 0.288141 0.13846199999999997 0.316346 0.11602599999999996 0.313782 0.09679499999999996 0.321474 0.08140999999999998 0.284295 0.07884599999999997 0.248397 0.09487199999999996 0.191987 0.10833300000000001 0.133013 0.128205 0.088141 0.11410299999999995 0.0625 0.11410299999999995 0.047115 0.145513 0.041987 0.15705100000000005 0.025321 0.16923100000000002 0.024038
0 0.436538 0.076603 0.419872 0.145833 0.41153799999999996 0.20609 0.461538 0.208654 0.47115399999999996 0.198397 0.48717900000000003 0.172756 0.519231 0.208654 0.532051 0.279167 0.554487 0.300962 0.5685899999999999 0.339423 0.563462 0.376603 0.5538460000000001 0.415064 0.533974 0.449679 0.494231 0.485577 0.46987199999999996 0.515064 0.44102600000000003 0.483013 0.412821 0.431731 0.378846 0.363782 0.358333 0.341987 0.33846200000000004 0.31891 0.32499999999999996 0.3125 0.311538 0.293269 0.295513 0.309936 0.28525599999999995 0.261218 0.294872 0.189423 0.32756399999999997 0.193269 0.336538 0.204808 0.34487199999999996 0.161218 0.355128 0.11891 0.34807699999999997 0.077885 0.38397400000000004 0.041987 0.41089699999999996 0.029167 0.45192299999999996 0.029167
0 0.605128 0.024038 0.5756410000000001 0.0625 0.579487 0.111218 0.559615 0.15609 0.535256 0.145833 0.517308 0.091987 0.507692 0.057372 0.514103 0.004808 0.5974360000000001 0.007372
0 0.777564 0.116346 0.775641 0.184295 0.765385 0.235577 0.760256 0.26891 0.764744 0.307372 0.752564 0.313782 0.735897 0.30609 0.735897 0.348397 0.767308 0.330449 0.7429490000000001 0.381731 0.7153849999999999 0.407372 0.685256 0.376603 0.678205 0.313782 0.713462 0.245833 0.709615 0.204808 0.70641 0.15609 0.7224360000000001 0.135577 0.746795 0.113782 0.769872 0.109936
0 0.945513 0.013782 0.935256 0.061218 0.930769 0.108654 0.919872 0.133013 0.894872 0.130449 0.88141 0.115064 0.873077 0.090705 0.866026 0.053526 0.863462 0.008654 0.935256 0.003526
0 0.995513 0.295833 0.95641 0.298397 0.953205 0.31891 0.948718 0.335577 0.932692 0.280449 0.927564 0.279167 0.891026 0.279167 0.873077 0.274038 0.854487 0.272756 0.8403849999999999 0.307372 0.852564 0.352244 0.85641 0.391987 0.894872 0.404808 0.916667 0.411218 0.925641 0.389423 0.939744 0.357372 0.963462 0.357372 0.976923 0.380449 0.996795 0.400962
0 0.28205100000000005 0.394551 0.269231 0.439423 0.270513 0.491987 0.263462 0.513782 0.248077 0.533013 0.229487 0.531731 0.22435899999999998 0.493269 0.21474400000000005 0.471474 0.20128199999999996 0.477885 0.19294900000000004 0.420192 0.17948699999999995 0.420192 0.18653799999999998 0.379167 0.22692299999999999 0.3625 0.25 0.375321
0 0.24615399999999998 0.613782 0.269231 0.657372 0.264744 0.709936 0.271795 0.735577 0.28717899999999996 0.783013 0.32499999999999996 0.811218 0.34230799999999995 0.831731 0.350641 0.853526 0.34679499999999996 0.890705 0.351282 0.921474 0.348718 0.972756 0.336538 0.997115 0.292949 0.966346 0.27756400000000003 0.952244 0.249359 0.947115 0.22499999999999998 0.902244 0.20705099999999999 0.8625 0.17884599999999995 0.836859 0.16025599999999995 0.813782 0.13589700000000005 0.753526 0.13333300000000003 0.713782 0.16025599999999995 0.66891 0.20320499999999997 0.675321 0.212179 0.636859 0.210897 0.595833
0 0.09551299999999996 0.625321 0.09999999999999998 0.695833 0.09679499999999996 0.750962 0.07948699999999997 0.765064 0.06282100000000002 0.761218 0.04871800000000004 0.729167 0.025000000000000022 0.721474 0.02243600000000001 0.690705 0.05833299999999997 0.654808 0.08076899999999998 0.630449
0 0.5467949999999999 0.66891 0.562821 0.685577 0.575 0.708654 0.552564 0.771474 0.55 0.803526 0.546154 0.835577 0.54359 0.8625 0.5371790000000001 0.888141 0.524359 0.9125 0.505769 0.930449 0.500641 0.931731 0.46474400000000005 0.883013 0.44615400000000005 0.897115 0.435897 0.917628 0.43076899999999996 0.915064 0.42692300000000005 0.861218 0.42115400000000003 0.809936 0.40897399999999995 0.758654 0.392949 0.747115 0.388462 0.709936 0.392308 0.674038 0.420513 0.66891 0.454487 0.670192 0.495513 0.645833 0.521795 0.672756
0 0.775 0.536859 0.776923 0.590705 0.787179 0.609936 0.813462 0.607372 0.8211539999999999 0.617628 0.830128 0.674038 0.8230770000000001 0.717628 0.798718 0.743269 0.778846 0.748397 0.744872 0.711218 0.733333 0.685577 0.707692 0.647115 0.711538 0.600962 0.728205 0.550962 0.734615 0.543269 0.759615 0.557372
0 0.880128 0.517628 0.889103 0.550962 0.899359 0.55609 0.886538 0.593269 0.876923 0.626603 0.85 0.652244 0.8423080000000001 0.581731 0.850641 0.531731 0.870513 0.5125
0 0.660256 0.503526 0.661538 0.534295 0.6525639999999999 0.591987 0.6179490000000001 0.616346 0.604487 0.638141 0.598077 0.626603 0.607692 0.571474 0.601282 0.550962 0.5974360000000001 0.515064 0.6166670000000001 0.491987 0.625641 0.486859 0.649359 0.50609
0 0.023077000000000014 0.397115 0.047436000000000034 0.430449 0.050000000000000044 0.471474 0.023718000000000017 0.45609 0.012820999999999971 0.438141 0.008974000000000038 0.409936