0 0.898718 0.013782 0.889103 0.081731 0.889103 0.154808 0.895513 0.167628 0.917308 0.203526 0.921795 0.226603 0.903205 0.243269 0.876923 0.259936 0.853205 0.249679 0.823718 0.213782 0.811538 0.167628 0.817949 0.11891 0.8243590000000001 0.130449 0.826282 0.116346 0.792949 0.067628 0.791026 0.107372 0.778846 0.130449 0.7416670000000001 0.108654 0.723077 0.070192 0.697436 0.049679 0.6910259999999999 0.102244 0.688462 0.193269 0.689103 0.15609 0.671154 0.15609 0.6621790000000001 0.213782 0.6801280000000001 0.234295 0.702564 0.247115 0.683333 0.311218 0.675 0.353526 0.645513 0.321474 0.630128 0.307372 0.599359 0.288141 0.610256 0.248397 0.6153850000000001 0.176603 0.629487 0.05609 0.642308 0.009936 0.891026 0.004808
0 0.559615 0.024038 0.5923080000000001 0.049679 0.603846 0.100962 0.607051 0.134295 0.607692 0.170192 0.5961540000000001 0.248397 0.5891029999999999 0.316346 0.5730770000000001 0.338141 0.5493589999999999 0.352244 0.525 0.338141 0.48717900000000003 0.267628 0.475 0.204808 0.457692 0.102244 0.46923099999999995 0.047115 0.484615 0.007372 0.5564100000000001 0.00609
0 0.254487 0.126603 0.31923100000000004 0.153526 0.360897 0.204808 0.377564 0.239423 0.352564 0.300962 0.34166700000000005 0.333013 0.32692299999999996 0.353526 0.29679500000000003 0.359936 0.266667 0.347115 0.19935899999999995 0.304808 0.18653799999999998 0.252244 0.17435900000000004 0.235577 0.18012799999999995 0.176603 0.21987199999999996 0.11891
0 0.084615 0.027885 0.09871799999999997 0.081731 0.104487 0.203526 0.09551299999999996 0.234295 0.07628199999999996 0.271474 0.02884600000000004 0.270192 0.015384999999999982 0.238141 0.014102999999999977 0.181731 0.019230999999999998 0.124038 0.025000000000000022 0.083013 0.021154000000000006 0.021474 0.021154000000000006 0.000962 0.08076899999999998 0.004808
0 0.018589999999999995 0.347115 0.08076899999999998 0.363782 0.09487199999999996 0.384295 0.10192299999999999 0.420192 0.103846 0.447115 0.11282099999999995 0.530449 0.10320499999999999 0.584295 0.09102600000000005 0.630449 0.08333299999999999 0.667628 0.057691999999999966 0.650962 0.04487200000000002 0.638141 0.030769000000000046 0.66891 0.019872 0.684295 0.012179000000000051 0.674038 0.013461999999999974 0.611218 0.016025999999999985 0.577885 0.030769000000000046 0.544551 0.027564000000000033 0.45609 0.016025999999999985 0.393269 0.0070510000000000295 0.452244 0.005128000000000021 0.30609
0 0.42500000000000004 0.520192 0.44102600000000003 0.561218 0.47051299999999996 0.591987 0.46538500000000005 0.624038 0.483333 0.649679 0.494231 0.657372 0.5096149999999999 0.649679 0.544872 0.609936 0.535256 0.7125 0.529487 0.754808 0.521154 0.794551 0.50641 0.857372 0.526923 0.885577 0.552564 0.897115 0.5685899999999999 0.931731 0.5878209999999999 0.935577 0.607051 0.894551 0.616026 0.872756 0.6538459999999999 0.86891 0.682051 0.844551 0.6993590000000001 0.7625 0.721795 0.744551 0.747436 0.716346 0.757051 0.693269 0.767308 0.665064 0.783974 0.654808 0.828846 0.684295 0.855128 0.750962 0.860897 0.827885 0.8448720000000001 0.834295 0.8256410000000001 0.8125 0.819231 0.750962 0.8051280000000001 0.784295 0.808333 0.871474 0.7833330000000001 0.90609 0.774359 0.911218 0.746795 0.883013 0.730128 0.876603 0.705769 0.913782 0.6839740000000001 0.920192 0.666667 0.920192 0.6583330000000001 0.959936 0.673718 0.993269 0.438462 0.994551 0.41089699999999996 0.988141 0.379487 0.963782 0.36217900000000003 0.883013 0.40448700000000004 0.867628 0.45256399999999997 0.895833 0.46923099999999995 0.848397 0.462179 0.804808 0.44615400000000005 0.741987 0.439103 0.700962 0.435256 0.670192 0.399359 0.616346 0.355769 0.558654 0.376282 0.516346 0.43076899999999996 0.513782
0 0.28076900000000005 0.626603 0.30448699999999995 0.636859 0.310256 0.645833 0.315385 0.703526 0.30769199999999997 0.727885 0.27692300000000003 0.727885 0.253846 0.702244 0.23589700000000002 0.652244 0.251282 0.633013
0 0.807692 0.417628 0.8051280000000001 0.489423 0.808333 0.508654 0.802564 0.524038 0.786538 0.521474 0.772436 0.494551 0.761538 0.465064 0.767308 0.447115 0.7858970000000001 0.426603
0 0.998077 0.3625 0.986538 0.371474 0.976282 0.329167 0.955128 0.294551 0.942308 0.293269 0.949359 0.440705 0.961538 0.485577 0.980128 0.479167 0.996795 0.461218
0 0.980128 0.731731 0.969872 0.740705 0.964103 0.748397 0.974359 0.772756 0.976923 0.788141 0.980128 0.804808 0.987179 0.809936 0.992949 0.786859 0.996795 0.777885 0.996795 0.743269 0.987821 0.733013
0 0.680769 0.567628 0.676282 0.598397 0.6814100000000001 0.624038 0.689744 0.616346 0.6961539999999999 0.581731 0.701282 0.515064 0.726923 0.590705 0.710897 0.631731 0.7019230000000001 0.657372 0.695513 0.680449 0.6839740000000001 0.7125 0.666667 0.681731 0.648077 0.649679 0.636538 0.599679 0.628205 0.567628 0.661538 0.583013 0.66859 0.570192
0 0.559615 0.600962 0.586538 0.602244 0.5711539999999999 0.659936 0.559615 0.667628 0.524359 0.639423 0.523718 0.602244 0.542949 0.583013 0.5660259999999999 0.590705
0 0.05833299999999997 0.809936 0.08076899999999998 0.850962 0.11730799999999997 0.876603 0.13653800000000005 0.885577 0.15256400000000003 0.899679 0.17948699999999995 0.920192 0.23846199999999995 0.898397 0.248718 0.890705 0.25897400000000004 0.911218 0.248718 0.939423 0.23461500000000002 0.963782 0.22243599999999997 0.995833 0.03461499999999995 0.988141 0.04230800000000001 0.948397 0.04230800000000001 0.921474 0.019872 0.954808 0.0025640000000000107 0.974038 0.006410000000000027 0.845833 0.04423100000000002 0.830449 0.05128200000000005 0.803526