0 0.537821 0.013782 0.54359 0.05609 0.5519229999999999 0.05609 0.5519229999999999 0.090705 0.569231 0.094551 0.5743590000000001 0.134295 0.558333 0.161218 0.525 0.135577 0.501282 0.139423 0.46410300000000004 0.175321 0.43012799999999995 0.204808 0.396154 0.193269 0.369872 0.184295 0.375641 0.117628 0.401282 0.079167 0.414744 0.0625 0.414744 0.031731 0.40448700000000004 0.008654 0.523718 0.004808
0 0.769231 0.116346 0.790385 0.124038 0.795513 0.138141 0.801282 0.150962 0.808333 0.186859 0.8 0.21891 0.79359 0.241987 0.791026 0.275321 0.7814099999999999 0.295833 0.777564 0.307372 0.745513 0.339423 0.714744 0.326603 0.712179 0.283013 0.7185900000000001 0.247115 0.707051 0.225321 0.707051 0.202244 0.730128 0.176603 0.74359 0.157372 0.747436 0.109936 0.748718 0.097115
0 0.995513 0.247115 0.976282 0.233013 0.953846 0.247115 0.928205 0.259936 0.905769 0.270192 0.883333 0.285577 0.874359 0.293269 0.860897 0.345833 0.871154 0.375321 0.892949 0.395833 0.996154 0.491987 0.998718 0.261218
0 0.20192299999999996 0.017628 0.208333 0.045833 0.22499999999999998 0.0625 0.23846199999999995 0.061218 0.24487199999999998 0.084295 0.22435899999999998 0.133013 0.20512799999999998 0.152244 0.19487200000000005 0.163782 0.15000000000000002 0.152244 0.13717900000000005 0.095833 0.11474399999999996 0.00609 0.19487200000000005 0.008654
0 0.34615399999999996 0.093269 0.36282099999999995 0.113782 0.358974 0.136859 0.352564 0.170192 0.349359 0.194551 0.32115400000000005 0.193269 0.30769199999999997 0.202244 0.29615400000000003 0.175321 0.30128200000000005 0.138141 0.309615 0.094551 0.32243599999999994 0.085577 0.32884599999999997 0.085577
0 0.626282 0.375321 0.6358969999999999 0.403526 0.6358969999999999 0.429167 0.641026 0.477885 0.639744 0.498397 0.639744 0.536859 0.617308 0.539423 0.5948720000000001 0.529167 0.5685899999999999 0.509936 0.564103 0.486859 0.564103 0.4625 0.575 0.427885 0.5891029999999999 0.411218 0.5974360000000001 0.370192 0.607051 0.415064 0.614744 0.404808
0 0.311538 0.458654 0.29615400000000003 0.489423 0.29935900000000004 0.499679 0.310256 0.502244 0.31666700000000003 0.508654 0.32115400000000005 0.547115 0.32628199999999996 0.595833 0.30320499999999995 0.665064 0.29807700000000004 0.685577 0.273718 0.6625 0.253846 0.620192 0.23974399999999996 0.56891 0.253846 0.499679 0.264744 0.476603 0.26282099999999997 0.40609 0.272436 0.393269 0.310256 0.444551
0 0.20448699999999997 0.235577 0.22692299999999999 0.281731 0.21666700000000005 0.311218 0.21346200000000004 0.335577 0.19999999999999996 0.370192 0.19102600000000003 0.380449 0.18910300000000002 0.394551 0.17692300000000005 0.374038 0.17500000000000004 0.347115 0.15769200000000005 0.333013 0.15833299999999995 0.288141 0.17756400000000006 0.265064 0.18974400000000002 0.233013
0 0.039103 0.133013 0.04679500000000003 0.184295 0.047436000000000034 0.203526 0.038461999999999996 0.220192 0.042949000000000015 0.243269 0.05192300000000005 0.25609 0.04871800000000004 0.313782 0.035255999999999954 0.336859 0.025641000000000025 0.353526 0.003846000000000016 0.388141 0.003846000000000016 0.147115 0.025000000000000022 0.144551
0 0.482051 0.417628 0.48782099999999995 0.434295 0.47307699999999997 0.475321 0.455128 0.507372 0.439103 0.508654 0.42692300000000005 0.481731 0.437179 0.450962 0.46474400000000005 0.430449
0 0.654487 0.013782 0.6551279999999999 0.083013 0.6621790000000001 0.088141 0.6717949999999999 0.103526 0.6730769999999999 0.189423 0.679487 0.213782 0.6839740000000001 0.270192 0.6839740000000001 0.297115 0.663462 0.317628 0.664744 0.274038 0.6564099999999999 0.202244 0.649359 0.166346 0.636538 0.11891 0.627564 0.086859 0.628205 0.053526 0.6346149999999999 0.01891
0 0.998718 0.144551 0.971154 0.159936 0.962821 0.143269 0.953846 0.126603 0.951923 0.066346 0.962179 0.033013 0.971154 0.011218 0.997436 0.007372
0 0.891026 0.033013 0.898077 0.084295 0.898077 0.116346 0.880769 0.108654 0.863462 0.089423 0.858974 0.058654 0.869872 0.026603
0 0.983974 0.590705 0.960897 0.572756 0.951282 0.566346 0.933974 0.513782 0.937821 0.494551 0.932051 0.493269 0.903205 0.511218 0.894872 0.502244 0.879487 0.46891 0.86859 0.46891 0.861538 0.516346 0.854487 0.545833 0.842949 0.544551 0.833974 0.543269 0.816026 0.553526 0.802564 0.567628 0.814103 0.598397 0.822436 0.630449 0.841026 0.634295 0.852564 0.620192 0.875641 0.572756 0.889103 0.561218 0.894872 0.559936 0.898077 0.574038 0.898077 0.616346 0.908974 0.652244 0.939103 0.661218 0.951282 0.667628 0.962179 0.684295 0.977564 0.727885 0.979487 0.752244 0.982692 0.767628 0.995513 0.790705 0.995513 0.617628
0 0.7621789999999999 0.479167 0.758333 0.563782 0.744231 0.588141 0.734615 0.586859 0.710256 0.549679 0.70641 0.517628 0.730128 0.498397 0.7416670000000001 0.486859 0.751282 0.46891
0 0.7153849999999999 0.6625 0.6993590000000001 0.695833 0.705769 0.726603 0.717949 0.750962 0.728205 0.7625 0.7391030000000001 0.759936 0.7429490000000001 0.786859 0.734615 0.831731 0.7141029999999999 0.835577 0.682051 0.816346 0.689744 0.879167 0.692949 0.934295 0.698718 0.961218 0.701282 0.990705 0.60641 0.994551 0.614744 0.926603 0.6141030000000001 0.853526 0.6128210000000001 0.803526 0.641667 0.771474 0.660256 0.754808 0.671154 0.717628 0.667308 0.700962 0.646154 0.676603 0.628846 0.709936 0.6166670000000001 0.7125 0.6128210000000001 0.679167 0.626282 0.645833 0.642308 0.615064 0.6608970000000001 0.615064 0.679487 0.627885 0.705769 0.639423
0 0.44807699999999995 0.552244 0.455128 0.571474 0.483974 0.591987 0.485897 0.603526 0.47115399999999996 0.624038 0.47115399999999996 0.652244 0.47243599999999997 0.670192 0.477564 0.702244 0.47051299999999996 0.740705 0.46858999999999995 0.758654 0.458333 0.771474 0.44551300000000005 0.786859 0.437179 0.785577 0.416667 0.738141 0.400641 0.653526 0.399359 0.589423 0.389744 0.544551 0.40576900000000005 0.533013 0.43076899999999996 0.545833
0 0.126282 0.7125 0.14935900000000002 0.753526 0.15961499999999995 0.791987 0.17628200000000005 0.833013 0.16987200000000002 0.853526 0.15705100000000005 0.885577 0.15128200000000003 0.897115 0.11474399999999996 0.909936 0.104487 0.915064 0.07564099999999996 0.893269 0.06089699999999998 0.871474 0.04871800000000004 0.843269 0.062178999999999984 0.765064 0.07243599999999994 0.720192 0.07756399999999997 0.709936 0.10064099999999998 0.715064