0 0.07243599999999994 0.047115 0.11089700000000002 0.071474 0.11794899999999997 0.122756 0.10769200000000001 0.165064 0.10320499999999999 0.2125 0.07564099999999996 0.290705 0.07628199999999996 0.327885 0.08012799999999998 0.349679 0.09038500000000005 0.409936 0.09102600000000005 0.466346 0.07884599999999997 0.499679 0.05448699999999995 0.545833 0.03653799999999996 0.552244 0.019230999999999998 0.540705 0.02435900000000002 0.457372 0.02435900000000002 0.397115 0.014102999999999977 0.357372 0.005128000000000021 0.333013 0.0070510000000000295 0.270192 0.00961500000000004 0.152244 0.012820999999999971 0.088141 0.035255999999999954 0.047115 0.05833299999999997 0.045833
0 0.26217900000000005 0.109936 0.28141000000000005 0.166346 0.28525599999999995 0.215064 0.30064100000000005 0.235577 0.29615400000000003 0.267628 0.264744 0.227885 0.22628199999999998 0.198397 0.208974 0.161218 0.20320499999999997 0.140705 0.22692299999999999 0.121474 0.23653800000000003 0.109936 0.250641 0.111218
0 0.485256 0.057372 0.49038499999999996 0.125321 0.49359 0.175321 0.49294899999999997 0.203526 0.476282 0.20609 0.438462 0.1625 0.416667 0.133013 0.39359 0.154808 0.372436 0.233013 0.34807699999999997 0.215064 0.330769 0.191987 0.32820499999999997 0.154808 0.36410299999999995 0.0625 0.376282 0.044551 0.44166700000000003 0.049679 0.46794899999999995 0.047115
0 0.559615 0.230449 0.576282 0.277885 0.591026 0.322756 0.591026 0.350962 0.5576920000000001 0.381731 0.55 0.394551 0.505128 0.375321 0.485897 0.370192 0.455769 0.333013 0.44679500000000005 0.300962 0.48717900000000003 0.25609 0.515385 0.308654 0.525641 0.247115 0.542308 0.244551
0 0.42371800000000004 0.275321 0.43205099999999996 0.329167 0.4 0.386859 0.416667 0.453526 0.42435900000000004 0.485577 0.43012799999999995 0.517628 0.42756400000000006 0.545833 0.38333300000000003 0.511218 0.36474399999999996 0.495833 0.354487 0.457372 0.36730799999999997 0.365064 0.369872 0.280449 0.392949 0.266346 0.414103 0.280449
0 0.6564099999999999 0.430449 0.683333 0.420192 0.710256 0.376603 0.726923 0.420192 0.716026 0.499679 0.713462 0.527885 0.6730769999999999 0.507372 0.667308 0.533013 0.657051 0.600962 0.6358969999999999 0.585577 0.591026 0.557372 0.569231 0.525321 0.5576920000000001 0.491987 0.5782050000000001 0.443269 0.591026 0.429167 0.619872 0.445833 0.648718 0.439423
0 0.849359 0.109936 0.866026 0.180449 0.880128 0.194551 0.891026 0.222756 0.887821 0.26891 0.873718 0.298397 0.847436 0.303526 0.8423080000000001 0.313782 0.8038460000000001 0.30609 0.8019229999999999 0.267628 0.817308 0.225321 0.7993589999999999 0.141987 0.7814099999999999 0.226603 0.773718 0.254808 0.750641 0.235577 0.751923 0.16891 0.749359 0.138141 0.778846 0.1125 0.803205 0.091987 0.833974 0.089423
0 0.292949 0.566346 0.313462 0.613782 0.32371799999999995 0.681731 0.349359 0.70609 0.355128 0.7625 0.35641 0.781731 0.33846200000000004 0.824038 0.32115400000000005 0.844551 0.309615 0.859936 0.29743600000000003 0.779167 0.29807700000000004 0.711218 0.29679500000000003 0.641987 0.28269200000000005 0.602244 0.27756400000000003 0.554808 0.289103 0.553526
0 0.60641 0.854808 0.625 0.880449 0.6166670000000001 0.929167 0.604487 0.970192 0.599359 0.989423 0.511538 0.990705 0.522436 0.883013 0.5506409999999999 0.852244 0.583333 0.836859 0.5948720000000001 0.835577 0.601923 0.834295
0 0.929487 0.544551 0.971154 0.590705 0.975 0.621474 0.952564 0.691987 0.883333 0.6625 0.901923 0.602244 0.901923 0.549679 0.9064099999999999 0.535577
0 0.889103 0.877885 0.900641 0.922756 0.9076919999999999 0.948397 0.916026 0.989423 0.816026 0.991987 0.822436 0.935577 0.845513 0.899679 0.869231 0.880449
0 0.961538 0.065064 0.996154 0.076603 0.996154 0.171474 0.965385 0.188141 0.939103 0.184295 0.913462 0.153526 0.9076919999999999 0.079167 0.916026 0.065064 0.941026 0.065064 0.953205 0.06891