0 0.01474399999999998 0.199679 0.06794900000000004 0.238141 0.09999999999999998 0.276603 0.10769200000000001 0.317628 0.11602599999999996 0.359936 0.11089700000000002 0.422756 0.09679499999999996 0.440705 0.06153799999999998 0.45609 0.037820999999999994 0.424038 0.004487000000000019 0.41891 0.0006410000000000027 0.194551
0 0.294231 0.029167 0.335897 0.052244 0.35 0.075321 0.36730799999999997 0.15609 0.359615 0.193269 0.353846 0.202244 0.332051 0.180449 0.310256 0.167628 0.30576899999999996 0.26891 0.28205100000000005 0.263782 0.208974 0.230449 0.17307700000000004 0.195833 0.15512800000000004 0.159936 0.147436 0.1125 0.16794900000000001 0.077885 0.21474400000000005 0.06891 0.248718 0.104808 0.263462 0.086859 0.271795 0.031731 0.27756400000000003 0.011218
0 0.619231 0.007372 0.601923 0.067628 0.5948720000000001 0.145833 0.583333 0.198397 0.559615 0.235577 0.5506409999999999 0.265064 0.517308 0.281731 0.5070509999999999 0.226603 0.501282 0.193269 0.5070509999999999 0.130449 0.514744 0.066346 0.515385 0.008654
0 0.776923 0.0125 0.836538 0.038141 0.890385 0.080449 0.903846 0.094551 0.905769 0.150962 0.887821 0.194551 0.885897 0.200962 0.871795 0.163782 0.859615 0.148397 0.839744 0.147115 0.815385 0.15609 0.810897 0.211218 0.779487 0.26891 0.73141 0.274038 0.717949 0.258654 0.695513 0.190705 0.6923079999999999 0.153526 0.7185900000000001 0.10609 0.748718 0.024038 0.755128 0.008654
0 0.992308 0.167628 0.975 0.158654 0.95641 0.133013 0.934615 0.154808 0.937179 0.200962 0.946795 0.233013 0.957051 0.275321 0.955769 0.291987 0.950641 0.307372 0.932692 0.304808 0.925641 0.31891 0.884615 0.348397 0.86859 0.357372 0.857692 0.361218 0.844231 0.331731 0.8435900000000001 0.304808 0.8423080000000001 0.295833 0.827564 0.311218 0.808333 0.295833 0.798077 0.389423 0.792308 0.436859 0.803205 0.454808 0.819231 0.470192 0.848077 0.500962 0.837821 0.554808 0.837821 0.611218 0.857051 0.643269 0.878846 0.639423 0.895513 0.617628 0.903205 0.583013 0.93141 0.588141 0.955769 0.565064 0.997436 0.561218 0.992949 0.502244 0.955769 0.520192 0.94359 0.497115 0.941667 0.452244 0.969872 0.424038 0.996154 0.370192 0.999359 0.177885
0 0.764103 0.424038 0.765385 0.466346 0.759615 0.483013 0.724359 0.493269 0.7006410000000001 0.497115 0.6961539999999999 0.508654 0.683333 0.470192 0.687179 0.444551 0.692949 0.427885 0.726282 0.431731 0.753846 0.425321
0 0.988462 0.693269 0.949359 0.708654 0.948718 0.680449 0.923077 0.66891 0.919872 0.727885 0.914103 0.752244 0.904487 0.785577 0.901282 0.81891 0.921154 0.854808 0.932692 0.889423 0.960897 0.908654 0.978846 0.884295 0.977564 0.824038 0.982692 0.790705 0.987821 0.757372 0.996795 0.75609 0.998077 0.681731
0 0.603205 0.933013 0.580769 0.895833 0.565385 0.876603 0.5326919999999999 0.858654 0.511538 0.858654 0.501282 0.867628 0.49102599999999996 0.879167 0.475 0.871474 0.46794899999999995 0.835577 0.455128 0.798397 0.44615400000000005 0.765064 0.43140999999999996 0.726603 0.4 0.693269 0.380128 0.789423 0.394231 0.843269 0.413462 0.909936 0.41025599999999995 0.989423 0.697436 0.986859 0.6910259999999999 0.948397 0.713462 0.894551 0.711538 0.853526 0.7032050000000001 0.821474 0.708974 0.797115 0.730769 0.733013 0.738462 0.690705 0.729487 0.65609 0.641026 0.627885 0.602564 0.685577 0.578846 0.745833 0.620513 0.821474 0.635256 0.86891 0.608974 0.91891
0 0.482692 0.379167 0.482692 0.461218 0.460897 0.515064 0.46282100000000004 0.549679 0.439103 0.525321 0.43012799999999995 0.513782 0.36859 0.538141 0.33974400000000005 0.536859 0.32051300000000005 0.536859 0.28717899999999996 0.481731 0.251282 0.424038 0.24166699999999997 0.349679 0.292308 0.361218 0.332051 0.357372 0.374359 0.3625 0.40384600000000004 0.376603 0.45320499999999997 0.389423 0.46346200000000004 0.388141 0.475641 0.3625
0 0.09487199999999996 0.688141 0.142949 0.717628 0.163462 0.735577 0.13910299999999998 0.781731 0.12948700000000002 0.808654 0.09551299999999996 0.822756 0.083974 0.817628 0.01474399999999998 0.866346 0.0025640000000000107 0.883013 0.0032050000000000134 0.721474 0.048077000000000036 0.715064 0.08076899999999998 0.694551
0 0.251923 0.831731 0.25705100000000003 0.886859 0.251923 0.953526 0.25705100000000003 0.993269 0.18846200000000002 0.948397 0.19935899999999995 0.883013 0.21987199999999996 0.85609 0.232692 0.839423