0 0.970513 0.274038 0.983333 0.363782 0.974359 0.425321 0.970513 0.459936 0.970513 0.472756 0.985256 0.483013 0.976923 0.525321 0.972436 0.527885 0.961538 0.557372 0.9666669999999999 0.61891 0.971154 0.622756 0.989744 0.643269 0.967949 0.694551 0.957051 0.708654 0.937179 0.695833 0.917308 0.671474 0.878846 0.589423 0.871154 0.549679 0.869872 0.463782 0.892949 0.404808 0.9083330000000001 0.335577 0.926282 0.288141 0.951282 0.261218
0 0.921154 0.1125 0.932692 0.203526 0.915385 0.261218 0.894872 0.267628 0.878205 0.274038 0.869872 0.285577 0.872436 0.222756 0.866667 0.202244 0.871154 0.165064 0.872436 0.131731 0.877564 0.111218 0.894872 0.097115 0.9083330000000001 0.102244
0 0.6801280000000001 0.125321 0.721795 0.159936 0.747436 0.216346 0.750641 0.248397 0.76859 0.295833 0.7858970000000001 0.326603 0.797436 0.36891 0.801282 0.411218 0.80641 0.434295 0.817949 0.495833 0.837179 0.493269 0.850641 0.493269 0.857692 0.520192 0.858333 0.580449 0.852564 0.61891 0.833333 0.680449 0.808974 0.690705 0.7846150000000001 0.676603 0.763462 0.631731 0.736538 0.599679 0.735897 0.565064 0.7166669999999999 0.45609 0.7211540000000001 0.393269 0.7166669999999999 0.35609 0.6961539999999999 0.350962 0.6583330000000001 0.309936 0.645513 0.276603 0.645513 0.239423 0.644231 0.189423 0.646795 0.143269 0.655769 0.109936
0 0.538462 0.263782 0.562179 0.281731 0.563462 0.404808 0.564103 0.438141 0.5685899999999999 0.525321 0.563462 0.591987 0.583333 0.665064 0.583333 0.679167 0.583333 0.704808 0.5660259999999999 0.713782 0.521795 0.759936 0.48846199999999995 0.744551 0.47243599999999997 0.736859 0.457051 0.717628 0.461538 0.657372 0.461538 0.609936 0.473718 0.5125 0.495513 0.538141 0.528205 0.533013 0.532051 0.502244 0.530769 0.447115 0.525 0.377885 0.494872 0.416346 0.473718 0.425321 0.454487 0.400962 0.459615 0.340705 0.510256 0.338141 0.519872 0.324038 0.507692 0.279167 0.516026 0.26891
0 0.48782099999999995 0.086859 0.480128 0.181731 0.473718 0.250962 0.459615 0.324038 0.42179500000000003 0.417628 0.389744 0.444551 0.355128 0.409936 0.33974400000000005 0.367628 0.395513 0.281731 0.412821 0.2125 0.416667 0.152244 0.461538 0.100962 0.47243599999999997 0.041987
0 0.335256 0.063782 0.34615399999999996 0.097115 0.34743599999999997 0.154808 0.353846 0.199679 0.36859 0.224038 0.34615399999999996 0.265064 0.312179 0.288141 0.289744 0.300962 0.24038499999999996 0.30609 0.20384599999999997 0.307372 0.208333 0.272756 0.23653800000000003 0.190705 0.25833300000000003 0.163782 0.269872 0.115064 0.270513 0.066346 0.270513 0.030449 0.28653799999999996 0.020192 0.315385 0.052244
0 0.232692 0.391987 0.24358999999999997 0.450962 0.24551299999999998 0.493269 0.23974399999999996 0.561218 0.21410300000000004 0.588141 0.166026 0.616346 0.16794900000000001 0.543269 0.18461499999999997 0.476603 0.207692 0.417628 0.21410300000000004 0.407372
0 0.358333 0.744551 0.38782099999999997 0.752244 0.415385 0.786859 0.42435900000000004 0.833013 0.436538 0.874038 0.44807699999999995 0.915064 0.438462 0.954808 0.42115400000000003 0.977885 0.4 0.993269 0.376282 0.998397 0.360256 0.976603 0.34807699999999997 0.920192 0.330769 0.886859 0.31794900000000004 0.857372 0.30448699999999995 0.80609 0.30705099999999996 0.785577 0.335897 0.736859 0.34230799999999995 0.736859
0 0.6788460000000001 0.686859 0.695513 0.748397 0.707051 0.780449 0.717949 0.813782 0.6948719999999999 0.863782 0.666667 0.907372 0.654487 0.897115 0.6717949999999999 0.797115 0.669231 0.738141 0.646795 0.748397 0.630769 0.765064 0.610256 0.744551 0.607692 0.698397 0.636538 0.690705 0.6576919999999999 0.694551
0 0.905128 0.820192 0.934615 0.854808 0.905769 0.884295 0.815385 0.939423 0.801282 0.931731 0.770513 0.970192 0.7416670000000001 0.959936 0.736538 0.938141 0.778846 0.871474 0.816667 0.820192 0.839744 0.815064 0.869231 0.817628
0 0.997436 0.829167 0.984615 0.843269 0.961538 0.826603 0.947436 0.838141 0.942949 0.870192 0.946154 0.899679 0.932692 0.935577 0.9288460000000001 0.950962 0.933974 0.990705 0.997436 0.991987
0 0.06666700000000003 0.013782 0.06730800000000003 0.06891 0.04423100000000002 0.109936 0.026282000000000028 0.133013 0.0032050000000000134 0.176603 0.0025640000000000107 0.009936