0 0.46987199999999996 0.375321 0.49166699999999997 0.390705 0.5070509999999999 0.50609 0.505769 0.529167 0.513462 0.572756 0.533974 0.570192 0.5961540000000001 0.574038 0.595513 0.636859 0.580128 0.713782 0.5519229999999999 0.795833 0.544231 0.833013 0.532051 0.8625 0.5333330000000001 0.917628 0.5096149999999999 0.943269 0.483333 0.943269 0.476282 0.986859 0.44294900000000004 0.980449 0.42371800000000004 0.949679 0.40833299999999995 0.915064 0.42692300000000005 0.881731 0.45192299999999996 0.857372 0.457692 0.763782 0.42179500000000003 0.752244 0.4 0.704808 0.389744 0.658654 0.38269200000000003 0.609936 0.38782099999999997 0.507372 0.42307700000000004 0.408654 0.42692300000000005 0.348397 0.44551300000000005 0.333013
0 0.719231 0.230449 0.757692 0.267628 0.757051 0.309936 0.719231 0.348397 0.725 0.388141 0.7153849999999999 0.415064 0.6961539999999999 0.426603 0.6583330000000001 0.422756 0.628205 0.366346 0.617308 0.3125 0.6583330000000001 0.244551 0.692949 0.231731
0 0.8416669999999999 0.20609 0.860897 0.267628 0.865385 0.334295 0.861538 0.372756 0.860256 0.435577 0.8435900000000001 0.51891 0.833333 0.530449 0.812821 0.548397 0.789744 0.56891 0.760256 0.5125 0.759615 0.483013 0.764103 0.415064 0.788462 0.317628 0.795513 0.225321 0.809615 0.198397
0 0.7019230000000001 0.007372 0.720513 0.047115 0.678205 0.094551 0.669872 0.148397 0.6358969999999999 0.158654 0.623718 0.133013 0.640385 0.077885 0.630128 0.041987 0.6166670000000001 0.007372
0 0.36474399999999996 0.121474 0.380769 0.213782 0.391667 0.297115 0.38717900000000005 0.331731 0.380769 0.359936 0.36859 0.363782 0.36410299999999995 0.297115 0.336538 0.315064 0.313462 0.317628 0.295513 0.263782 0.31794900000000004 0.184295 0.32307699999999995 0.153526 0.34679499999999996 0.122756
0 0.21474400000000005 0.0125 0.20705099999999999 0.072756 0.17564100000000005 0.11891 0.15192300000000003 0.091987 0.12948700000000002 0.00609 0.207692 0.002244
0 0.035255999999999954 0.225321 0.04423100000000002 0.279167 0.05833299999999997 0.244551 0.062178999999999984 0.235577 0.06859000000000004 0.2625 0.07115400000000005 0.275321 0.07884599999999997 0.281731 0.10192299999999999 0.20609 0.11346199999999995 0.216346 0.11666699999999997 0.290705 0.11282099999999995 0.335577 0.11025600000000002 0.399679 0.086538 0.436859 0.06538500000000003 0.454808 0.03397399999999995 0.394551 0.008333000000000035 0.326603 0.006410000000000027 0.208654
0 0.208974 0.517628 0.269231 0.525321 0.30448699999999995 0.591987 0.33910300000000004 0.649679 0.349359 0.676603 0.34679499999999996 0.726603 0.335256 0.759936 0.332051 0.80609 0.34358999999999995 0.8625 0.32499999999999996 0.915064 0.310256 0.929167 0.294231 0.90609 0.275641 0.845833 0.24615399999999998 0.793269 0.208333 0.741987 0.19294900000000004 0.65609 0.18589699999999998 0.549679 0.19871799999999995 0.524038
0 0.14102599999999998 0.629167 0.18910300000000002 0.703526 0.20448699999999997 0.748397 0.22243599999999997 0.820192 0.24551299999999998 0.871474 0.276282 0.920192 0.28205100000000005 0.939423 0.26859 0.953526 0.23974399999999996 0.958654 0.228846 0.903526 0.19487200000000005 0.865064 0.17051300000000003 0.829167 0.13846199999999997 0.754808 0.11730799999999997 0.631731 0.125641 0.626603
0 0.06730800000000003 0.550962 0.08846200000000004 0.565064 0.09487199999999996 0.609936 0.08333299999999999 0.633013 0.087179 0.654808 0.06666700000000003 0.679167 0.04423100000000002 0.66891 0.025641000000000025 0.603526 0.028205000000000036 0.570192
0 0.679487 0.857372 0.709615 0.907372 0.7185900000000001 0.944551 0.728846 0.979167 0.688462 0.995833 0.6551279999999999 0.991987 0.64359 0.963782 0.616026 0.958654 0.61859 0.903526 0.646154 0.867628
0 0.873077 0.645833 0.898718 0.670192 0.920513 0.689423 0.9288460000000001 0.711218 0.885256 0.759936 0.880128 0.772756 0.859615 0.794551 0.847436 0.799679 0.832051 0.781731 0.810897 0.770192 0.795513 0.770192 0.778846 0.799679 0.766026 0.813782 0.74359 0.813782 0.735256 0.759936 0.7378210000000001 0.744551 0.777564 0.675321 0.816667 0.702244 0.832051 0.699679 0.851282 0.663782 0.8641030000000001 0.641987
0 0.05705099999999996 0.845833 0.06794900000000004 0.876603 0.09358999999999995 0.883013 0.11089700000000002 0.854808 0.11666699999999997 0.821474 0.13589700000000005 0.903526 0.128205 0.933013 0.10897400000000002 0.961218 0.105128 0.989423 0.09935899999999998 0.988141 0.03717899999999996 0.994551 0.016666999999999987 0.950962 0.015384999999999982 0.870192 0.013461999999999974 0.833013 0.027564000000000033 0.834295 0.042949000000000015 0.841987