0 0.10256399999999999 0.234295 0.12307699999999999 0.250962 0.13397400000000004 0.274038 0.128205 0.307372 0.11602599999999996 0.341987 0.040385000000000004 0.383013 0.030128000000000044 0.397115 0.032692000000000054 0.340705 0.02435900000000002 0.299679 0.02243600000000001 0.290705 0.050000000000000044 0.257372 0.04935900000000004 0.2125 0.055127999999999955 0.203526 0.07435899999999995 0.227885
0 0.248077 0.013782 0.22435899999999998 0.085577 0.20320499999999997 0.109936 0.18653799999999998 0.147115 0.17500000000000004 0.186859 0.15897399999999995 0.200962 0.13269200000000003 0.177885 0.15641000000000005 0.161218 0.16923100000000002 0.139423 0.16794900000000001 0.093269 0.17243600000000003 0.065064 0.165385 0.002244 0.24166699999999997 0.004808
0 0.10961500000000002 0.471474 0.12115399999999998 0.500962 0.144872 0.521474 0.17371800000000004 0.549679 0.17948699999999995 0.617628 0.17564100000000005 0.652244 0.16987200000000002 0.681731 0.142308 0.697115 0.06410300000000002 0.702244 0.039744 0.674038 0.02435900000000002 0.639423 0.032692000000000054 0.5125 0.03653799999999996 0.444551 0.059614999999999974 0.454808 0.07564099999999996 0.480449
0 0.267949 0.483013 0.27948700000000004 0.511218 0.29615400000000003 0.499679 0.309615 0.527885 0.32820499999999997 0.55609 0.32820499999999997 0.616346 0.313462 0.643269 0.28653799999999996 0.667628 0.275 0.691987 0.25 0.695833 0.23141 0.689423 0.22243599999999997 0.634295 0.22371799999999997 0.607372 0.24166699999999997 0.554808 0.23717900000000003 0.483013
0 0.34294899999999995 0.253526 0.351282 0.322756 0.355769 0.358654 0.34679499999999996 0.399679 0.329487 0.409936 0.30192300000000005 0.430449 0.28269200000000005 0.434295 0.276282 0.385577 0.28269200000000005 0.35609 0.29807700000000004 0.307372 0.32564099999999996 0.26891
0 0.551282 0.303526 0.5467949999999999 0.375321 0.544231 0.424038 0.570513 0.459936 0.598718 0.459936 0.6576919999999999 0.491987 0.672436 0.502244 0.673718 0.570192 0.665385 0.60609 0.6538459999999999 0.663782 0.640385 0.690705 0.605128 0.681731 0.5903849999999999 0.634295 0.565385 0.566346 0.539744 0.540705 0.48974399999999996 0.507372 0.46858999999999995 0.472756 0.473718 0.354808 0.507692 0.302244 0.5301279999999999 0.281731
0 0.6564099999999999 0.016346 0.663462 0.088141 0.664744 0.250962 0.660256 0.263782 0.644872 0.265064 0.603205 0.248397 0.567949 0.213782 0.544872 0.186859 0.517308 0.133013 0.485256 0.085577 0.48974399999999996 0.004808 0.646154 0.007372
0 0.951282 0.007372 0.934615 0.049679 0.880769 0.086859 0.866667 0.104808 0.846795 0.129167 0.828846 0.138141 0.796154 0.141987 0.787821 0.144551 0.792308 0.095833 0.769231 0.048397 0.742308 0.00609
0 0.8641030000000001 0.203526 0.890385 0.258654 0.885897 0.303526 0.851282 0.298397 0.853205 0.343269 0.854487 0.385577 0.846795 0.439423 0.8416669999999999 0.498397 0.857692 0.525321 0.9 0.521474 0.916026 0.535577 0.939103 0.572756 0.914744 0.61891 0.898718 0.61891 0.853846 0.6125 0.812821 0.613782 0.757692 0.629167 0.750641 0.681731 0.7608969999999999 0.708654 0.723077 0.729167 0.7198720000000001 0.667628 0.714744 0.580449 0.711538 0.530449 0.726282 0.45609 0.742308 0.339423 0.777564 0.326603 0.788462 0.241987 0.786538 0.209936 0.804487 0.207372 0.826282 0.193269 0.841026 0.180449
0 0.334615 0.776603 0.352564 0.786859 0.361538 0.76891 0.36666699999999997 0.745833 0.378846 0.789423 0.378205 0.840705 0.38525600000000004 0.858654 0.414744 0.890705 0.40897399999999995 0.935577 0.398077 0.963782 0.395513 0.995833 0.273718 0.990705 0.269231 0.909936 0.25897400000000004 0.853526 0.28717899999999996 0.757372 0.30128200000000005 0.783013 0.32820499999999997 0.774038
0 0.016666999999999987 0.798397 0.032692000000000054 0.863782 0.05640999999999996 0.895833 0.060255999999999976 0.970192 0.04487200000000002 0.993269 0.0025640000000000107 0.991987 0.003846000000000016 0.799679