0 0.962821 0.011218 0.964744 0.035577 0.974359 0.0625 0.9673080000000001 0.091987 0.951282 0.11891 0.933974 0.15609 0.905769 0.152244 0.878846 0.120192 0.8628210000000001 0.097115 0.855128 0.047115 0.857692 0.00609 0.951282 0.004808
0 0.775 0.153526 0.782051 0.1625 0.804487 0.194551 0.816667 0.220192 0.807692 0.244551 0.8051280000000001 0.252244 0.810897 0.309936 0.807692 0.320192 0.790385 0.284295 0.767308 0.266346 0.744231 0.211218 0.738462 0.16891 0.741026 0.120192 0.727564 0.121474 0.7429490000000001 0.097115 0.765385 0.1125 0.76859 0.134295
0 0.94359 0.243269 0.94359 0.277885 0.953846 0.297115 0.975 0.302244 0.991667 0.289423 0.996795 0.290705 0.998718 0.417628 0.975641 0.40609 0.953846 0.389423 0.952564 0.357372 0.93141 0.352244 0.924359 0.343269 0.917308 0.333013 0.914744 0.285577 0.9096150000000001 0.249679 0.91859 0.21891 0.932051 0.230449
0 0.922436 0.500962 0.916667 0.524038 0.916026 0.55609 0.93141 0.553526 0.937821 0.567628 0.930769 0.597115 0.933974 0.649679 0.933974 0.674038 0.9 0.766346 0.86859 0.793269 0.857692 0.800962 0.828205 0.76891 0.836538 0.738141 0.846795 0.708654 0.848077 0.652244 0.834615 0.649679 0.813462 0.665064 0.803205 0.643269 0.816667 0.609936 0.821795 0.566346 0.811538 0.513782 0.846795 0.503526 0.863462 0.527885 0.873077 0.508654 0.8871789999999999 0.475321 0.88141 0.552244 0.896795 0.531731 0.9076919999999999 0.5125
0 0.735897 0.515064 0.748077 0.541987 0.757692 0.571474 0.757692 0.60609 0.749359 0.626603 0.742308 0.65609 0.734615 0.681731 0.725641 0.694551 0.687821 0.6625 0.669231 0.615064 0.666667 0.595833 0.669872 0.549679 0.666667 0.5125 0.701282 0.517628 0.716026 0.513782 0.730769 0.502244
0 0.600641 0.757372 0.641026 0.775321 0.635256 0.803526 0.638462 0.877885 0.641667 0.90609 0.64359 0.963782 0.639103 0.991987 0.582692 0.993269 0.5730770000000001 0.945833 0.565385 0.898397 0.548718 0.859936 0.538462 0.815064 0.5371790000000001 0.748397 0.5493589999999999 0.727885 0.5782050000000001 0.747115
0 0.582051 0.191987 0.566667 0.248397 0.566667 0.277885 0.558333 0.309936 0.5519229999999999 0.333013 0.533974 0.340705 0.516026 0.339423 0.496154 0.300962 0.49230799999999997 0.284295 0.47307699999999997 0.290705 0.462179 0.291987 0.439744 0.276603 0.38205100000000003 0.275321 0.376282 0.217628 0.389744 0.144551 0.38782099999999997 0.076603 0.38333300000000003 0.027885 0.390385 0.004808 0.558333 0.00609 0.547436 0.072756 0.542308 0.115064 0.49359 0.109936 0.47115399999999996 0.133013 0.484615 0.16891 0.5108969999999999 0.170192 0.5371790000000001 0.172756 0.564744 0.183013
0 0.38269200000000003 0.004808 0.378205 0.031731 0.380769 0.061218 0.38205100000000003 0.104808 0.376923 0.163782 0.372436 0.2125 0.371154 0.249679 0.360897 0.299679 0.33974400000000005 0.329167 0.32435899999999995 0.336859 0.28717899999999996 0.30609 0.25833300000000003 0.311218 0.251923 0.300962 0.24358999999999997 0.258654 0.24423099999999998 0.208654 0.253846 0.170192 0.26859 0.131731 0.253205 0.116346 0.22564099999999998 0.129167 0.22307699999999997 0.10609 0.229487 0.049679 0.228846 0.013782 0.22435899999999998 0.004808
0 0.17500000000000004 0.024038 0.18782100000000002 0.084295 0.164744 0.177885 0.147436 0.195833 0.11153800000000003 0.200962 0.06153799999999998 0.20609 0.03589699999999996 0.225321 0.004487000000000019 0.238141 0.0032050000000000134 0.243269 0.0025640000000000107 0.011218 0.13525600000000004 0.00609
0 0.12884600000000002 0.315064 0.145513 0.359936 0.15705100000000005 0.403526 0.15833299999999995 0.424038 0.16089699999999996 0.486859 0.16153799999999996 0.509936 0.16859000000000002 0.539423 0.15641000000000005 0.559936 0.13525600000000004 0.577885 0.11346199999999995 0.55609 0.09807699999999997 0.498397 0.07371799999999995 0.477885 0.059614999999999974 0.452244 0.04166700000000001 0.481731 0.04871800000000004 0.502244 0.059614999999999974 0.527885 0.06089699999999998 0.541987 0.037820999999999994 0.525321 0.020513000000000003 0.480449 0.025000000000000022 0.443269 0.052564000000000055 0.433013 0.08140999999999998 0.335577 0.11153800000000003 0.330449 0.13397400000000004 0.329167
0 0.31666700000000003 0.439423 0.32692299999999996 0.495833 0.36474399999999996 0.520192 0.313462 0.545833 0.32628199999999996 0.586859 0.32692299999999996 0.639423 0.33910300000000004 0.674038 0.353846 0.715064 0.355128 0.761218 0.314744 0.784295 0.294872 0.834295 0.288462 0.858654 0.275 0.899679 0.266667 0.891987 0.269231 0.811218 0.266667 0.731731 0.267949 0.697115 0.265385 0.624038 0.264744 0.591987 0.275641 0.543269 0.28333299999999995 0.507372 0.289103 0.474038 0.29935900000000004 0.450962
0 0.229487 0.630449 0.23397400000000002 0.697115 0.229487 0.794551 0.19679500000000005 0.753526 0.19551300000000005 0.698397 0.18012799999999995 0.667628 0.19038500000000003 0.633013 0.21474400000000005 0.629167
0 0.44359000000000004 0.545833 0.474359 0.570192 0.477564 0.6125 0.47051299999999996 0.621474 0.455769 0.626603 0.44487200000000005 0.641987 0.44166700000000003 0.604808 0.43076899999999996 0.547115
0 0.44230800000000003 0.679167 0.47115399999999996 0.683013 0.477564 0.697115 0.47115399999999996 0.745833 0.460897 0.763782 0.44615400000000005 0.779167 0.42948699999999995 0.752244 0.42884599999999995 0.699679 0.43012799999999995 0.674038