0 0.44743599999999994 0.033013 0.42564100000000005 0.102244 0.42564100000000005 0.145833 0.41859 0.174038 0.413462 0.216346 0.42948699999999995 0.230449 0.458974 0.224038 0.479487 0.208654 0.508974 0.195833 0.526923 0.226603 0.526923 0.281731 0.555769 0.331731 0.5660259999999999 0.367628 0.5660259999999999 0.404808 0.529487 0.467628 0.501282 0.502244 0.46282100000000004 0.526603 0.42884599999999995 0.480449 0.412821 0.445833 0.397436 0.424038 0.361538 0.372756 0.34102600000000005 0.344551 0.32179500000000005 0.333013 0.29679500000000003 0.313782 0.28397399999999995 0.272756 0.29807700000000004 0.202244 0.334615 0.25609 0.34358999999999995 0.21891 0.34615399999999996 0.165064 0.357051 0.116346 0.369872 0.077885 0.38653800000000005 0.059936 0.413462 0.040705 0.419231 0.026603 0.438462 0.026603
0 0.594231 0.025321 0.58141 0.072756 0.580769 0.117628 0.572436 0.159936 0.565385 0.186859 0.539103 0.170192 0.526282 0.150962 0.519231 0.10609 0.503205 0.072756 0.505769 0.033013 0.524359 0.009936 0.562179 0.008654 0.584615 0.011218
0 0.773718 0.139423 0.773077 0.208654 0.762821 0.2625 0.761538 0.289423 0.7608969999999999 0.307372 0.738462 0.329167 0.738462 0.366346 0.755128 0.358654 0.766026 0.358654 0.763462 0.389423 0.7378210000000001 0.416346 0.698718 0.426603 0.689103 0.41891 0.678205 0.371474 0.6769229999999999 0.324038 0.702564 0.304808 0.7019230000000001 0.270192 0.696795 0.257372 0.7153849999999999 0.236859 0.70641 0.21891 0.701282 0.188141 0.730769 0.143269 0.747436 0.140705 0.758974 0.140705
0 0.95 0.011218 0.934615 0.088141 0.929487 0.116346 0.8871789999999999 0.153526 0.871795 0.084295 0.873077 0.052244 0.865385 0.009936 0.930128 0.007372
0 0.932051 0.294551 0.936538 0.333013 0.932692 0.354808 0.928205 0.381731 0.930128 0.431731 0.905769 0.434295 0.886538 0.415064 0.860897 0.393269 0.846154 0.354808 0.8423080000000001 0.324038 0.851282 0.304808 0.865385 0.257372 0.871795 0.275321 0.884615 0.300962 0.916026 0.293269 0.924359 0.293269
0 0.996795 0.316346 0.975 0.308654 0.960897 0.291987 0.951282 0.350962 0.964103 0.384295 0.975641 0.395833 0.980128 0.417628 0.998077 0.431731
0 0.7814099999999999 0.575321 0.770513 0.602244 0.778846 0.620192 0.815385 0.61891 0.827564 0.631731 0.830769 0.672756 0.830769 0.711218 0.828205 0.735577 0.7993589999999999 0.761218 0.788462 0.7625 0.76859 0.748397 0.757051 0.713782 0.742308 0.709936 0.726923 0.71891 0.714744 0.720192 0.7185900000000001 0.684295 0.714744 0.666346 0.708333 0.620192 0.726282 0.594551 0.729487 0.554808 0.7391030000000001 0.543269 0.757051 0.567628 0.778205 0.550962 0.790385 0.550962
0 0.8871789999999999 0.550962 0.894872 0.571474 0.894872 0.604808 0.891026 0.635577 0.880769 0.661218 0.8641030000000001 0.665064 0.8448720000000001 0.621474 0.8448720000000001 0.579167 0.870513 0.533013 0.875 0.530449
0 0.6621790000000001 0.517628 0.6608970000000001 0.55609 0.650641 0.563782 0.653205 0.611218 0.653205 0.630449 0.6576919999999999 0.644551 0.6371789999999999 0.645833 0.628846 0.645833 0.60641 0.654808 0.6141030000000001 0.593269 0.605769 0.574038 0.5923080000000001 0.553526 0.6128210000000001 0.513782 0.630769 0.511218 0.648077 0.529167 0.667949 0.509936
0 0.18012799999999995 0.086859 0.18717899999999998 0.131731 0.20576899999999998 0.139423 0.230769 0.122756 0.230769 0.158654 0.19230800000000003 0.189423 0.21538500000000005 0.225321 0.18589699999999998 0.276603 0.17564100000000005 0.31891 0.16153799999999996 0.333013 0.12115399999999998 0.335577 0.10897400000000002 0.339423 0.07820499999999997 0.295833 0.07499999999999996 0.258654 0.10064099999999998 0.215064 0.11923099999999998 0.141987 0.126282 0.1125 0.12115399999999998 0.084295 0.144872 0.049679 0.16153799999999996 0.038141 0.17564100000000005 0.053526 0.167308 0.079167
0 0.10705100000000001 0.057372 0.103846 0.131731 0.09871799999999997 0.147115 0.055127999999999955 0.198397 0.03461499999999995 0.20609 0.015384999999999982 0.20609 0.005128000000000021 0.191987 0.001923000000000008 0.163782 0.004487000000000019 0.045833 0.039103 0.05609 0.06282100000000002 0.066346 0.07820499999999997 0.058654 0.08782100000000004 0.053526 0.09551299999999996 0.049679
0 0.253205 0.383013 0.28397399999999995 0.402244 0.30000000000000004 0.393269 0.273077 0.500962 0.26089700000000005 0.517628 0.248077 0.526603 0.24166699999999997 0.552244 0.22307699999999997 0.500962 0.21538500000000005 0.470192 0.19615400000000005 0.490705 0.19807699999999995 0.45609 0.18846200000000002 0.431731 0.17500000000000004 0.427885 0.18525599999999998 0.395833 0.20384599999999997 0.363782 0.22564099999999998 0.384295 0.24487199999999998 0.391987
0 0.5730770000000001 0.716346 0.555769 0.784295 0.562821 0.809936 0.541026 0.829167 0.541667 0.854808 0.542308 0.876603 0.539103 0.913782 0.526923 0.922756 0.505128 0.944551 0.500641 0.941987 0.46794899999999995 0.907372 0.44807699999999995 0.874038 0.44743599999999994 0.903526 0.44551300000000005 0.920192 0.44423100000000004 0.930449 0.43269199999999997 0.936859 0.41859 0.927885 0.42243600000000003 0.848397 0.41025599999999995 0.770192 0.391667 0.767628 0.380769 0.708654 0.44166700000000003 0.674038 0.457051 0.684295 0.530769 0.691987 0.558333 0.703526 0.5711539999999999 0.681731 0.5743590000000001 0.702244
0 0.24487199999999998 0.654808 0.26859 0.703526 0.269872 0.741987 0.274359 0.780449 0.32371799999999995 0.81891 0.335897 0.835577 0.34102600000000005 0.871474 0.34551299999999996 0.90609 0.34102600000000005 0.981731 0.34294899999999995 0.993269 0.32692299999999996 0.991987 0.269872 0.974038 0.23974399999999996 0.945833 0.19423100000000004 0.853526 0.16794900000000001 0.822756 0.15448700000000004 0.800962 0.14359 0.754808 0.15064100000000002 0.716346 0.15833299999999995 0.690705 0.19935899999999995 0.689423 0.228846 0.627885 0.24166699999999997 0.627885
0 0.639103 0.808654 0.641026 0.847115 0.645513 0.902244 0.649359 0.934295 0.647436 0.954808 0.635256 0.965064 0.612179 0.915064 0.592949 0.876603 0.585256 0.833013 0.580769 0.785577 0.5974360000000001 0.816346 0.611538 0.829167 0.625 0.8125
0 0.08910300000000004 0.645833 0.09999999999999998 0.676603 0.105128 0.7125 0.11025600000000002 0.735577 0.10064099999999998 0.765064 0.08846200000000004 0.780449 0.057691999999999966 0.761218 0.038461999999999996 0.750962 0.023077000000000014 0.724038 0.038461999999999996 0.698397 0.055127999999999955 0.6625 0.06923100000000004 0.650962 0.07628199999999996 0.647115