0 0.994231 0.121474 0.957692 0.154808 0.912179 0.195833 0.855128 0.245833 0.783974 0.303526 0.744872 0.326603 0.730128 0.353526 0.74359 0.444551 0.769872 0.489423 0.7801279999999999 0.533013 0.8416669999999999 0.543269 0.8641030000000001 0.521474 0.91859 0.450962 0.954487 0.480449 0.998077 0.475321
0 0.5096149999999999 0.170192 0.5371790000000001 0.35609 0.532051 0.363782 0.512821 0.430449 0.503846 0.474038 0.498077 0.486859 0.485897 0.50609 0.415385 0.491987 0.41025599999999995 0.500962 0.36859 0.466346 0.332692 0.407372 0.30769199999999997 0.347115 0.333974 0.30609 0.36859 0.257372 0.42692300000000005 0.172756 0.499359 0.179167
0 0.5519229999999999 0.022756 0.5358970000000001 0.066346 0.520513 0.091987 0.46602600000000005 0.086859 0.435256 0.091987 0.414103 0.071474 0.40833299999999995 0.008654 0.544231 0.007372
0 0.7403850000000001 0.008654 0.726923 0.070192 0.724359 0.109936 0.716026 0.126603 0.709615 0.125321 0.704487 0.100962 0.7 0.054808 0.703846 0.004808
0 0.73141 0.639423 0.766667 0.693269 0.762821 0.744551 0.7858970000000001 0.815064 0.786538 0.85609 0.7378210000000001 0.86891 0.7141029999999999 0.857372 0.6910259999999999 0.790705 0.65 0.704808 0.6608970000000001 0.630449 0.705128 0.638141
0 0.998077 0.711218 0.953846 0.676603 0.9269229999999999 0.674038 0.926282 0.741987 0.927564 0.780449 0.916026 0.829167 0.894231 0.880449 0.8423080000000001 0.991987 0.914103 0.986859 0.916667 0.9625 0.942949 0.95609 0.978846 0.975321 1.0 0.974038
0 0.5769230000000001 0.717628 0.5916669999999999 0.747115 0.608333 0.80609 0.626923 0.857372 0.626282 0.943269 0.628205 0.989423 0.5589740000000001 0.994551 0.5782050000000001 0.966346 0.578846 0.90609 0.544231 0.86891 0.545513 0.820192 0.5551280000000001 0.76891 0.575 0.704808
0 0.516026 0.575321 0.55 0.615064 0.562821 0.641987 0.540385 0.650962 0.514103 0.647115 0.497436 0.613782 0.501282 0.581731
0 0.46282100000000004 0.694551 0.510256 0.780449 0.521154 0.884295 0.530769 0.990705 0.391026 0.993269 0.40576900000000005 0.899679 0.376923 0.858654 0.335897 0.821474 0.33141 0.744551 0.355128 0.736859 0.414744 0.743269 0.43012799999999995 0.747115 0.44294900000000004 0.70609
0 0.26153800000000005 0.684295 0.295513 0.695833 0.309615 0.754808 0.269872 0.790705 0.23461500000000002 0.779167 0.22371799999999997 0.754808 0.228846 0.694551 0.23461500000000002 0.675321
0 0.15256400000000003 0.436859 0.19551300000000005 0.4625 0.21794899999999995 0.5125 0.21346200000000004 0.579167 0.17307700000000004 0.615064 0.12179499999999999 0.689423 0.06474400000000002 0.690705 0.07564099999999996 0.743269 0.07884599999999997 0.783013 0.07884599999999997 0.798397 0.08910300000000004 0.8625 0.09166700000000005 0.91891 0.09294899999999995 0.95609 0.05448699999999995 0.977885 0.0025640000000000107 0.980449 0.003846000000000016 0.653526 0.020513000000000003 0.621474 0.03653799999999996 0.571474 0.042949000000000015 0.538141 0.07820499999999997 0.472756 0.124359 0.454808
0 0.00961500000000004 0.113782 0.045513000000000026 0.172756 0.12051299999999998 0.26891 0.07948699999999997 0.329167 0.06474400000000002 0.336859 0.04615400000000003 0.374038 0.05128200000000005 0.424038 0.027564000000000033 0.436859 0.0012820000000000054 0.483013 0.0032050000000000134 0.131731
0 0.18397399999999997 0.007372 0.19038500000000003 0.06891 0.15641000000000005 0.077885 0.14807700000000001 0.054808 0.13910299999999998 0.007372
0 0.16923100000000002 0.9125 0.18076899999999996 0.947115 0.16987200000000002 0.972756 0.17307700000000004 0.995833 0.10064099999999998 0.994551 0.12115399999999998 0.961218 0.13653800000000005 0.917628 0.15448700000000004 0.907372