0 0.6525639999999999 0.199679 0.667308 0.220192 0.727564 0.229167 0.733333 0.239423 0.724359 0.280449 0.741026 0.284295 0.761538 0.303526 0.764744 0.358654 0.773077 0.397115 0.770513 0.470192 0.7608969999999999 0.534295 0.748077 0.548397 0.7128209999999999 0.536859 0.6961539999999999 0.493269 0.701282 0.439423 0.680769 0.400962 0.6320509999999999 0.363782 0.619872 0.333013 0.601282 0.241987 0.5538460000000001 0.234295 0.519872 0.217628 0.515385 0.126603 0.514103 0.030449 0.519872 0.007372 0.5467949999999999 0.020192 0.560897 0.05609 0.580128 0.097115 0.5903849999999999 0.116346 0.623077 0.135577 0.626923 0.165064 0.629487 0.200962
0 0.46410300000000004 0.016346 0.46538500000000005 0.076603 0.46474400000000005 0.145833 0.48846199999999995 0.165064 0.475641 0.198397 0.46410300000000004 0.203526 0.454487 0.203526 0.396154 0.179167 0.36859 0.179167 0.360897 0.136859 0.34487199999999996 0.039423 0.34807699999999997 0.021474 0.413462 0.029167 0.415385 0.009936 0.455128 0.004808
0 0.38141 0.2125 0.419231 0.259936 0.416026 0.295833 0.412821 0.3125 0.40256400000000003 0.336859 0.420513 0.366346 0.436538 0.381731 0.440385 0.400962 0.43205099999999996 0.45609 0.42307700000000004 0.467628 0.38269200000000003 0.479167 0.369231 0.459936 0.378205 0.425321 0.38333300000000003 0.371474 0.374359 0.348397 0.35641 0.370192 0.34551299999999996 0.3625 0.29679500000000003 0.322756 0.29935900000000004 0.26891 0.358974 0.222756 0.369872 0.197115
0 0.292949 0.05609 0.29807700000000004 0.130449 0.292308 0.147115 0.25641 0.150962 0.22371799999999997 0.188141 0.22051299999999996 0.198397 0.17371800000000004 0.209936 0.15448700000000004 0.157372 0.17243600000000003 0.058654 0.18525599999999998 0.039423 0.207692 0.059936 0.22243599999999997 0.093269 0.24294899999999997 0.076603 0.248718 0.063782 0.253205 0.05609
0 0.02692300000000003 0.020192 0.039744 0.089423 0.047436000000000034 0.127885 0.05448699999999995 0.163782 0.02948700000000004 0.209936 0.003846000000000016 0.238141 0.0032050000000000134 0.011218 0.01474399999999998 0.016346
0 0.20320499999999997 0.293269 0.209615 0.333013 0.232051 0.327885 0.23846199999999995 0.365064 0.23589700000000002 0.407372 0.233333 0.421474 0.22435899999999998 0.470192 0.22692299999999999 0.507372 0.23974399999999996 0.557372 0.228205 0.594551 0.228846 0.648397 0.20576899999999998 0.652244 0.19359000000000004 0.594551 0.18846200000000002 0.536859 0.19935899999999995 0.486859 0.19487200000000005 0.421474 0.17371800000000004 0.386859 0.15769200000000005 0.334295 0.15192300000000003 0.300962 0.164103 0.297115 0.18717899999999998 0.294551
0 0.516667 0.470192 0.510256 0.509936 0.503846 0.539423 0.499359 0.561218 0.503846 0.590705 0.48141 0.640705 0.458333 0.622756 0.46987199999999996 0.574038 0.46858999999999995 0.524038 0.46987199999999996 0.498397 0.477564 0.46891 0.502564 0.461218
0 0.353205 0.597115 0.35641 0.621474 0.33782100000000004 0.602244 0.32628199999999996 0.621474 0.32756399999999997 0.650962 0.33974400000000005 0.665064 0.34679499999999996 0.670192 0.34679499999999996 0.695833 0.32243599999999994 0.713782 0.30384599999999995 0.766346 0.30064100000000005 0.789423 0.29871800000000004 0.8125 0.291667 0.830449 0.274359 0.838141 0.269872 0.803526 0.27756400000000003 0.707372 0.28205100000000005 0.694551 0.29807700000000004 0.671474 0.30128200000000005 0.635577 0.294231 0.595833 0.30384599999999995 0.594551 0.335256 0.581731
0 0.91859 0.20609 0.913462 0.177885 0.913462 0.138141 0.905769 0.109936 0.886538 0.089423 0.876282 0.035577 0.865385 0.021474 0.853205 0.050962 0.8403849999999999 0.067628 0.829487 0.070192 0.834615 0.149679 0.8198719999999999 0.179167 0.80641 0.139423 0.792949 0.084295 0.775 0.093269 0.7608969999999999 0.179167 0.777564 0.204808 0.804487 0.225321 0.834615 0.25609 0.834615 0.303526 0.857051 0.389423 0.863462 0.458654 0.866667 0.46891 0.894872 0.436859 0.933974 0.403526 0.93141 0.340705 0.95 0.302244 0.946154 0.254808 0.919231 0.250962 0.898718 0.258654 0.890385 0.239423 0.9064099999999999 0.21891 0.921795 0.21891
0 0.8448720000000001 0.624038 0.871154 0.649679 0.875 0.683013 0.853205 0.703526 0.808333 0.681731 0.776923 0.639423 0.801282 0.633013
0 0.859615 0.744551 0.873077 0.817628 0.871795 0.870192 0.870513 0.888141 0.871154 0.986859 0.855128 0.991987 0.5660259999999999 0.994551 0.5346150000000001 0.920192 0.512821 0.889423 0.49230799999999997 0.816346 0.523077 0.848397 0.540385 0.831731 0.610256 0.781731 0.636538 0.802244 0.7006410000000001 0.840705 0.7391030000000001 0.830449 0.752564 0.858654 0.776923 0.874038 0.787179 0.849679 0.801282 0.802244 0.811538 0.767628 0.816026 0.754808 0.855128 0.761218
0 0.701282 0.595833 0.7224360000000001 0.635577 0.7224360000000001 0.677885 0.707051 0.729167 0.698718 0.791987 0.6923079999999999 0.808654 0.6839740000000001 0.81891 0.664744 0.803526 0.644231 0.771474 0.632692 0.759936 0.640385 0.716346 0.666667 0.731731 0.678205 0.688141 0.6743589999999999 0.633013 0.658974 0.591987 0.677564 0.595833
0 0.13012800000000002 0.725321 0.142308 0.784295 0.17756400000000006 0.807372 0.18397399999999997 0.81891 0.19999999999999996 0.817628 0.19551300000000005 0.859936 0.19294900000000004 0.894551 0.18974400000000002 0.917628 0.18012799999999995 0.971474 0.15641000000000005 0.995833 0.13269200000000003 0.986859 0.142949 0.936859 0.16153799999999996 0.915064 0.162821 0.893269 0.128205 0.879167 0.11025600000000002 0.871474 0.10256399999999999 0.809936 0.09551299999999996 0.7625 0.10961500000000002 0.735577
0 0.011538000000000048 0.500962 0.028205000000000036 0.507372 0.03397399999999995 0.530449 0.023718000000000017 0.580449 0.02243600000000001 0.617628 0.004487000000000019 0.638141 0.001923000000000008 0.504808
0 0.330128 0.388141 0.337179 0.46891 0.34038500000000005 0.494551 0.34038500000000005 0.516346 0.333974 0.524038 0.32051300000000005 0.511218 0.29807700000000004 0.489423 0.29871800000000004 0.458654 0.313462 0.384295
0 0.32243599999999994 0.95609 0.355769 0.986859 0.30769199999999997 0.993269 0.30897399999999997 0.965064