0 0.166026 0.148397 0.167308 0.184295 0.19615400000000005 0.215064 0.21730799999999995 0.217628 0.24038499999999996 0.221474 0.212179 0.267628 0.19935899999999995 0.281731 0.20320499999999997 0.324038 0.18461499999999997 0.36891 0.14871800000000002 0.399679 0.12051299999999998 0.424038 0.09423099999999995 0.433013 0.08205099999999999 0.397115 0.07756399999999997 0.359936 0.09358999999999995 0.299679 0.11346199999999995 0.261218 0.11602599999999996 0.21891 0.125641 0.184295 0.125641 0.149679 0.14102599999999998 0.143269 0.15769200000000005 0.129167
0 0.09294899999999995 0.141987 0.105769 0.145833 0.09871799999999997 0.208654 0.07499999999999996 0.240705 0.04423100000000002 0.274038 0.02692300000000003 0.281731 0.019230999999999998 0.281731 0.003846000000000016 0.250962 0.0025640000000000107 0.129167 0.03653799999999996 0.148397 0.06089699999999998 0.148397
0 0.436538 0.104808 0.44615400000000005 0.149679 0.42884599999999995 0.172756 0.42884599999999995 0.197115 0.42884599999999995 0.21891 0.416026 0.241987 0.45128199999999996 0.286859 0.461538 0.307372 0.478205 0.294551 0.49166699999999997 0.289423 0.511538 0.348397 0.528205 0.372756 0.5467949999999999 0.385577 0.576282 0.415064 0.577564 0.461218 0.539103 0.529167 0.496154 0.584295 0.475641 0.611218 0.44551300000000005 0.572756 0.40256400000000003 0.51891 0.38717900000000005 0.484295 0.377564 0.439423 0.31923100000000004 0.4125 0.288462 0.390705 0.28012800000000004 0.3625 0.288462 0.294551 0.291667 0.272756 0.31923100000000004 0.308654 0.333333 0.297115 0.34423099999999995 0.244551 0.36282099999999995 0.193269 0.376282 0.153526 0.40320500000000004 0.139423 0.40833299999999995 0.117628 0.40961499999999995 0.099679 0.42820499999999995 0.108654
0 0.6128210000000001 0.011218 0.5961540000000001 0.090705 0.583333 0.133013 0.575 0.198397 0.573718 0.234295 0.565385 0.243269 0.536538 0.240705 0.524359 0.226603 0.517308 0.16891 0.50641 0.129167 0.519872 0.091987 0.526923 0.061218 0.539744 0.003526 0.60641 0.011218
0 0.764744 0.015064 0.765385 0.071474 0.741026 0.113782 0.723077 0.107372 0.704487 0.063782 0.6961539999999999 0.025321 0.6961539999999999 0.004808 0.755769 0.00609
0 0.992949 0.109936 0.976282 0.076603 0.964103 0.050962 0.954487 0.1125 0.93141 0.157372 0.93141 0.217628 0.890385 0.216346 0.886538 0.215064 0.869872 0.186859 0.878846 0.140705 0.866667 0.120192 0.867308 0.086859 0.872436 0.052244 0.913462 0.036859 0.922436 0.008654 0.998077 0.007372
0 0.780769 0.221474 0.777564 0.276603 0.764103 0.335577 0.764744 0.36891 0.750641 0.404808 0.739744 0.404808 0.737179 0.453526 0.751282 0.447115 0.766026 0.439423 0.755769 0.481731 0.732051 0.504808 0.709615 0.511218 0.6961539999999999 0.503526 0.678205 0.433013 0.695513 0.390705 0.702564 0.361218 0.695513 0.349679 0.713462 0.307372 0.707051 0.300962 0.701282 0.288141 0.719231 0.244551 0.750641 0.217628 0.773077 0.207372
0 0.933333 0.374038 0.942949 0.426603 0.930128 0.477885 0.9269229999999999 0.509936 0.907051 0.515064 0.896795 0.500962 0.884615 0.481731 0.85 0.453526 0.8448720000000001 0.422756 0.839744 0.403526 0.853205 0.365064 0.876923 0.376603 0.892308 0.384295 0.921795 0.371474
0 0.998077 0.402244 0.982692 0.386859 0.9673080000000001 0.359936 0.959615 0.407372 0.957051 0.440705 0.973077 0.477885 0.976282 0.483013 0.998718 0.507372
0 0.788462 0.663782 0.776923 0.681731 0.783974 0.699679 0.811538 0.698397 0.8198719999999999 0.711218 0.8230770000000001 0.720192 0.833974 0.783013 0.832692 0.8125 0.827564 0.833013 0.792308 0.8625 0.763462 0.8625 0.758974 0.822756 0.74359 0.790705 0.713462 0.791987 0.710256 0.779167 0.726923 0.752244 0.710256 0.7125 0.713462 0.686859 0.723718 0.659936 0.736538 0.620192 0.766667 0.635577 0.785256 0.595833 0.788462 0.594551 0.795513 0.634295
0 0.570513 0.802244 0.5564100000000001 0.847115 0.558333 0.889423 0.5493589999999999 0.9125 0.5371790000000001 0.91891 0.541026 0.954808 0.539744 0.966346 0.5346150000000001 0.991987 0.494872 0.989423 0.47051299999999996 0.967628 0.458333 0.974038 0.42115400000000003 0.91891 0.414103 0.886859 0.40961499999999995 0.859936 0.38269200000000003 0.795833 0.394231 0.775321 0.44230800000000003 0.759936 0.477564 0.766346 0.523718 0.775321 0.54359 0.777885 0.5576920000000001 0.781731
0 0.24551299999999998 0.708654 0.265385 0.772756 0.273077 0.839423 0.30128200000000005 0.859936 0.337179 0.888141 0.34423099999999995 0.907372 0.34679499999999996 0.940705 0.34807699999999997 0.957372 0.351923 0.967628 0.34615399999999996 0.993269 0.22499999999999998 0.991987 0.20128199999999996 0.944551 0.17243600000000003 0.927885 0.147436 0.880449 0.13012800000000002 0.838141 0.142949 0.795833 0.15512800000000004 0.772756 0.164744 0.766346 0.19999999999999996 0.779167 0.20448699999999997 0.741987 0.207692 0.711218 0.23397400000000002 0.711218
0 0.287821 0.484295 0.267308 0.522756 0.267949 0.584295 0.264744 0.611218 0.24487199999999998 0.61891 0.22564099999999998 0.576603 0.20705099999999999 0.539423 0.19551300000000005 0.524038 0.18205099999999996 0.486859 0.20064099999999996 0.471474 0.24487199999999998 0.481731 0.266667 0.479167 0.28333299999999995 0.471474
0 0.086538 0.721474 0.09615399999999996 0.770192 0.087179 0.829167 0.06153799999999998 0.85609 0.050000000000000044 0.833013 0.02692300000000003 0.809936 0.023718000000000017 0.781731 0.05640999999999996 0.743269 0.06730800000000003 0.731731 0.08140999999999998 0.731731
0 0.873077 0.626603 0.892949 0.665064 0.885256 0.726603 0.871795 0.753526 0.8628210000000001 0.750962 0.849359 0.739423 0.842949 0.666346 0.849359 0.634295
0 0.63141 0.585577 0.642949 0.602244 0.642949 0.672756 0.612179 0.681731 0.610897 0.638141 0.6128210000000001 0.593269