0 0.142308 0.016346 0.10961500000000002 0.06891 0.085897 0.100962 0.05192300000000005 0.127885 0.03461499999999995 0.144551 0.004487000000000019 0.185577 0.004487000000000019 0.008654 0.13076900000000002 0.007372
0 0.16859000000000002 0.077885 0.212179 0.116346 0.20256399999999997 0.167628 0.18653799999999998 0.181731 0.17564100000000005 0.199679 0.14935900000000002 0.204808 0.11538499999999996 0.194551 0.11089700000000002 0.249679 0.083974 0.240705 0.085897 0.194551 0.09230799999999995 0.129167 0.13653800000000005 0.116346
0 0.396795 0.013782 0.400641 0.097115 0.391667 0.131731 0.388462 0.1625 0.40897399999999995 0.190705 0.438462 0.183013 0.46282100000000004 0.217628 0.439744 0.274038 0.40705100000000005 0.272756 0.417949 0.353526 0.44551300000000005 0.381731 0.46794899999999995 0.445833 0.498718 0.467628 0.542308 0.500962 0.5769230000000001 0.539423 0.5698719999999999 0.626603 0.564103 0.6625 0.5358970000000001 0.621474 0.48782099999999995 0.575321 0.44679500000000005 0.531731 0.41025599999999995 0.477885 0.40576900000000005 0.436859 0.36282099999999995 0.40609 0.34743599999999997 0.374038 0.314744 0.294551 0.30064100000000005 0.254808 0.30000000000000004 0.179167 0.32307699999999995 0.127885 0.334615 0.100962 0.34102600000000005 0.034295 0.34294899999999995 0.007372 0.38653800000000005 0.00609
0 0.621154 0.10609 0.65 0.188141 0.648718 0.299679 0.624359 0.326603 0.610897 0.303526 0.603205 0.21891 0.605128 0.149679 0.610256 0.1125
0 0.955769 0.052244 0.941026 0.150962 0.932692 0.224038 0.910897 0.248397 0.884615 0.2625 0.861538 0.204808 0.845513 0.235577 0.812179 0.202244 0.816667 0.100962 0.8211539999999999 0.0625 0.859615 0.047115 0.896795 0.048397 0.912821 0.045833
0 0.835897 0.252244 0.833333 0.357372 0.828205 0.420192 0.825 0.515064 0.797436 0.534295 0.765385 0.493269 0.744231 0.415064 0.736538 0.359936 0.7378210000000001 0.303526 0.7621789999999999 0.272756 0.807692 0.245833 0.828846 0.247115
0 0.991026 0.598397 0.929487 0.629167 0.897436 0.684295 0.861538 0.800962 0.862179 0.891987 0.854487 0.935577 0.821795 0.953526 0.775641 0.941987 0.777564 0.991987 0.997436 0.993269 0.996795 0.90609 0.978205 0.929167 0.9673080000000001 0.925321 0.963462 0.871474 0.98141 0.854808 0.997436 0.866346 0.998077 0.6125
0 0.645513 0.481731 0.728205 0.526603 0.695513 0.575321 0.677564 0.574038 0.657051 0.611218 0.654487 0.630449 0.6333329999999999 0.604808 0.621795 0.55609 0.61859 0.525321 0.638462 0.508654
0 0.6743589999999999 0.891987 0.689103 0.949679 0.723718 0.967628 0.717949 0.990705 0.624359 0.990705 0.638462 0.941987 0.650641 0.902244 0.6730769999999999 0.879167
0 0.51859 0.891987 0.5467949999999999 0.957372 0.554487 0.989423 0.44487200000000005 0.995833 0.44487200000000005 0.933013 0.457051 0.904808 0.49294899999999997 0.935577 0.505128 0.91891
0 0.28653799999999996 0.788141 0.34038500000000005 0.817628 0.36666699999999997 0.904808 0.349359 0.941987 0.329487 0.993269 0.22115399999999996 0.991987 0.23397400000000002 0.940705 0.265385 0.91891 0.273077 0.903526 0.250641 0.848397 0.25705100000000003 0.800962
0 0.20064099999999996 0.443269 0.22564099999999998 0.471474 0.21602600000000005 0.536859 0.20576899999999998 0.552244 0.18205099999999996 0.55609 0.16025599999999995 0.524038 0.15833299999999995 0.46891 0.17307700000000004 0.440705 0.19102600000000003 0.439423
0 0.11025600000000002 0.474038 0.125641 0.494551 0.147436 0.553526 0.13974399999999998 0.586859 0.11217900000000003 0.626603 0.13910299999999998 0.670192 0.15897399999999995 0.704808 0.17756400000000006 0.740705 0.19935899999999995 0.795833 0.19551300000000005 0.898397 0.18269199999999997 0.993269 0.005769000000000024 0.990705 0.004487000000000019 0.60609 0.04359000000000002 0.677885 0.06282100000000002 0.693269 0.07820499999999997 0.688141 0.08205099999999999 0.630449 0.05897399999999997 0.549679 0.05897399999999997 0.522756 0.09615399999999996 0.497115
0 0.20128199999999996 0.327885 0.232051 0.336859 0.254487 0.339423 0.248077 0.381731 0.18012799999999995 0.403526 0.19038500000000003 0.344551