0 0.017948999999999993 0.035577 0.042949000000000015 0.053526 0.06730800000000003 0.077885 0.05192300000000005 0.135577 0.04423100000000002 0.154808 0.021154000000000006 0.200962 0.004487000000000019 0.20609 0.0032050000000000134 0.031731
0 0.19102600000000003 0.017628 0.18782100000000002 0.058654 0.21474400000000005 0.097115 0.22435899999999998 0.15609 0.22499999999999998 0.230449 0.19935899999999995 0.293269 0.17435900000000004 0.324038 0.15192300000000003 0.335577 0.12884600000000002 0.349679 0.12179499999999999 0.290705 0.12307699999999999 0.240705 0.11538499999999996 0.190705 0.10833300000000001 0.153526 0.10833300000000001 0.094551 0.10192299999999999 0.041987 0.103846 0.01891 0.14038499999999998 0.000962 0.17692300000000005 0.013782
0 0.440385 0.015064 0.461538 0.058654 0.44230800000000003 0.131731 0.41153799999999996 0.086859 0.38717900000000005 0.061218 0.38717900000000005 0.157372 0.371795 0.199679 0.353846 0.211218 0.32307699999999995 0.165064 0.29679500000000003 0.102244 0.28205100000000005 0.050962 0.289103 0.007372 0.42884599999999995 0.009936
0 0.46346200000000004 0.172756 0.494231 0.220192 0.5288459999999999 0.244551 0.5314099999999999 0.279167 0.5070509999999999 0.303526 0.526282 0.345833 0.5371790000000001 0.366346 0.545513 0.393269 0.48717900000000003 0.435577 0.455769 0.461218 0.40769200000000005 0.477885 0.376282 0.475321 0.369872 0.390705 0.380769 0.358654 0.40833299999999995 0.309936 0.420513 0.254808 0.40641000000000005 0.216346 0.40192300000000003 0.186859 0.43205099999999996 0.16891
0 0.63141 0.143269 0.6564099999999999 0.243269 0.6358969999999999 0.294551 0.6358969999999999 0.331731 0.63141 0.365064 0.625641 0.430449 0.654487 0.488141 0.671154 0.486859 0.6717949999999999 0.445833 0.6717949999999999 0.434295 0.6980770000000001 0.440705 0.7173080000000001 0.45609 0.727564 0.467628 0.732051 0.522756 0.725 0.574038 0.70641 0.648397 0.708333 0.675321 0.727564 0.647115 0.73141 0.585577 0.764103 0.5625 0.735897 0.694551 0.725641 0.703526 0.7128209999999999 0.745833 0.744872 0.834295 0.732051 0.891987 0.705128 0.922756 0.660256 0.954808 0.638462 0.961218 0.612179 0.861218 0.616026 0.834295 0.6128210000000001 0.793269 0.600641 0.772756 0.603205 0.699679 0.621795 0.681731 0.6551279999999999 0.713782 0.685897 0.703526 0.690385 0.634295 0.685897 0.538141 0.6621790000000001 0.576603 0.64359 0.584295 0.598718 0.584295 0.5769230000000001 0.584295 0.523718 0.594551 0.505769 0.574038 0.500641 0.535577 0.5301279999999999 0.493269 0.548718 0.444551 0.561538 0.395833 0.559615 0.321474 0.5698719999999999 0.307372 0.601282 0.258654 0.609615 0.230449 0.5948720000000001 0.186859 0.598077 0.176603 0.621154 0.149679
0 0.858333 0.022756 0.855769 0.088141 0.830769 0.116346 0.814103 0.126603 0.804487 0.204808 0.791026 0.245833 0.778846 0.26891 0.76859 0.172756 0.757692 0.147115 0.727564 0.157372 0.7006410000000001 0.171474 0.680769 0.1625 0.719231 0.089423 0.733974 0.004808 0.852564 0.009936
0 0.851923 0.284295 0.878205 0.358654 0.892949 0.403526 0.903846 0.448397 0.920513 0.476603 0.932051 0.483013 0.941026 0.509936 0.941026 0.536859 0.959615 0.579167 0.960256 0.6125 0.966026 0.649679 0.975641 0.654808 0.985256 0.653526 0.997436 0.645833 0.994872 0.872756 0.974359 0.872756 0.935897 0.866346 0.914744 0.815064 0.9 0.776603 0.887821 0.71891 0.884615 0.665064 0.880128 0.60609 0.876923 0.554808 0.86859 0.521474 0.8256410000000001 0.495833 0.812821 0.472756 0.8019229999999999 0.429167 0.796154 0.354808 0.802564 0.322756 0.815385 0.261218 0.835256 0.271474 0.846154 0.293269
0 0.833333 0.843269 0.866026 0.921474 0.877564 0.949679 0.872436 0.980449 0.866026 0.994551 0.778846 0.991987 0.821795 0.970192 0.837179 0.953526 0.820513 0.899679 0.792949 0.922756 0.767949 0.915064 0.767308 0.879167 0.767308 0.841987 0.8019229999999999 0.844551
0 0.992308 0.390705 0.975 0.433013 0.95641 0.404808 0.945513 0.450962 0.946154 0.531731 0.969231 0.524038 0.994872 0.522756
0 0.994231 0.925321 0.985256 0.954808 0.965385 0.944551 0.955769 0.953526 0.976282 0.986859 0.995513 0.991987
0 0.376923 0.574038 0.4 0.589423 0.394872 0.65609 0.389744 0.699679 0.38782099999999997 0.720192 0.355128 0.777885 0.31602600000000003 0.757372 0.313462 0.683013 0.33141 0.659936 0.36474399999999996 0.631731 0.36794899999999997 0.585577
0 0.503846 0.870192 0.5371790000000001 0.893269 0.560256 0.909936 0.5730770000000001 0.948397 0.584615 0.991987 0.44743599999999994 0.993269 0.455769 0.935577 0.479487 0.90609
0 0.09807699999999997 0.457372 0.08910300000000004 0.486859 0.09935899999999998 0.503526 0.123718 0.491987 0.13461500000000004 0.541987 0.125641 0.624038 0.10705100000000001 0.625321 0.09230799999999995 0.598397 0.06987200000000005 0.51891 0.06730800000000003 0.511218 0.04615400000000003 0.541987 0.025641000000000025 0.557372 0.008974000000000038 0.557372 0.008333000000000035 0.417628 0.028205000000000036 0.427885 0.033332999999999946 0.453526 0.05192300000000005 0.443269 0.08140999999999998 0.440705 0.09807699999999997 0.40609
0 0.08974400000000005 0.863782 0.142308 0.879167 0.17371800000000004 0.945833 0.19423100000000004 0.990705 0.005128000000000021 0.990705 0.011538000000000048 0.917628 0.012820999999999971 0.883013 0.03653799999999996 0.883013 0.059614999999999974 0.891987 0.06987200000000005 0.889423
0 0.207692 0.671474 0.24551299999999998 0.711218 0.251282 0.734295 0.24615399999999998 0.749679 0.232692 0.7625 0.20576899999999998 0.725321 0.18974400000000002 0.713782 0.18269199999999997 0.702244