0 0.22115399999999996 0.153526 0.23717900000000003 0.227885 0.246795 0.259936 0.25833300000000003 0.313782 0.273718 0.399679 0.291667 0.465064 0.29935900000000004 0.498397 0.23141 0.529167 0.19679500000000005 0.550962 0.147436 0.608654 0.10064099999999998 0.65609 0.052564000000000055 0.641987 0.06089699999999998 0.554808 0.07115400000000005 0.503526 0.07820499999999997 0.488141 0.10769200000000001 0.471474 0.14871800000000002 0.431731 0.16217899999999996 0.371474 0.162821 0.303526 0.16859000000000002 0.225321 0.19166700000000003 0.158654 0.21410300000000004 0.149679
0 0.482051 0.016346 0.484615 0.097115 0.485256 0.220192 0.47307699999999997 0.229167 0.42307700000000004 0.233013 0.394231 0.194551 0.35 0.202244 0.333974 0.158654 0.32884599999999997 0.111218 0.30705099999999996 0.007372 0.46858999999999995 0.004808
0 0.45641 0.335577 0.44294900000000004 0.433013 0.44935899999999995 0.553526 0.457051 0.577885 0.457692 0.589423 0.44423100000000004 0.600962 0.412821 0.5625 0.379487 0.520192 0.353846 0.438141 0.34807699999999997 0.363782 0.310256 0.279167 0.310256 0.247115 0.349359 0.266346 0.378846 0.279167 0.42628200000000005 0.322756
0 0.648718 0.403526 0.628846 0.449679 0.614744 0.483013 0.607692 0.527885 0.605769 0.545833 0.580769 0.536859 0.573718 0.430449 0.566667 0.407372 0.58141 0.376603 0.6166670000000001 0.347115 0.638462 0.349679 0.667949 0.348397 0.667308 0.398397 0.701282 0.408654 0.728846 0.417628 0.773077 0.420192 0.775 0.467628 0.775 0.550962 0.725 0.5625 0.671154 0.476603 0.666667 0.438141 0.6596150000000001 0.409936
0 0.791667 0.0125 0.803205 0.077885 0.80641 0.139423 0.7833330000000001 0.190705 0.773718 0.238141 0.761538 0.252244 0.728205 0.197115 0.707051 0.163782 0.696795 0.109936 0.738462 0.103526 0.754487 0.084295 0.748077 0.026603
0 0.998718 0.167628 0.988462 0.179167 0.966026 0.175321 0.924359 0.171474 0.892949 0.177885 0.862179 0.184295 0.826923 0.197115 0.807051 0.191987 0.791667 0.233013 0.7833330000000001 0.297115 0.790385 0.321474 0.8 0.334295 0.833333 0.340705 0.85641 0.385577 0.88141 0.380449 0.892949 0.375321 0.901923 0.424038 0.917308 0.448397 0.937821 0.507372 0.941667 0.526603 0.9673080000000001 0.538141 0.980769 0.486859 0.996795 0.544551
0 0.832692 0.667628 0.801282 0.757372 0.8019229999999999 0.821474 0.8038460000000001 0.874038 0.796795 0.948397 0.7826919999999999 0.979167 0.738462 0.954808 0.7 0.940705 0.6839740000000001 0.927885 0.651923 0.8125 0.661538 0.798397 0.682051 0.81891 0.698718 0.784295 0.713462 0.757372 0.726282 0.748397 0.736538 0.703526 0.75641 0.658654 0.764103 0.644551 0.772436 0.631731 0.802564 0.650962 0.81859 0.647115 0.832051 0.650962
0 0.373077 0.689423 0.352564 0.838141 0.34294899999999995 0.91891 0.34743599999999997 0.989423 0.251923 0.993269 0.210897 0.902244 0.20256399999999997 0.850962 0.18076899999999996 0.777885 0.15833299999999995 0.722756 0.17756400000000006 0.681731 0.25961500000000004 0.6625 0.26217900000000005 0.70609 0.28269200000000005 0.699679 0.310256 0.685577 0.33141 0.679167 0.36859 0.652244
0 0.982692 0.004808 0.976282 0.047115 0.964744 0.067628 0.952564 0.079167 0.923077 0.047115 0.903846 0.00609
0 0.598718 0.025321 0.610897 0.058654 0.612179 0.081731 0.609615 0.107372 0.600641 0.086859 0.582051 0.081731 0.577564 0.049679 0.572436 0.0125 0.577564 0.009936 0.592949 0.017628
0 0.07371799999999995 0.054808 0.11987199999999998 0.085577 0.12115399999999998 0.095833 0.07435899999999995 0.120192 0.05064100000000005 0.122756 0.045513000000000026 0.083013 0.045513000000000026 0.058654 0.06089699999999998 0.054808