0 0.962179 0.00609 0.969231 0.045833 0.964103 0.093269 0.957051 0.1125 0.946795 0.139423 0.932051 0.158654 0.903846 0.1625 0.876282 0.143269 0.861538 0.100962 0.855128 0.0625 0.855769 0.027885 0.859615 0.008654
0 0.809615 0.189423 0.8211539999999999 0.239423 0.805769 0.249679 0.794231 0.259936 0.801282 0.286859 0.807051 0.317628 0.787179 0.317628 0.767308 0.274038 0.75 0.245833 0.744231 0.217628 0.739744 0.163782 0.730769 0.143269 0.708974 0.140705 0.713462 0.117628 0.733333 0.109936 0.7814099999999999 0.10609 0.794872 0.099679 0.792308 0.144551 0.773077 0.16891 0.796795 0.183013
0 0.944872 0.252244 0.937821 0.272756 0.942308 0.298397 0.919231 0.297115 0.910256 0.2625 0.9096150000000001 0.241987
0 0.998077 0.302244 0.985897 0.313782 0.976923 0.299679 0.9666669999999999 0.299679 0.957692 0.322756 0.949359 0.325321 0.953205 0.363782 0.954487 0.388141 0.958333 0.422756 0.973077 0.421474 0.988462 0.416346 0.998077 0.421474
0 0.925 0.513782 0.923077 0.545833 0.917949 0.577885 0.929487 0.565064 0.932051 0.6125 0.927564 0.625321 0.93141 0.650962 0.935256 0.679167 0.938462 0.709936 0.920513 0.726603 0.903205 0.758654 0.896795 0.775321 0.882051 0.795833 0.875641 0.804808 0.86859 0.8125 0.837179 0.789423 0.830769 0.734295 0.8435900000000001 0.689423 0.846154 0.659936 0.837179 0.661218 0.829487 0.670192 0.812821 0.676603 0.804487 0.644551 0.807692 0.6125 0.809615 0.561218 0.808333 0.526603 0.841026 0.525321 0.853846 0.525321 0.876282 0.470192 0.880128 0.465064 0.889744 0.511218 0.874359 0.552244 0.892308 0.550962 0.9064099999999999 0.509936 0.914744 0.494551
0 0.727564 0.504808 0.73141 0.529167 0.745513 0.535577 0.75641 0.552244 0.761538 0.576603 0.764103 0.597115 0.745513 0.625321 0.744231 0.661218 0.728846 0.695833 0.710897 0.681731 0.689744 0.643269 0.6730769999999999 0.625321 0.6621790000000001 0.599679 0.664744 0.557372 0.666026 0.527885 0.660256 0.513782 0.6769229999999999 0.520192 0.698718 0.507372 0.703846 0.489423
0 0.6358969999999999 0.759936 0.644872 0.785577 0.6371789999999999 0.827885 0.636538 0.835577 0.649359 0.880449 0.664744 0.898397 0.665385 0.909936 0.645513 0.916346 0.642949 0.940705 0.642949 0.957372 0.637821 0.985577 0.6333329999999999 0.995833 0.5782050000000001 0.990705 0.570513 0.958654 0.563462 0.917628 0.544231 0.845833 0.5346150000000001 0.785577 0.535256 0.757372 0.563462 0.747115 0.591026 0.757372 0.603205 0.758654 0.623077 0.754808
0 0.792308 0.981731 0.794872 0.952244 0.772436 0.925321 0.753205 0.924038 0.723718 0.936859 0.714744 0.957372 0.703846 0.993269 0.787821 0.995833
0 0.5769230000000001 0.198397 0.5769230000000001 0.236859 0.564103 0.279167 0.562179 0.307372 0.5576920000000001 0.3625 0.548718 0.366346 0.528205 0.349679 0.503205 0.31891 0.497436 0.293269 0.48141 0.291987 0.45641 0.298397 0.44743599999999994 0.303526 0.415385 0.313782 0.392308 0.308654 0.375641 0.259936 0.391667 0.174038 0.394231 0.089423 0.38141 0.036859 0.39359 0.004808 0.560897 0.003526 0.54359 0.030449 0.55 0.093269 0.5493589999999999 0.136859 0.5096149999999999 0.133013 0.476923 0.125321 0.47307699999999997 0.171474 0.510256 0.176603 0.5506409999999999 0.179167
0 0.371154 0.267628 0.360897 0.311218 0.34166700000000005 0.340705 0.30576899999999996 0.345833 0.263462 0.313782 0.24294899999999997 0.285577 0.24102599999999996 0.222756 0.26282099999999997 0.174038 0.267308 0.125321 0.233333 0.127885 0.229487 0.103526 0.23653800000000003 0.061218 0.252564 0.025321 0.291667 0.0125 0.30512799999999995 0.008654 0.31794900000000004 0.008654 0.378205 0.003526 0.378205 0.043269 0.380128 0.090705 0.378846 0.139423 0.369872 0.188141 0.36794899999999997 0.243269
0 0.17628200000000005 0.039423 0.17564100000000005 0.088141 0.18269199999999997 0.122756 0.15320500000000004 0.143269 0.125641 0.149679 0.11730799999999997 0.165064 0.10064099999999998 0.191987 0.08782100000000004 0.208654 0.052564000000000055 0.230449 0.033332999999999946 0.248397 0.019230999999999998 0.265064 0.0012820000000000054 0.285577 0.003846000000000016 0.01891 0.04230800000000001 0.021474 0.06987200000000005 0.035577 0.09423099999999995 0.043269 0.128205 0.047115 0.15705100000000005 0.053526 0.16217899999999996 0.035577 0.16794900000000001 0.025321
0 0.14038499999999998 0.345833 0.16025599999999995 0.388141 0.16217899999999996 0.431731 0.16025599999999995 0.457372 0.15897399999999995 0.515064 0.17564100000000005 0.554808 0.17371800000000004 0.590705 0.18461499999999997 0.630449 0.167308 0.650962 0.146154 0.689423 0.12243599999999999 0.722756 0.11987199999999998 0.633013 0.11153800000000003 0.5625 0.10192299999999999 0.533013 0.09102600000000005 0.490705 0.062178999999999984 0.466346 0.04679500000000003 0.480449 0.04487200000000002 0.511218 0.023077000000000014 0.472756 0.025000000000000022 0.452244 0.062178999999999984 0.441987 0.05384599999999995 0.367628 0.07756399999999997 0.345833 0.10256399999999999 0.347115 0.123718 0.353526
0 0.31666700000000003 0.474038 0.333333 0.526603 0.34294899999999995 0.534295 0.313462 0.567628 0.32307699999999995 0.640705 0.32756399999999997 0.676603 0.355128 0.726603 0.358333 0.741987 0.31730800000000003 0.788141 0.30320499999999995 0.825321 0.288462 0.865064 0.27948700000000004 0.890705 0.264744 0.927885 0.255769 0.872756 0.276282 0.816346 0.27692300000000003 0.730449 0.27756400000000003 0.688141 0.269872 0.629167 0.269231 0.580449 0.288462 0.517628 0.29871800000000004 0.480449 0.30256400000000006 0.458654
0 0.475 0.576603 0.483333 0.626603 0.458333 0.648397 0.44294900000000004 0.639423 0.43397399999999997 0.609936 0.43397399999999997 0.572756 0.45064099999999996 0.570192