0 0.541667 0.086859 0.564744 0.094551 0.5891029999999999 0.10609 0.587179 0.131731 0.582692 0.170192 0.575 0.208654 0.572436 0.238141 0.570513 0.324038 0.570513 0.380449 0.5698719999999999 0.41891 0.583974 0.445833 0.60641 0.488141 0.5948720000000001 0.521474 0.584615 0.544551 0.553205 0.584295 0.525 0.611218 0.494231 0.615064 0.478205 0.547115 0.473718 0.488141 0.47243599999999997 0.431731 0.46858999999999995 0.372756 0.49038499999999996 0.3625 0.525 0.371474 0.538462 0.3625 0.538462 0.293269 0.539744 0.229167 0.5346150000000001 0.220192 0.525 0.231731 0.496154 0.271474 0.476282 0.26891 0.46923099999999995 0.180449 0.46858999999999995 0.145833 0.495513 0.148397 0.512821 0.157372 0.5326919999999999 0.141987 0.51859 0.116346 0.521795 0.095833
0 0.5 0.021474 0.479487 0.040705 0.480769 0.089423 0.483333 0.102244 0.460256 0.125321 0.460256 0.153526 0.458974 0.176603 0.45320499999999997 0.195833 0.42756400000000006 0.243269 0.400641 0.249679 0.36602599999999996 0.236859 0.355128 0.198397 0.376923 0.145833 0.371795 0.093269 0.392308 0.044551 0.40833299999999995 0.063782 0.420513 0.06891 0.42179500000000003 0.041987 0.40641000000000005 0.00609 0.496154 0.002244
0 0.369872 0.004808 0.38205100000000003 0.029167 0.388462 0.040705 0.375641 0.063782 0.357692 0.063782 0.34551299999999996 0.080449 0.32884599999999997 0.100962 0.30576899999999996 0.1125 0.267308 0.129167 0.24294899999999997 0.130449 0.230128 0.116346 0.22628199999999998 0.081731 0.22628199999999998 0.035577 0.23782099999999995 0.017628 0.25961500000000004 0.004808
0 0.25961500000000004 0.261218 0.254487 0.311218 0.255769 0.347115 0.26282099999999997 0.372756 0.24102599999999996 0.381731 0.230769 0.420192 0.212179 0.440705 0.19423100000000004 0.444551 0.17307700000000004 0.431731 0.15192300000000003 0.380449 0.15769200000000005 0.334295 0.17564100000000005 0.290705 0.18782100000000002 0.31891 0.19679500000000005 0.308654 0.208333 0.274038 0.22115399999999996 0.231731 0.233333 0.221474 0.23397400000000002 0.235577 0.248077 0.243269
0 0.08782100000000004 0.350962 0.104487 0.367628 0.12051299999999998 0.383013 0.10128199999999998 0.425321 0.07756399999999997 0.409936 0.06923100000000004 0.374038 0.05897399999999997 0.363782 0.05128200000000005 0.344551 0.062178999999999984 0.333013 0.07692299999999996 0.343269
0 0.36282099999999995 0.529167 0.38141 0.559936 0.40512800000000004 0.579167 0.41217899999999996 0.570192 0.43076899999999996 0.608654 0.43269199999999997 0.634295 0.44871799999999995 0.715064 0.45128199999999996 0.733013 0.437821 0.803526 0.43269199999999997 0.827885 0.412821 0.883013 0.392308 0.926603 0.375641 0.970192 0.374359 0.991987 0.30192300000000005 0.991987 0.294231 0.936859 0.294872 0.895833 0.311538 0.879167 0.335256 0.889423 0.352564 0.877885 0.36794899999999997 0.845833 0.373718 0.807372 0.371795 0.765064 0.35 0.721474 0.310897 0.679167 0.30192300000000005 0.61891 0.30833299999999997 0.579167 0.32564099999999996 0.563782 0.34679499999999996 0.567628
0 0.751282 0.004808 0.758333 0.045833 0.76859 0.122756 0.783974 0.149679 0.795513 0.188141 0.812179 0.249679 0.817308 0.299679 0.819231 0.327885 0.846795 0.316346 0.866026 0.31891 0.864744 0.397115 0.858333 0.472756 0.855128 0.503526 0.833974 0.530449 0.8019229999999999 0.535577 0.774359 0.479167 0.75641 0.430449 0.752564 0.366346 0.758974 0.297115 0.757051 0.250962 0.745513 0.258654 0.742308 0.244551 0.7403850000000001 0.208654 0.732051 0.195833 0.712179 0.176603 0.685256 0.158654 0.654487 0.131731 0.646154 0.080449 0.645513 0.034295 0.651282 0.007372
0 0.942308 0.007372 0.939744 0.044551 0.922436 0.094551 0.905769 0.103526 0.8871789999999999 0.103526 0.889744 0.170192 0.867949 0.188141 0.85 0.179167 0.822436 0.161218 0.814103 0.153526 0.810256 0.072756 0.835897 0.077885 0.849359 0.044551 0.858974 0.004808
0 0.998718 0.094551 0.969231 0.083013 0.951923 0.090705 0.928205 0.111218 0.905769 0.138141 0.897436 0.20609 0.887821 0.252244 0.883974 0.286859 0.874359 0.365064 0.887821 0.407372 0.903205 0.454808 0.917308 0.474038 0.93141 0.484295 0.957051 0.500962 0.987179 0.5125 0.998077 0.509936 0.996795 0.394551 0.985897 0.434295 0.978846 0.433013 0.974359 0.400962 0.975641 0.3625 0.983974 0.350962 0.997436 0.35609 0.997436 0.307372 0.989103 0.304808 0.977564 0.275321 0.982692 0.233013 0.996795 0.189423 0.998718 0.175321
0 0.997436 0.654808 0.971154 0.649679 0.957692 0.640705 0.955128 0.648397 0.953205 0.70609 0.95 0.738141 0.944231 0.741987 0.941026 0.715064 0.923077 0.753526 0.935256 0.779167 0.939103 0.807372 0.942308 0.820192 0.964103 0.857372 0.976282 0.8625 0.999359 0.861218
0 0.997436 0.927885 0.992308 0.953526 0.978205 0.950962 0.965385 0.931731 0.971154 0.989423 0.997436 0.995833
0 0.933333 0.909936 0.947436 0.948397 0.953846 0.993269 0.885897 0.998397 0.885256 0.976603 0.901282 0.939423 0.903846 0.911218
0 0.923077 0.66891 0.928205 0.708654 0.9083330000000001 0.71891 0.876282 0.752244 0.853846 0.748397 0.832692 0.734295 0.821795 0.731731 0.808333 0.740705 0.810256 0.7625 0.796795 0.798397 0.786538 0.803526 0.759615 0.797115 0.746795 0.767628 0.752564 0.727885 0.774359 0.720192 0.7814099999999999 0.700962 0.788462 0.688141 0.776923 0.644551 0.776923 0.629167 0.8006409999999999 0.643269 0.809615 0.661218 0.817949 0.654808 0.830769 0.640705 0.855128 0.60609 0.863462 0.6125 0.875 0.630449 0.914744 0.652244
0 0.709615 0.539423 0.709615 0.583013 0.732051 0.60609 0.728205 0.658654 0.7153849999999999 0.691987 0.697436 0.720192 0.683333 0.725321 0.6621790000000001 0.717628 0.653205 0.686859 0.650641 0.649679 0.667949 0.639423 0.689103 0.630449 0.689103 0.60609 0.6826920000000001 0.567628 0.663462 0.576603 0.653205 0.60609 0.633974 0.60609 0.614744 0.580449 0.6128210000000001 0.548397 0.619231 0.521474 0.642949 0.5125 0.666026 0.513782 0.6935899999999999 0.516346
0 0.732692 0.845833 0.7416670000000001 0.871474 0.746795 0.894551 0.746795 0.938141 0.746154 0.957372 0.750641 0.971474 0.757692 0.994551 0.717949 0.985577 0.704487 0.940705 0.6948719999999999 0.903526 0.7019230000000001 0.858654 0.710256 0.843269
0 0.6128210000000001 0.771474 0.624359 0.821474 0.630769 0.836859 0.647436 0.833013 0.6538459999999999 0.872756 0.651282 0.903526 0.647436 0.920192 0.641667 0.933013 0.641026 0.949679 0.646795 0.967628 0.658974 0.994551 0.5903849999999999 0.994551 0.576282 0.959936 0.582051 0.927885 0.583333 0.884295 0.5769230000000001 0.867628 0.560897 0.899679 0.5564100000000001 0.940705 0.542308 0.936859 0.516667 0.875321 0.5371790000000001 0.80609 0.5891029999999999 0.761218
0 0.457692 0.931731 0.475641 0.95609 0.483333 0.980449 0.483333 0.994551 0.415385 0.993269 0.41025599999999995 0.9625 0.417949 0.936859 0.437821 0.929167
0 0.21794899999999995 0.765064 0.212179 0.815064 0.20640999999999998 0.835577 0.18974400000000002 0.861218 0.16987200000000002 0.872756 0.15512800000000004 0.821474 0.15384600000000004 0.767628 0.18076899999999996 0.789423 0.20128199999999996 0.772756
0 0.012179000000000051 0.548397 0.026282000000000028 0.586859 0.039103 0.591987 0.03717899999999996 0.613782 0.03717899999999996 0.643269 0.019230999999999998 0.671474 0.02179500000000001 0.689423 0.012179000000000051 0.708654 0.0032050000000000134 0.726603 0.001923000000000008 0.541987
0 0.03589699999999996 0.759936 0.057691999999999966 0.788141 0.06089699999999998 0.81891 0.060255999999999976 0.834295 0.05705099999999996 0.870192 0.05384599999999995 0.889423 0.050000000000000044 0.909936 0.042949000000000015 0.925321 0.02435900000000002 0.936859 0.02243600000000001 0.9125 0.010256000000000043 0.870192 0.0025640000000000107 0.86891 0.0012820000000000054 0.813782 0.01474399999999998 0.824038 0.021154000000000006 0.8125 0.02884600000000004 0.774038
0 0.07564099999999996 0.641987 0.09615399999999996 0.649679 0.10320499999999999 0.639423 0.07179500000000005 0.666346 0.06346200000000002 0.681731 0.05192300000000005 0.657372 0.06602600000000003 0.641987
0 0.20705099999999999 0.485577 0.20192299999999996 0.533013 0.19294900000000004 0.55609 0.17948699999999995 0.5625 0.17564100000000005 0.559936 0.18653799999999998 0.533013 0.19807699999999995 0.517628 0.19807699999999995 0.466346 0.19935899999999995 0.457372 0.208333 0.459936