0 0.922436 0.021474 0.951923 0.048397 0.9673080000000001 0.109936 0.963462 0.163782 0.935897 0.204808 0.917308 0.2125 0.886538 0.193269 0.866667 0.130449 0.869872 0.065064 0.866667 0.027885 0.894872 0.009936 0.910256 0.022756
0 0.996795 0.358654 0.972436 0.371474 0.955128 0.377885 0.94359 0.388141 0.938462 0.40609 0.95 0.422756 0.95 0.457372 0.964744 0.472756 0.992949 0.459936 0.999359 0.459936
0 0.916667 0.583013 0.9083330000000001 0.649679 0.930128 0.626603 0.934615 0.6125 0.933333 0.677885 0.923077 0.752244 0.914103 0.772756 0.859615 0.822756 0.85 0.847115 0.836538 0.799679 0.851282 0.747115 0.854487 0.709936 0.842949 0.702244 0.817308 0.738141 0.808974 0.674038 0.814103 0.60609 0.848718 0.580449 0.871795 0.600962 0.873077 0.630449 0.889744 0.576603 0.912179 0.557372
0 0.76859 0.185577 0.7826919999999999 0.224038 0.8019229999999999 0.247115 0.809615 0.286859 0.796795 0.330449 0.815385 0.377885 0.785256 0.367628 0.764103 0.307372 0.75 0.284295 0.7429490000000001 0.247115 0.752564 0.203526 0.7378210000000001 0.198397 0.7185900000000001 0.185577 0.74359 0.163782 0.758974 0.163782
0 0.733974 0.565064 0.751282 0.615064 0.7416670000000001 0.686859 0.730769 0.722756 0.721795 0.745833 0.6923079999999999 0.716346 0.672436 0.698397 0.666667 0.648397 0.669872 0.600962 0.687179 0.586859 0.7032050000000001 0.583013 0.7141029999999999 0.572756 0.725 0.561218
0 0.586538 0.803526 0.6179490000000001 0.816346 0.626923 0.844551 0.636538 0.927885 0.636538 0.963782 0.639103 0.989423 0.600641 0.990705 0.5698719999999999 0.940705 0.55 0.902244 0.533974 0.847115 0.535256 0.816346 0.5538460000000001 0.804808
0 0.5782050000000001 0.266346 0.5551280000000001 0.329167 0.5551280000000001 0.367628 0.5519229999999999 0.415064 0.526923 0.383013 0.51859 0.375321 0.48910299999999995 0.353526 0.475641 0.330449 0.42307700000000004 0.353526 0.40576900000000005 0.345833 0.375 0.31891 0.36666699999999997 0.324038 0.359615 0.375321 0.33782100000000004 0.388141 0.271154 0.349679 0.252564 0.330449 0.251282 0.245833 0.270513 0.20609 0.275 0.161218 0.248718 0.139423 0.228205 0.120192 0.265385 0.0625 0.294872 0.041987 0.29615400000000003 0.011218 0.371154 0.0125 0.380769 0.045833 0.375641 0.11891 0.375 0.211218 0.38717900000000005 0.175321 0.38653800000000005 0.075321 0.391667 0.038141 0.397436 0.025321 0.44230800000000003 0.013782 0.46602600000000005 0.040705 0.48782099999999995 0.040705 0.555769 0.029167 0.551282 0.097115 0.519231 0.177885 0.46987199999999996 0.171474 0.46602600000000005 0.229167 0.503846 0.252244 0.552564 0.250962 0.5711539999999999 0.25609
0 0.167308 0.204808 0.08910300000000004 0.234295 0.07051300000000005 0.247115 0.045513000000000026 0.280449 0.018589999999999995 0.300962 0.007692000000000032 0.311218 0.005128000000000021 0.027885 0.062178999999999984 0.043269 0.08012799999999998 0.095833 0.09679499999999996 0.115064 0.104487 0.120192 0.124359 0.103526 0.13910299999999998 0.099679 0.17243600000000003 0.072756 0.19615400000000005 0.134295 0.20640999999999998 0.158654 0.211538 0.170192 0.17820499999999995 0.222756
0 0.13461500000000004 0.395833 0.14871800000000002 0.434295 0.15576900000000005 0.457372 0.163462 0.503526 0.16217899999999996 0.534295 0.16153799999999996 0.567628 0.16923100000000002 0.590705 0.17051300000000003 0.60609 0.14871800000000002 0.659936 0.144872 0.665064 0.123718 0.627885 0.10320499999999999 0.581731 0.08782100000000004 0.540705 0.06346200000000002 0.51891 0.060255999999999976 0.549679 0.05833299999999997 0.595833 0.03461499999999995 0.598397 0.019230999999999998 0.535577 0.04487200000000002 0.500962 0.05833299999999997 0.475321 0.060255999999999976 0.430449 0.09679499999999996 0.395833 0.11538499999999996 0.391987
0 0.32115400000000005 0.524038 0.35 0.561218 0.351923 0.593269 0.33974400000000005 0.604808 0.32179500000000005 0.658654 0.32115400000000005 0.694551 0.330128 0.738141 0.357051 0.761218 0.373718 0.785577 0.34294899999999995 0.849679 0.31923100000000004 0.874038 0.275 0.966346 0.25641 0.970192 0.269872 0.849679 0.271154 0.7625 0.263462 0.694551 0.266026 0.667628 0.272436 0.603526 0.289744 0.549679 0.30192300000000005 0.507372
0 0.23525600000000002 0.691987 0.23141 0.740705 0.23461500000000002 0.791987 0.233333 0.861218 0.212179 0.916346 0.19807699999999995 0.838141 0.19038500000000003 0.807372 0.18589699999999998 0.749679 0.18782100000000002 0.731731 0.21602600000000005 0.686859 0.22371799999999997 0.679167
0 0.45384599999999997 0.61891 0.480769 0.647115 0.480769 0.677885 0.457051 0.698397 0.44679500000000005 0.725321 0.457692 0.752244 0.475 0.734295 0.46282100000000004 0.809936 0.44871799999999995 0.870192 0.42692300000000005 0.850962 0.42756400000000006 0.766346 0.43140999999999996 0.681731 0.42948699999999995 0.643269 0.440385 0.600962
0 0.594231 0.550962 0.580769 0.611218 0.580128 0.633013 0.562821 0.581731 0.565385 0.553526 0.584615 0.544551