0 0.891026 0.008654 0.905128 0.05609 0.9076919999999999 0.124038 0.892308 0.122756 0.883974 0.135577 0.905128 0.190705 0.939103 0.226603 0.944231 0.281731 0.928205 0.294551 0.912179 0.308654 0.864744 0.277885 0.844231 0.254808 0.813462 0.224038 0.808333 0.188141 0.825 0.161218 0.825 0.125321 0.805769 0.102244 0.788462 0.104808 0.773077 0.152244 0.754487 0.143269 0.7141029999999999 0.094551 0.694231 0.074038 0.695513 0.1125 0.698718 0.148397 0.691667 0.15609 0.670513 0.209936 0.6717949999999999 0.236859 0.683333 0.244551 0.704487 0.258654 0.7173080000000001 0.274038 0.709615 0.316346 0.692949 0.383013 0.660256 0.397115 0.64359 0.352244 0.625 0.3125 0.6153850000000001 0.280449 0.608974 0.186859 0.614744 0.153526 0.636538 0.081731 0.638462 0.039423 0.641667 0.004808 0.883974 0.007372
0 0.996795 0.388141 0.986538 0.402244 0.978205 0.395833 0.950641 0.315064 0.933333 0.322756 0.95 0.377885 0.951282 0.40609 0.952564 0.481731 0.953846 0.508654 0.9666669999999999 0.527885 0.980128 0.51891 0.997436 0.498397
0 0.79359 0.458654 0.80641 0.481731 0.809615 0.525321 0.8038460000000001 0.549679 0.7846150000000001 0.549679 0.769872 0.535577 0.758974 0.517628 0.752564 0.488141 0.762821 0.4625 0.777564 0.458654 0.787179 0.450962
0 0.542949 0.0125 0.562821 0.044551 0.5923080000000001 0.071474 0.594231 0.104808 0.601282 0.147115 0.604487 0.204808 0.601282 0.247115 0.598718 0.31891 0.5961540000000001 0.354808 0.561538 0.374038 0.523077 0.347115 0.49038499999999996 0.275321 0.473718 0.240705 0.46602600000000005 0.195833 0.458974 0.126603 0.457051 0.081731 0.476282 0.041987 0.494231 0.030449 0.494231 0.009936 0.5371790000000001 0.003526
0 0.23910299999999995 0.1625 0.29679500000000003 0.171474 0.32884599999999997 0.189423 0.361538 0.226603 0.378846 0.267628 0.36346199999999995 0.325321 0.336538 0.353526 0.32371799999999995 0.374038 0.292949 0.383013 0.266667 0.372756 0.230769 0.336859 0.210897 0.331731 0.19166700000000003 0.302244 0.15897399999999995 0.265064 0.17884599999999995 0.2125 0.210897 0.1625
0 0.085897 0.011218 0.086538 0.063782 0.09743599999999997 0.149679 0.105128 0.184295 0.09038500000000005 0.250962 0.08140999999999998 0.295833 0.04935900000000004 0.298397 0.023077000000000014 0.2625 0.01730799999999999 0.204808 0.021154000000000006 0.143269 0.02435900000000002 0.095833 0.02179500000000001 0.024038 0.019872 0.008654
0 0.05320499999999995 0.371474 0.085897 0.384295 0.11153800000000003 0.398397 0.11217900000000003 0.430449 0.105769 0.441987 0.105128 0.525321 0.10256399999999999 0.574038 0.10256399999999999 0.634295 0.08076899999999998 0.681731 0.06410300000000002 0.703526 0.025641000000000025 0.681731 0.014102999999999977 0.622756 0.02435900000000002 0.570192 0.03141000000000005 0.522756 0.025000000000000022 0.4625 0.025000000000000022 0.447115 0.0025640000000000107 0.494551 0.006410000000000027 0.297115 0.010256000000000043 0.338141 0.019872 0.353526 0.039744 0.365064
0 0.27884600000000004 0.648397 0.31987200000000005 0.649679 0.31730800000000003 0.741987 0.312821 0.748397 0.30192300000000005 0.763782 0.294231 0.797115 0.294231 0.833013 0.294872 0.870192 0.292949 0.885577 0.272436 0.900962 0.275641 0.867628 0.27884600000000004 0.817628 0.26089700000000005 0.763782 0.24615399999999998 0.727885 0.23141 0.670192 0.247436 0.645833
0 0.42756400000000006 0.544551 0.440385 0.591987 0.46858999999999995 0.61891 0.476282 0.674038 0.494872 0.676603 0.5096149999999999 0.677885 0.528205 0.630449 0.564744 0.652244 0.5730770000000001 0.665064 0.540385 0.702244 0.5314099999999999 0.695833 0.535256 0.770192 0.529487 0.799679 0.510256 0.883013 0.513462 0.915064 0.544872 0.91891 0.565385 0.963782 0.583333 0.963782 0.609615 0.909936 0.630769 0.880449 0.651282 0.883013 0.666026 0.890705 0.675 0.877885 0.689744 0.840705 0.697436 0.807372 0.716026 0.781731 0.734615 0.7625 0.7416670000000001 0.745833 0.753846 0.717628 0.8230770000000001 0.681731 0.8435900000000001 0.715064 0.864744 0.797115 0.858974 0.839423 0.835897 0.845833 0.819231 0.785577 0.811538 0.799679 0.804487 0.85609 0.80641 0.890705 0.790385 0.902244 0.759615 0.897115 0.7403850000000001 0.938141 0.707692 0.938141 0.692949 0.952244 0.677564 0.965064 0.6621790000000001 0.993269 0.371154 0.991987 0.36602599999999996 0.954808 0.374359 0.909936 0.417308 0.90609 0.458333 0.930449 0.47243599999999997 0.908654 0.476923 0.874038 0.47051299999999996 0.839423 0.44551300000000005 0.789423 0.44102600000000003 0.752244 0.437821 0.7125 0.412821 0.671474 0.41217899999999996 0.634295 0.41217899999999996 0.597115 0.394872 0.626603 0.389744 0.635577 0.375641 0.585577 0.38141 0.5625 0.392949 0.548397
0 0.06730800000000003 0.844551 0.09102600000000005 0.877885 0.10064099999999998 0.880449 0.125641 0.897115 0.15384600000000004 0.920192 0.167308 0.938141 0.19230800000000003 0.940705 0.208974 0.931731 0.23846199999999995 0.902244 0.25641 0.924038 0.252564 0.991987 0.04935900000000004 0.994551 0.04935900000000004 0.967628 0.019230999999999998 0.975321 0.0025640000000000107 0.995833 0.003846000000000016 0.85609 0.026282000000000028 0.859936 0.04679500000000003 0.845833 0.05897399999999997 0.838141
0 0.679487 0.591987 0.677564 0.620192 0.6961539999999999 0.608654 0.697436 0.597115 0.707692 0.627885 0.704487 0.6625 0.701282 0.693269 0.6948719999999999 0.720192 0.679487 0.729167 0.6564099999999999 0.695833 0.635256 0.644551 0.633974 0.607372 0.650641 0.607372 0.6551279999999999 0.602244 0.671154 0.583013