0 0.919872 0.043269 0.942308 0.072756 0.958974 0.109936 0.955769 0.140705 0.970513 0.203526 0.945513 0.303526 0.905128 0.361218 0.8628210000000001 0.421474 0.849359 0.376603 0.837179 0.338141 0.8423080000000001 0.308654 0.857051 0.295833 0.869872 0.276603 0.867308 0.241987 0.862179 0.202244 0.857051 0.170192 0.848718 0.138141 0.837821 0.103526 0.833974 0.035577 0.835256 0.022756 0.841026 0.01891 0.867308 0.021474 0.899359 0.025321
0 0.766026 0.088141 0.786538 0.104808 0.809615 0.147115 0.8 0.177885 0.773718 0.229167 0.7391030000000001 0.283013 0.727564 0.330449 0.7185900000000001 0.349679 0.683333 0.376603 0.670513 0.341987 0.6730769999999999 0.304808 0.685256 0.235577 0.689103 0.191987 0.6980770000000001 0.152244 0.717949 0.129167 0.746795 0.107372 0.757692 0.089423
0 0.630769 0.371474 0.665385 0.381731 0.682051 0.398397 0.6923079999999999 0.40609 0.6980770000000001 0.472756 0.66859 0.484295 0.6551279999999999 0.494551 0.6358969999999999 0.502244 0.609615 0.459936 0.603205 0.429167 0.610256 0.381731
0 0.460256 0.321474 0.48782099999999995 0.343269 0.51859 0.352244 0.5467949999999999 0.349679 0.563462 0.354808 0.521154 0.420192 0.5121789999999999 0.433013 0.505128 0.467628 0.519872 0.502244 0.5506409999999999 0.553526 0.5538460000000001 0.567628 0.5923080000000001 0.586859 0.592949 0.665064 0.602564 0.688141 0.585256 0.66891 0.562179 0.645833 0.541667 0.633013 0.519872 0.597115 0.485256 0.527885 0.45384599999999997 0.498397 0.42628200000000005 0.457372 0.439103 0.394551 0.44551300000000005 0.350962 0.44743599999999994 0.321474
0 0.945513 0.558654 0.955128 0.597115 0.959615 0.634295 0.951282 0.677885 0.942308 0.691987 0.923077 0.679167 0.925641 0.658654 0.919231 0.643269 0.917949 0.590705 0.926282 0.567628
0 0.857692 0.565064 0.871154 0.607372 0.857051 0.667628 0.853846 0.720192 0.851923 0.758654 0.85 0.780449 0.870513 0.759936 0.882692 0.826603 0.891667 0.834295 0.878846 0.840705 0.86859 0.853526 0.853205 0.875321 0.851282 0.881731 0.826923 0.854808 0.833974 0.835577 0.826923 0.827885 0.810897 0.822756 0.795513 0.817628 0.774359 0.775321 0.767949 0.747115 0.7608969999999999 0.713782 0.758333 0.672756 0.753205 0.622756 0.795513 0.5625 0.823718 0.558654 0.8391029999999999 0.558654 0.851282 0.566346
0 0.721795 0.829167 0.733974 0.841987 0.767308 0.820192 0.7801279999999999 0.893269 0.773718 0.935577 0.766026 0.952244 0.757692 0.967628 0.746154 0.966346 0.726282 0.944551 0.708333 0.931731 0.7032050000000001 0.899679 0.695513 0.854808 0.7032050000000001 0.822756 0.7173080000000001 0.809936
0 0.7166669999999999 0.686859 0.725 0.748397 0.725 0.761218 0.707692 0.776603 0.697436 0.771474 0.688462 0.735577 0.7032050000000001 0.708654 0.705128 0.688141 0.709615 0.6625
0 0.998077 0.748397 0.98141 0.759936 0.987179 0.786859 0.987179 0.808654 0.967949 0.824038 0.961538 0.803526 0.932051 0.849679 0.929487 0.85609 0.953846 0.874038 0.955769 0.893269 0.969231 0.915064 0.979487 0.939423 0.998077 0.930449
0 0.32628199999999996 0.448397 0.34358999999999995 0.490705 0.360256 0.472756 0.378205 0.5125 0.38525600000000004 0.572756 0.377564 0.613782 0.373077 0.621474 0.355128 0.616346 0.34487199999999996 0.620192 0.334615 0.649679 0.29679500000000003 0.649679 0.274359 0.665064 0.25961500000000004 0.679167 0.25 0.680449 0.24102599999999996 0.636859 0.233333 0.579167 0.22564099999999998 0.544551 0.24230799999999997 0.500962 0.26153800000000005 0.525321 0.30576899999999996 0.530449 0.310256 0.494551 0.29743600000000003 0.467628 0.30705099999999996 0.453526
0 0.07948699999999997 0.575321 0.125641 0.571474 0.15576900000000005 0.588141 0.15769200000000005 0.657372 0.164103 0.683013 0.16859000000000002 0.70609 0.16923100000000002 0.744551 0.167308 0.767628 0.18653799999999998 0.791987 0.22435899999999998 0.777885 0.24038499999999996 0.771474 0.276282 0.766346 0.28205100000000005 0.817628 0.28076900000000005 0.899679 0.27820500000000004 0.945833 0.27820500000000004 0.985577 0.27756400000000003 0.988141 0.23910299999999995 0.990705 0.0025640000000000107 0.990705 0.003846000000000016 0.6625 0.015384999999999982 0.633013 0.019872 0.586859 0.06089699999999998 0.581731 0.06987200000000005 0.574038
0 0.038461999999999996 0.015064 0.04487200000000002 0.074038 0.045513000000000026 0.117628 0.03717899999999996 0.139423 0.02948700000000004 0.157372 0.015384999999999982 0.176603 0.003846000000000016 0.175321 0.004487000000000019 0.00609
0 0.230769 0.027885 0.250641 0.079167 0.26217900000000005 0.121474 0.25641 0.149679 0.21282100000000004 0.143269 0.210256 0.124038 0.20640999999999998 0.075321 0.19871799999999995 0.047115 0.19423100000000004 0.020192 0.21794899999999995 0.026603