0 0.816667 0.053526 0.81859 0.167628 0.8019229999999999 0.233013 0.778205 0.303526 0.76859 0.334295 0.7391030000000001 0.352244 0.723077 0.358654 0.711538 0.299679 0.7153849999999999 0.247115 0.721795 0.209936 0.70641 0.227885 0.687179 0.291987 0.682051 0.315064 0.658974 0.320192 0.642949 0.280449 0.6596150000000001 0.186859 0.64359 0.163782 0.6320509999999999 0.243269 0.619872 0.259936 0.6179490000000001 0.143269 0.646154 0.100962 0.6583330000000001 0.044551 0.708974 0.016346 0.778205 0.021474 0.805769 0.026603
0 0.479487 0.166346 0.498077 0.25609 0.498077 0.339423 0.461538 0.407372 0.44487200000000005 0.421474 0.42884599999999995 0.431731 0.389744 0.345833 0.414744 0.252244 0.435897 0.213782 0.414744 0.167628 0.436538 0.148397 0.478846 0.147115
0 0.733974 0.448397 0.746154 0.503526 0.728205 0.567628 0.710897 0.56891 0.687179 0.549679 0.6769229999999999 0.517628 0.686538 0.4625 0.710256 0.454808 0.719231 0.449679
0 0.705769 0.715064 0.726923 0.739423 0.709615 0.771474 0.742308 0.76891 0.748077 0.781731 0.758974 0.853526 0.758974 0.879167 0.723718 0.883013 0.7032050000000001 0.858654 0.6801280000000001 0.881731 0.639103 0.904808 0.5935900000000001 0.935577 0.560256 0.957372 0.516026 0.936859 0.494872 0.891987 0.510256 0.817628 0.555769 0.820192 0.585256 0.840705 0.595513 0.808654 0.624359 0.754808 0.616026 0.713782 0.660256 0.703526 0.6948719999999999 0.698397
0 0.522436 0.520192 0.537821 0.557372 0.5275639999999999 0.585577 0.46410300000000004 0.603526 0.439744 0.604808 0.434615 0.565064 0.47243599999999997 0.541987 0.498077 0.525321
0 0.398077 0.631731 0.42435900000000004 0.694551 0.398077 0.743269 0.399359 0.789423 0.435256 0.803526 0.459615 0.824038 0.42179500000000003 0.877885 0.40769200000000005 0.898397 0.377564 0.891987 0.355769 0.885577 0.34679499999999996 0.838141 0.32115400000000005 0.763782 0.32115400000000005 0.740705 0.31666700000000003 0.670192 0.32307699999999995 0.630449 0.348718 0.641987 0.378846 0.624038 0.390385 0.640705
0 0.273077 0.6125 0.28589699999999996 0.680449 0.28717899999999996 0.715064 0.26282099999999997 0.726603 0.24487199999999998 0.743269 0.22243599999999997 0.71891 0.19807699999999995 0.698397 0.18653799999999998 0.683013 0.18910300000000002 0.645833 0.22243599999999997 0.640705 0.23653800000000003 0.629167
0 0.17371800000000004 0.402244 0.19230800000000003 0.4625 0.19423100000000004 0.499679 0.18012799999999995 0.586859 0.166026 0.615064 0.15897399999999995 0.635577 0.142308 0.60609 0.15705100000000005 0.522756 0.16025599999999995 0.46891 0.15192300000000003 0.424038 0.15448700000000004 0.404808
0 0.05448699999999995 0.36891 0.07243599999999994 0.408654 0.07628199999999996 0.448397 0.06923100000000004 0.484295 0.05064100000000005 0.50609 0.027564000000000033 0.481731 0.010897000000000046 0.472756 0.003846000000000016 0.465064 0.0032050000000000134 0.385577 0.02692300000000003 0.389423 0.038461999999999996 0.386859
0 0.28525599999999995 0.425321 0.31730800000000003 0.463782 0.31794900000000004 0.483013 0.315385 0.535577 0.315385 0.561218 0.312179 0.575321 0.30256400000000006 0.565064 0.28525599999999995 0.504808 0.253205 0.474038 0.250641 0.445833 0.25 0.436859 0.269231 0.426603
0 0.23141 0.883013 0.24358999999999997 0.926603 0.232692 0.959936 0.23397400000000002 0.970192 0.24423099999999998 0.994551 0.09230799999999995 0.993269 0.07499999999999996 0.950962 0.08269199999999999 0.924038 0.11153800000000003 0.913782 0.145513 0.931731 0.16089699999999996 0.935577 0.18076899999999996 0.888141 0.211538 0.880449
0 0.997436 0.844551 0.976923 0.857372 0.962179 0.861218 0.942949 0.854808 0.930769 0.866346 0.9096150000000001 0.909936 0.904487 0.934295 0.915385 0.993269 0.996154 0.991987
0 0.85 0.713782 0.853846 0.771474 0.862179 0.80609 0.865385 0.826603 0.869231 0.872756 0.871795 0.904808 0.875 0.922756 0.857051 0.925321 0.8423080000000001 0.884295 0.835897 0.850962 0.8230770000000001 0.820192 0.833333 0.767628 0.834615 0.738141 0.8211539999999999 0.729167 0.796154 0.729167 0.774359 0.70609 0.765385 0.672756 0.766026 0.644551 0.792949 0.626603 0.80641 0.6625 0.8211539999999999 0.689423 0.836538 0.695833