0 0.147436 0.397115 0.16025599999999995 0.443269 0.18653799999999998 0.467628 0.18782100000000002 0.483013 0.18910300000000002 0.51891 0.19166700000000003 0.561218 0.19359000000000004 0.576603 0.19230800000000003 0.590705 0.17692300000000005 0.608654 0.16089699999999996 0.627885 0.125 0.641987 0.10897400000000002 0.613782 0.08333299999999999 0.590705 0.09358999999999995 0.541987 0.105769 0.540705 0.11089700000000002 0.517628 0.105128 0.439423 0.10897400000000002 0.397115 0.105769 0.358654 0.12884600000000002 0.3625 0.13974399999999998 0.384295
0 0.06153799999999998 0.598397 0.084615 0.602244 0.08782100000000004 0.604808 0.09935899999999998 0.631731 0.104487 0.657372 0.10833300000000001 0.672756 0.11153800000000003 0.688141 0.11410299999999995 0.707372 0.10320499999999999 0.733013 0.09038500000000005 0.744551 0.08012799999999998 0.744551 0.06538500000000003 0.717628 0.06346200000000002 0.699679 0.05448699999999995 0.688141 0.042949000000000015 0.676603 0.032692000000000054 0.634295 0.04102600000000001 0.609936 0.04871800000000004 0.597115
0 0.28717899999999996 0.363782 0.294231 0.398397 0.30128200000000005 0.409936 0.292949 0.447115 0.28333299999999995 0.454808 0.25897400000000004 0.463782 0.248077 0.471474 0.22628199999999998 0.458654 0.21858999999999995 0.425321 0.210897 0.397115 0.20384599999999997 0.371474 0.210256 0.352244 0.23525600000000002 0.365064 0.24487199999999998 0.370192 0.26282099999999997 0.36891 0.28076900000000005 0.354808
0 0.394231 0.371474 0.40769200000000005 0.408654 0.417949 0.433013 0.43076899999999996 0.444551 0.42948699999999995 0.474038 0.42371800000000004 0.51891 0.414744 0.536859 0.401282 0.585577 0.38653800000000005 0.583013 0.38205100000000003 0.544551 0.376923 0.507372 0.371154 0.439423 0.371795 0.403526
0 0.49166699999999997 0.385577 0.5333330000000001 0.408654 0.540385 0.41891 0.544872 0.445833 0.545513 0.463782 0.54359 0.515064 0.560256 0.541987 0.546154 0.563782 0.5301279999999999 0.572756 0.521795 0.545833 0.5108969999999999 0.485577 0.505769 0.471474 0.49230799999999997 0.450962 0.474359 0.443269 0.46474400000000005 0.425321 0.46410300000000004 0.391987
0 0.601282 0.580449 0.607692 0.598397 0.627564 0.602244 0.640385 0.620192 0.644872 0.635577 0.646795 0.6625 0.636538 0.684295 0.619231 0.709936 0.619872 0.738141 0.637821 0.777885 0.665385 0.788141 0.6826920000000001 0.775321 0.6814100000000001 0.802244 0.665385 0.848397 0.665385 0.879167 0.6538459999999999 0.879167 0.607692 0.885577 0.582051 0.871474 0.5673079999999999 0.81891 0.5551280000000001 0.779167 0.5371790000000001 0.709936 0.5358970000000001 0.670192 0.544872 0.61891 0.567949 0.604808 0.582051 0.597115
0 0.503846 0.60609 0.515385 0.630449 0.514744 0.671474 0.50641 0.707372 0.497436 0.71891 0.49038499999999996 0.725321 0.47243599999999997 0.726603 0.43333299999999997 0.707372 0.41089699999999996 0.690705 0.415385 0.630449 0.42756400000000006 0.613782 0.459615 0.609936 0.478205 0.602244 0.48846199999999995 0.588141
0 0.17115400000000003 0.813782 0.17948699999999995 0.865064 0.210256 0.872756 0.22307699999999997 0.900962 0.22371799999999997 0.929167 0.19230800000000003 0.957372 0.15897399999999995 0.988141 0.13525600000000004 0.944551 0.11025600000000002 0.90609 0.105128 0.866346 0.10320499999999999 0.848397 0.12179499999999999 0.838141 0.15833299999999995 0.820192 0.163462 0.817628
0 0.458333 0.844551 0.47307699999999997 0.886859 0.473718 0.908654 0.46858999999999995 0.936859 0.473718 0.971474 0.483333 0.993269 0.330769 0.989423 0.32179500000000005 0.950962 0.30448699999999995 0.903526 0.30833299999999997 0.880449 0.336538 0.874038 0.371154 0.886859 0.38717900000000005 0.884295 0.392949 0.867628 0.42371800000000004 0.861218 0.439744 0.859936 0.45320499999999997 0.852244
0 0.705128 0.11891 0.7153849999999999 0.191987 0.727564 0.211218 0.728846 0.231731 0.726923 0.261218 0.727564 0.320192 0.727564 0.338141 0.732051 0.357372 0.730769 0.36891 0.705769 0.397115 0.705769 0.431731 0.721795 0.470192 0.733333 0.495833 0.751282 0.495833 0.759615 0.524038 0.752564 0.544551 0.70641 0.565064 0.669231 0.572756 0.660256 0.574038 0.662821 0.515064 0.678205 0.481731 0.661538 0.402244 0.648077 0.361218 0.625 0.276603 0.628205 0.252244 0.65 0.183013 0.6346149999999999 0.127885 0.63141 0.121474 0.644231 0.100962 0.672436 0.125321 0.6961539999999999 0.113782
0 0.632692 0.030449 0.642949 0.117628 0.619872 0.154808 0.605128 0.158654 0.5961540000000001 0.083013 0.60641 0.043269
0 0.28333299999999995 0.007372 0.26089700000000005 0.047115 0.250641 0.075321 0.23141 0.090705 0.20576899999999998 0.047115 0.211538 0.024038 0.17692300000000005 0.026603 0.144231 0.057372 0.126282 0.048397 0.10641 0.031731 0.10128199999999998 0.004808
0 0.853846 0.013782 0.839744 0.045833 0.848718 0.074038 0.841026 0.102244 0.827564 0.127885 0.833333 0.186859 0.813462 0.209936 0.817949 0.277885 0.817949 0.286859 0.83141 0.327885 0.866667 0.395833 0.873077 0.398397 0.919872 0.385577 0.95641 0.361218 0.983974 0.333013 0.996154 0.31891 0.998077 0.009936
0 0.949359 0.430449 0.95641 0.474038 0.960256 0.481731 0.960256 0.51891 0.933333 0.557372 0.910256 0.525321 0.892949 0.491987 0.914744 0.4625 0.937821 0.440705
0 0.923718 0.66891 0.941667 0.689423 0.954487 0.683013 0.951282 0.717628 0.944872 0.740705 0.9666669999999999 0.743269 0.985897 0.767628 0.990385 0.804808 0.989744 0.854808 0.976923 0.871474 0.960897 0.849679 0.944872 0.825321 0.930128 0.839423 0.9064099999999999 0.867628 0.892949 0.879167 0.8448720000000001 0.909936 0.817308 0.91891 0.7801279999999999 0.91891 0.757051 0.924038 0.73141 0.889423 0.712179 0.845833 0.735256 0.80609 0.771795 0.797115 0.808974 0.80609 0.828205 0.788141 0.8448720000000001 0.761218 0.8403849999999999 0.726603 0.832051 0.709936 0.847436 0.684295 0.877564 0.703526 0.876923 0.657372 0.902564 0.661218
0 0.792308 0.036859 0.794872 0.113782 0.7801279999999999 0.165064 0.770513 0.188141 0.764103 0.208654 0.7416670000000001 0.188141 0.736538 0.122756 0.738462 0.059936 0.760256 0.030449 0.779487 0.013782