0 0.998718 0.1125 0.988462 0.094551 0.98141 0.066346 0.964744 0.071474 0.953846 0.103526 0.947436 0.143269 0.941026 0.166346 0.933333 0.198397 0.923718 0.220192 0.9064099999999999 0.241987 0.889103 0.241987 0.873077 0.226603 0.869231 0.193269 0.871795 0.154808 0.865385 0.134295 0.863462 0.090705 0.867949 0.05609 0.885897 0.048397 0.9076919999999999 0.050962 0.915385 0.044551 0.917949 0.029167 0.911538 0.007372 0.999359 0.00609
0 0.998077 0.417628 0.984615 0.407372 0.970513 0.394551 0.962179 0.388141 0.958333 0.403526 0.957051 0.439423 0.95641 0.471474 0.969231 0.491987 0.977564 0.5125 0.989103 0.516346 0.997436 0.522756
0 0.9288460000000001 0.393269 0.93141 0.430449 0.938462 0.450962 0.938462 0.465064 0.9288460000000001 0.480449 0.927564 0.498397 0.927564 0.511218 0.915385 0.516346 0.911538 0.529167 0.904487 0.524038 0.884615 0.516346 0.873077 0.504808 0.855769 0.491987 0.854487 0.457372 0.842949 0.453526 0.8391029999999999 0.421474 0.8448720000000001 0.389423 0.863462 0.379167 0.883333 0.403526 0.9064099999999999 0.408654 0.917949 0.393269
0 0.773718 0.234295 0.777564 0.280449 0.7833330000000001 0.302244 0.773077 0.321474 0.773077 0.357372 0.764744 0.380449 0.767949 0.394551 0.769872 0.408654 0.757692 0.41891 0.74359 0.425321 0.734615 0.434295 0.734615 0.454808 0.7608969999999999 0.45609 0.769872 0.457372 0.748718 0.498397 0.741026 0.507372 0.728205 0.517628 0.708974 0.529167 0.694231 0.529167 0.690385 0.515064 0.685256 0.474038 0.679487 0.445833 0.682051 0.41891 0.7019230000000001 0.404808 0.696795 0.377885 0.690385 0.371474 0.690385 0.330449 0.696795 0.293269 0.713462 0.265064 0.735256 0.241987 0.751923 0.230449 0.764744 0.230449
0 0.772436 0.00609 0.780769 0.031731 0.778205 0.063782 0.753846 0.098397 0.748077 0.107372 0.746795 0.127885 0.746795 0.136859 0.746795 0.145833 0.737179 0.136859 0.7224360000000001 0.120192 0.703846 0.098397 0.688462 0.080449 0.6788460000000001 0.065064 0.689103 0.048397 0.690385 0.024038 0.682051 0.017628 0.6801280000000001 0.004808
0 0.611538 0.009936 0.610256 0.045833 0.609615 0.076603 0.6153850000000001 0.1125 0.619872 0.163782 0.60641 0.181731 0.583974 0.167628 0.5743590000000001 0.185577 0.5756410000000001 0.229167 0.572436 0.250962 0.562179 0.25609 0.5493589999999999 0.261218 0.519872 0.240705 0.507692 0.188141 0.5070509999999999 0.143269 0.522436 0.084295 0.5275639999999999 0.0625 0.516667 0.047115 0.515385 0.022756 0.5371790000000001 0.007372 0.564744 0.00609
0 0.46730799999999995 0.145833 0.44807699999999995 0.161218 0.42628200000000005 0.181731 0.420513 0.207372 0.42948699999999995 0.241987 0.42243600000000003 0.280449 0.417308 0.285577 0.413462 0.304808 0.42628200000000005 0.315064 0.45641 0.309936 0.478846 0.316346 0.49230799999999997 0.281731 0.5108969999999999 0.272756 0.519231 0.26891 0.521154 0.286859 0.523718 0.331731 0.530769 0.353526 0.5506409999999999 0.385577 0.5673079999999999 0.411218 0.584615 0.424038 0.578846 0.466346 0.5891029999999999 0.493269 0.582051 0.513782 0.564103 0.536859 0.538462 0.549679 0.5083329999999999 0.583013 0.48717900000000003 0.603526 0.475641 0.617628 0.46666700000000005 0.586859 0.436538 0.572756 0.396795 0.50609 0.391026 0.497115 0.38525600000000004 0.420192 0.355128 0.448397 0.33974400000000005 0.439423 0.315385 0.416346 0.30769199999999997 0.397115 0.291026 0.430449 0.28141000000000005 0.375321 0.28333299999999995 0.325321 0.292308 0.280449 0.30769199999999997 0.333013 0.33141 0.344551 0.33974400000000005 0.3125 0.34038500000000005 0.281731 0.355128 0.261218 0.357051 0.221474 0.373077 0.181731 0.378205 0.159936 0.397436 0.166346 0.40705100000000005 0.149679 0.4 0.138141 0.38205100000000003 0.125321 0.392949 0.091987 0.40705100000000005 0.083013 0.439744 0.083013 0.46282100000000004 0.090705 0.480128 0.121474 0.483333 0.145833
0 0.16025599999999995 0.150962 0.17051300000000003 0.199679 0.19487200000000005 0.236859 0.21474400000000005 0.238141 0.22371799999999997 0.220192 0.24294899999999997 0.265064 0.230769 0.272756 0.208333 0.284295 0.20640999999999998 0.308654 0.20448699999999997 0.348397 0.19230800000000003 0.357372 0.15641000000000005 0.424038 0.144231 0.434295 0.103846 0.449679 0.09551299999999996 0.409936 0.07948699999999997 0.384295 0.07820499999999997 0.3625 0.087179 0.316346 0.11089700000000002 0.267628 0.11858999999999997 0.217628 0.13269200000000003 0.197115 0.12243599999999999 0.167628 0.11410299999999995 0.140705 0.13269200000000003 0.163782 0.15320500000000004 0.159936
0 0.09615399999999996 0.147115 0.09743599999999997 0.183013 0.105769 0.211218 0.09615399999999996 0.234295 0.07243599999999994 0.250962 0.05448699999999995 0.276603 0.02435900000000002 0.298397 0.012179000000000051 0.294551 0.003846000000000016 0.279167 0.0032050000000000134 0.148397 0.019872 0.149679 0.03141000000000005 0.136859 0.04359000000000002 0.159936 0.057691999999999966 0.165064 0.06730800000000003 0.149679 0.083974 0.167628
0 0.22692299999999999 0.466346 0.23782099999999995 0.488141 0.273718 0.486859 0.30000000000000004 0.472756 0.30384599999999995 0.486859 0.27692300000000003 0.516346 0.25961500000000004 0.526603 0.25833300000000003 0.550962 0.26859 0.594551 0.269231 0.617628 0.247436 0.639423 0.23461500000000002 0.658654 0.22564099999999998 0.649679 0.230769 0.613782 0.21538500000000005 0.580449 0.20512799999999998 0.575321 0.20192299999999996 0.5625 0.19487200000000005 0.531731 0.18269199999999997 0.538141 0.16794900000000001 0.535577 0.17115400000000003 0.51891 0.18012799999999995 0.499679 0.18782100000000002 0.480449 0.210256 0.461218 0.21858999999999995 0.474038
0 0.783974 0.663782 0.778205 0.695833 0.776923 0.711218 0.814103 0.715064 0.8211539999999999 0.729167 0.823718 0.750962 0.8256410000000001 0.7625 0.83141 0.772756 0.833974 0.804808 0.814744 0.834295 0.776923 0.871474 0.761538 0.865064 0.751923 0.840705 0.7416670000000001 0.799679 0.7224360000000001 0.815064 0.707692 0.798397 0.7224360000000001 0.781731 0.7166669999999999 0.770192 0.704487 0.749679 0.710256 0.730449 0.7224360000000001 0.702244 0.727564 0.675321 0.746154 0.665064 0.763462 0.666346 0.774359 0.663782
0 0.883333 0.631731 0.892949 0.654808 0.896154 0.654808 0.905769 0.6625 0.9 0.688141 0.894872 0.725321 0.882692 0.748397 0.875 0.767628 0.855769 0.772756 0.847436 0.734295 0.8448720000000001 0.702244 0.8435900000000001 0.679167 0.854487 0.650962 0.870513 0.640705
0 0.661538 0.6125 0.662821 0.645833 0.663462 0.677885 0.6551279999999999 0.657372 0.64359 0.676603 0.641026 0.693269 0.625 0.709936 0.608333 0.700962 0.607051 0.675321 0.592949 0.665064 0.594231 0.645833 0.6128210000000001 0.61891 0.6179490000000001 0.602244 0.6333329999999999 0.593269 0.641026 0.611218 0.647436 0.61891 0.6576919999999999 0.602244
0 0.5698719999999999 0.829167 0.5589740000000001 0.85609 0.5551280000000001 0.885577 0.559615 0.909936 0.5551280000000001 0.924038 0.542308 0.947115 0.541026 0.967628 0.540385 0.976603 0.536538 0.985577 0.516667 0.989423 0.505769 0.990705 0.48974399999999996 0.990705 0.474359 0.989423 0.45192299999999996 0.990705 0.436538 0.981731 0.414744 0.908654 0.414103 0.874038 0.40256400000000003 0.866346 0.396154 0.86891 0.38397400000000004 0.843269 0.38141 0.798397 0.40512800000000004 0.763782 0.44102600000000003 0.759936 0.46794899999999995 0.775321 0.501282 0.775321 0.535256 0.788141 0.5467949999999999 0.779167 0.560256 0.825321
0 0.249359 0.730449 0.263462 0.803526 0.27756400000000003 0.830449 0.27820500000000004 0.853526 0.264744 0.894551 0.292308 0.911218 0.32564099999999996 0.926603 0.34487199999999996 0.966346 0.355128 0.989423 0.353205 0.993269 0.208333 0.990705 0.20320499999999997 0.972756 0.18076899999999996 0.954808 0.17179500000000003 0.943269 0.15705100000000005 0.920192 0.14871800000000002 0.907372 0.13653800000000005 0.890705 0.13397400000000004 0.81891 0.14935900000000002 0.795833 0.166026 0.781731 0.18269199999999997 0.784295 0.20192299999999996 0.772756 0.212179 0.747115 0.212179 0.731731 0.20640999999999998 0.684295 0.21666700000000005 0.734295 0.23974399999999996 0.729167
0 0.023718000000000017 0.508654 0.03717899999999996 0.516346 0.05384599999999995 0.543269 0.05448699999999995 0.576603 0.03397399999999995 0.593269 0.014102999999999977 0.577885 0.002082999999999946 0.545833 0.006410000000000027 0.525321
0 0.06410300000000002 0.334295 0.06410300000000002 0.366346 0.07371799999999995 0.411218 0.07820499999999997 0.463782 0.07435899999999995 0.493269 0.05705099999999996 0.517628 0.04359000000000002 0.498397 0.03141000000000005 0.434295 0.030769000000000046 0.416346 0.01730799999999999 0.400962 0.016666999999999987 0.366346 0.04423100000000002 0.340705
0 0.09423099999999995 0.734295 0.103846 0.689423 0.11730799999999997 0.663782 0.13012800000000002 0.690705 0.142308 0.730449 0.15064100000000002 0.757372 0.13782099999999997 0.786859 0.13205100000000003 0.804808 0.10897400000000002 0.845833 0.09038500000000005 0.872756 0.07435899999999995 0.881731 0.04871800000000004 0.861218 0.02692300000000003 0.8125 0.03461499999999995 0.761218 0.07884599999999997 0.748397 0.087179 0.736859 0.09551299999999996 0.720192
0 0.635256 0.907372 0.641667 0.945833 0.630128 0.971474 0.642308 0.995833 0.623718 0.998397 0.608974 0.985577 0.586538 0.952244 0.5878209999999999 0.899679 0.5948720000000001 0.889423 0.608974 0.920192 0.6128210000000001 0.922756 0.628846 0.903526