0 0.40512800000000004 0.30609 0.44102600000000003 0.324038 0.460256 0.348397 0.460256 0.394551 0.454487 0.444551 0.42371800000000004 0.463782 0.400641 0.448397 0.38333300000000003 0.485577 0.42628200000000005 0.508654 0.440385 0.522756 0.440385 0.535577 0.41217899999999996 0.541987 0.391026 0.567628 0.378846 0.620192 0.41217899999999996 0.711218 0.373718 0.807372 0.349359 0.809936 0.31859000000000004 0.85609 0.312821 0.889423 0.291667 0.907372 0.24294899999999997 0.86891 0.22564099999999998 0.799679 0.20192299999999996 0.754808 0.18140999999999996 0.703526 0.17564100000000005 0.670192 0.18910300000000002 0.591987 0.22307699999999997 0.524038 0.264744 0.479167 0.28653799999999996 0.471474 0.30192300000000005 0.509936 0.31666700000000003 0.494551 0.29935900000000004 0.440705 0.271154 0.411218 0.26089700000000005 0.376603 0.267949 0.333013 0.28461499999999995 0.316346 0.32435899999999995 0.341987 0.354487 0.340705 0.374359 0.377885 0.38333300000000003 0.339423 0.378205 0.30609 0.38205100000000003 0.281731 0.388462 0.274038 0.40512800000000004 0.2625
0 0.475 0.574038 0.46794899999999995 0.626603 0.46858999999999995 0.641987 0.47243599999999997 0.677885 0.457051 0.698397 0.44230800000000003 0.704808 0.41859 0.707372 0.41217899999999996 0.680449 0.42179500000000003 0.636859 0.414103 0.593269 0.41153799999999996 0.56891 0.460897 0.539423 0.477564 0.559936
0 0.503205 0.830449 0.554487 0.866346 0.578846 0.888141 0.580128 0.921474 0.5685899999999999 0.991987 0.38461500000000004 0.985577 0.399359 0.897115 0.416026 0.839423 0.44359000000000004 0.848397 0.454487 0.840705
0 0.5782050000000001 0.657372 0.5903849999999999 0.715064 0.613462 0.7125 0.65 0.80609 0.626923 0.825321 0.598077 0.794551 0.569231 0.748397 0.5538460000000001 0.720192 0.54359 0.680449 0.544231 0.649679 0.571795 0.658654
0 0.885897 0.477885 0.921795 0.493269 0.919872 0.540705 0.9096150000000001 0.598397 0.872436 0.653526 0.85641 0.672756 0.8448720000000001 0.695833 0.812821 0.639423 0.830128 0.577885 0.837179 0.50609 0.846154 0.480449 0.869231 0.480449
0 0.09743599999999997 0.630449 0.086538 0.677885 0.07884599999999997 0.715064 0.059614999999999974 0.748397 0.042949000000000015 0.76891 0.030128000000000044 0.780449 0.004487000000000019 0.799679 0.006410000000000027 0.597115 0.019872 0.65609 0.027564000000000033 0.658654 0.04230800000000001 0.634295 0.060255999999999976 0.643269 0.07307699999999995 0.616346 0.084615 0.60609 0.09294899999999995 0.615064
0 0.17564100000000005 0.407372 0.17564100000000005 0.450962 0.17500000000000004 0.491987 0.15448700000000004 0.502244 0.13782099999999997 0.497115 0.125 0.458654 0.13205100000000003 0.41891 0.15512800000000004 0.400962 0.166667 0.407372
0 0.869872 0.834295 0.912821 0.858654 0.930128 0.885577 0.897436 0.958654 0.869872 0.948397 0.8435900000000001 0.916346 0.828846 0.884295 0.8230770000000001 0.845833 0.83141 0.815064 0.851923 0.822756
0 0.7801279999999999 0.680449 0.790385 0.733013 0.797436 0.771474 0.785256 0.808654 0.771795 0.803526 0.751282 0.813782 0.733333 0.753526 0.760256 0.713782
0 0.808974 0.894551 0.820513 0.938141 0.825 0.954808 0.825 0.977885 0.823718 0.990705 0.75 0.988141 0.7826919999999999 0.920192 0.798718 0.895833
0 0.09551299999999996 0.885577 0.13974399999999998 0.897115 0.15641000000000005 0.924038 0.17500000000000004 0.988141 0.035255999999999954 0.981731 0.02884600000000004 0.916346 0.047436000000000034 0.904808 0.06987200000000005 0.888141 0.07884599999999997 0.888141
0 0.560897 0.422756 0.604487 0.466346 0.61859 0.483013 0.628846 0.534295 0.5891029999999999 0.511218 0.572436 0.520192 0.5371790000000001 0.476603 0.536538 0.439423
0 0.996154 0.459936 0.965385 0.45609 0.947436 0.479167 0.947436 0.499679 0.975 0.538141 0.976923 0.566346 0.978846 0.603526 0.985897 0.629167 0.998077 0.638141
0 0.969231 0.057372 0.969231 0.124038 0.971154 0.163782 0.946795 0.184295 0.930769 0.220192 0.874359 0.235577 0.865385 0.239423 0.865385 0.1625 0.864744 0.136859 0.89359 0.133013 0.9269229999999999 0.100962 0.94359 0.084295 0.93141 0.045833 0.940385 0.026603
0 0.767308 0.049679 0.795513 0.081731 0.808974 0.122756 0.791026 0.166346 0.755128 0.171474 0.730769 0.167628 0.7166669999999999 0.126603 0.712179 0.086859 0.738462 0.052244 0.757051 0.050962
0 0.005128000000000021 0.293269 0.008333000000000035 0.347115 0.016025999999999985 0.388141 0.03141000000000005 0.397115 0.04615400000000003 0.399679 0.05705099999999996 0.422756 0.042949000000000015 0.454808 0.004487000000000019 0.525321