0 0.483974 0.039423 0.477564 0.138141 0.505769 0.231731 0.500641 0.300962 0.482692 0.404808 0.455128 0.357372 0.38717900000000005 0.339423 0.352564 0.257372 0.30640999999999996 0.15609 0.271154 0.007372 0.47307699999999997 0.009936
0 0.741026 0.008654 0.755128 0.061218 0.779487 0.093269 0.783974 0.163782 0.750641 0.190705 0.6583330000000001 0.265064 0.621795 0.286859 0.6179490000000001 0.231731 0.623718 0.186859 0.605769 0.100962 0.61859 0.00609
0 0.942949 0.009936 0.9064099999999999 0.0625 0.938462 0.070192 0.925641 0.16891 0.898077 0.190705 0.860897 0.150962 0.8006409999999999 0.10609 0.794872 0.007372
0 0.997436 0.317628 0.963462 0.317628 0.961538 0.279167 0.911538 0.229167 0.898718 0.229167 0.885256 0.244551 0.880128 0.289423 0.874359 0.353526 0.88141 0.417628 0.903846 0.41891 0.929487 0.416346 0.937821 0.413782 0.951923 0.445833 0.996795 0.449679
0 0.710897 0.302244 0.735897 0.398397 0.6801280000000001 0.398397 0.705128 0.465064 0.678205 0.580449 0.690385 0.620192 0.733974 0.647115 0.782051 0.754808 0.7378210000000001 0.754808 0.687821 0.744551 0.629487 0.731731 0.5916669999999999 0.803526 0.579487 0.849679 0.548718 0.816346 0.553205 0.771474 0.542308 0.674038 0.544231 0.645833 0.5589740000000001 0.583013 0.5660259999999999 0.536859 0.607051 0.393269 0.6320509999999999 0.316346 0.6551279999999999 0.322756 0.666667 0.30609 0.705128 0.290705
0 0.38333300000000003 0.430449 0.379487 0.484295 0.375641 0.547115 0.380769 0.575321 0.40384600000000004 0.608654 0.43333299999999997 0.577885 0.494231 0.598397 0.519872 0.620192 0.513462 0.644551 0.5096149999999999 0.720192 0.47051299999999996 0.811218 0.44935899999999995 0.808654 0.42115400000000003 0.726603 0.400641 0.665064 0.34230799999999995 0.621474 0.30833299999999997 0.598397 0.30000000000000004 0.547115 0.30576899999999996 0.502244 0.31987200000000005 0.461218 0.359615 0.402244
0 0.17051300000000003 0.393269 0.18333299999999997 0.439423 0.18589699999999998 0.497115 0.18205099999999996 0.513782 0.14038499999999998 0.536859 0.13269200000000003 0.552244 0.11474399999999996 0.554808 0.09871799999999997 0.530449 0.10897400000000002 0.45609 0.13333300000000003 0.421474 0.14935900000000002 0.386859
0 0.14807700000000001 0.015064 0.17051300000000003 0.061218 0.17756400000000006 0.088141 0.16987200000000002 0.120192 0.16217899999999996 0.141987 0.147436 0.140705 0.12948700000000002 0.133013 0.123718 0.086859 0.126923 0.007372 0.14102599999999998 0.002244
0 0.030128000000000044 0.00609 0.033332999999999946 0.036859 0.07179500000000005 0.045833 0.08333299999999999 0.083013 0.08269199999999999 0.129167 0.06474400000000002 0.197115 0.060255999999999976 0.216346 0.003846000000000016 0.339423 0.0032050000000000134 0.00609
0 0.10192299999999999 0.589423 0.10705100000000001 0.615064 0.126923 0.617628 0.13910299999999998 0.615064 0.15769200000000005 0.708654 0.15961499999999995 0.720192 0.142308 0.758654 0.127564 0.793269 0.12243599999999999 0.799679 0.10320499999999999 0.811218 0.08333299999999999 0.8125 0.060255999999999976 0.793269 0.05705099999999996 0.758654 0.059614999999999974 0.707372 0.06602600000000003 0.650962 0.06538500000000003 0.584295 0.07884599999999997 0.590705
0 0.99359 0.895833 0.983333 0.865064 0.964103 0.831731 0.932692 0.817628 0.894872 0.815064 0.892308 0.840705 0.912821 0.874038 0.934615 0.933013 0.944231 0.991987 0.996154 0.993269 0.996795 0.9125
0 0.911538 0.959936 0.917949 0.934295 0.908974 0.941987 0.866026 0.941987 0.859615 0.941987 0.846795 0.908654 0.817949 0.903526 0.8 0.897115 0.790385 0.908654 0.8 0.935577 0.809615 0.9625 0.809615 0.995833 0.919872 0.994551
0 0.24294899999999997 0.975321 0.19102600000000003 0.926603 0.18140999999999996 0.899679 0.144872 0.889423 0.13269200000000003 0.897115 0.10256399999999999 0.908654 0.10705100000000001 0.993269 0.24102599999999996 0.993269