0 0.29359 0.071474 0.30769199999999997 0.099679 0.32692299999999996 0.104808 0.32179500000000005 0.145833 0.32499999999999996 0.175321 0.348718 0.167628 0.359615 0.172756 0.351923 0.2125 0.354487 0.234295 0.36217900000000003 0.238141 0.355128 0.285577 0.337179 0.290705 0.310256 0.270192 0.29679500000000003 0.252244 0.28205100000000005 0.257372 0.265385 0.274038 0.23846199999999995 0.329167 0.21794899999999995 0.331731 0.18974400000000002 0.317628 0.17756400000000006 0.3125 0.17243600000000003 0.261218 0.18846200000000002 0.189423 0.20576899999999998 0.190705 0.21666700000000005 0.158654 0.210256 0.126603 0.209615 0.107372 0.22371799999999997 0.097115 0.23141 0.102244 0.23974399999999996 0.111218 0.25897400000000004 0.091987 0.25769200000000003 0.063782 0.27756400000000003 0.080449 0.28653799999999996 0.084295
0 0.603205 0.263782 0.607051 0.297115 0.607051 0.335577 0.598718 0.367628 0.5935900000000001 0.4125 0.585256 0.431731 0.5673079999999999 0.444551 0.5506409999999999 0.4625 0.5301279999999999 0.466346 0.51859 0.461218 0.5121789999999999 0.422756 0.51859 0.380449 0.5121789999999999 0.339423 0.521154 0.30609 0.540385 0.261218 0.540385 0.238141 0.566667 0.25609 0.592949 0.247115
0 0.798718 0.36891 0.8051280000000001 0.398397 0.821795 0.404808 0.828846 0.444551 0.816667 0.475321 0.817308 0.491987 0.820513 0.509936 0.809615 0.535577 0.796154 0.550962 0.791026 0.55609 0.786538 0.558654 0.786538 0.574038 0.769231 0.580449 0.7608969999999999 0.571474 0.744872 0.536859 0.726923 0.520192 0.714744 0.500962 0.689744 0.503526 0.6743589999999999 0.443269 0.6717949999999999 0.434295 0.6839740000000001 0.411218 0.750641 0.390705 0.773077 0.359936
0 0.43140999999999996 0.502244 0.438462 0.535577 0.438462 0.574038 0.439744 0.591987 0.434615 0.611218 0.42179500000000003 0.627885 0.41025599999999995 0.641987 0.38461500000000004 0.649679 0.36410299999999995 0.639423 0.36410299999999995 0.604808 0.36410299999999995 0.558654 0.38269200000000003 0.535577 0.394872 0.481731 0.40256400000000003 0.493269 0.414103 0.51891 0.419872 0.499679
0 0.46730799999999995 0.757372 0.502564 0.774038 0.5108969999999999 0.781731 0.5108969999999999 0.822756 0.5096149999999999 0.863782 0.5121789999999999 0.886859 0.517308 0.908654 0.524359 0.940705 0.517308 0.949679 0.49294899999999997 0.917628 0.479487 0.95609 0.482692 0.979167 0.479487 0.997115 0.416667 0.988141 0.42307700000000004 0.926603 0.455769 0.891987 0.47051299999999996 0.871474 0.46666700000000005 0.826603 0.45641 0.794551 0.44359000000000004 0.794551 0.42756400000000006 0.821474 0.41859 0.804808 0.420513 0.771474 0.42628200000000005 0.753526 0.43397399999999997 0.752244 0.44615400000000005 0.745833
0 0.7801279999999999 0.703526 0.791026 0.731731 0.796795 0.766346 0.788462 0.790705 0.771795 0.785577 0.7416670000000001 0.76891 0.711538 0.745833 0.7 0.735577 0.6980770000000001 0.700962 0.690385 0.657372 0.673718 0.693269 0.663462 0.733013 0.64359 0.759936 0.611538 0.736859 0.5961540000000001 0.697115 0.612179 0.665064 0.642308 0.665064 0.6596150000000001 0.639423 0.6788460000000001 0.621474 0.728205 0.630449 0.748718 0.6625 0.75 0.671474 0.764103 0.672756 0.782051 0.676603 0.787821 0.695833
0 0.5589740000000001 0.600962 0.5538460000000001 0.658654 0.548718 0.675321 0.528205 0.685577 0.508974 0.674038 0.5070509999999999 0.625321 0.524359 0.597115 0.5480769999999999 0.598397
0 0.11089700000000002 0.5625 0.09551299999999996 0.594551 0.09358999999999995 0.617628 0.11538499999999996 0.627885 0.11666699999999997 0.639423 0.12179499999999999 0.754808 0.11217900000000003 0.770192 0.09679499999999996 0.793269 0.087179 0.793269 0.06282100000000002 0.770192 0.04871800000000004 0.731731 0.04423100000000002 0.704808 0.03141000000000005 0.650962 0.039744 0.620192 0.05705099999999996 0.607372 0.062178999999999984 0.597115 0.059614999999999974 0.535577 0.06089699999999998 0.50609 0.07884599999999997 0.508654 0.09038500000000005 0.529167 0.10961500000000002 0.544551
0 0.864744 0.098397 0.870513 0.150962 0.879487 0.175321 0.863462 0.225321 0.859615 0.244551 0.863462 0.274038 0.876282 0.276603 0.876923 0.303526 0.864744 0.308654 0.846154 0.308654 0.832051 0.288141 0.816667 0.258654 0.812821 0.239423 0.8038460000000001 0.247115 0.796795 0.258654 0.789103 0.259936 0.775 0.2625 0.76859 0.245833 0.775641 0.16891 0.776923 0.11891 0.787821 0.089423 0.819231 0.102244 0.853205 0.095833
0 0.994872 0.6625 0.977564 0.658654 0.973077 0.6625 0.960897 0.694551 0.951282 0.700962 0.935256 0.71891 0.930769 0.744551 0.947436 0.779167 0.955769 0.807372 0.967949 0.816346 0.973718 0.81891 0.995513 0.836859 0.998718 0.729167 0.990385 0.700962 0.996154 0.695833 0.998077 0.676603
0 0.883974 0.866346 0.897436 0.917628 0.898718 0.943269 0.891026 0.977885 0.883333 0.988141 0.8435900000000001 0.993269 0.835256 0.949679 0.835256 0.883013 0.839744 0.858654 0.851923 0.858654 0.866667 0.863782
0 0.24166699999999997 0.667628 0.248077 0.690705 0.275641 0.724038 0.271154 0.736859 0.264103 0.776603 0.270513 0.825321 0.275 0.853526 0.273718 0.875321 0.255128 0.893269 0.24423099999999998 0.921474 0.22371799999999997 0.898397 0.207692 0.854808 0.20705099999999999 0.783013 0.19935899999999995 0.735577 0.18782100000000002 0.691987 0.18397399999999997 0.66891 0.19743599999999994 0.649679 0.21730799999999995 0.65609 0.22564099999999998 0.666346