0 0.20448699999999997 0.054808 0.21923099999999995 0.107372 0.209615 0.2125 0.22499999999999998 0.275321 0.210897 0.291987 0.18205099999999996 0.317628 0.15769200000000005 0.321474 0.18397399999999997 0.240705 0.18205099999999996 0.189423 0.16987200000000002 0.157372 0.16025599999999995 0.116346 0.15833299999999995 0.088141 0.16987200000000002 0.067628 0.18269199999999997 0.052244
0 0.391026 0.0125 0.379487 0.063782 0.371795 0.098397 0.349359 0.0625 0.335897 0.047115 0.311538 0.099679 0.30128200000000005 0.165064 0.276282 0.163782 0.26153800000000005 0.129167 0.25769200000000003 0.081731 0.24615399999999998 0.036859 0.23589700000000002 0.004808
0 0.060255999999999976 0.015064 0.052564000000000055 0.048397 0.04487200000000002 0.066346 0.017948999999999993 0.098397 0.010256000000000043 0.130449 0.004487000000000019 0.159936 0.001923000000000008 0.008654 0.04871800000000004 0.00609
0 0.07756399999999997 0.127885 0.10961500000000002 0.176603 0.12115399999999998 0.203526 0.125641 0.263782 0.11602599999999996 0.284295 0.08846200000000004 0.267628 0.06089699999999998 0.235577 0.028205000000000036 0.20609 0.04871800000000004 0.158654 0.06730800000000003 0.143269
0 0.17692300000000005 0.385577 0.17435900000000004 0.4125 0.19166700000000003 0.403526 0.21282100000000004 0.398397 0.26282099999999997 0.445833 0.271154 0.479167 0.28589699999999996 0.591987 0.28141000000000005 0.598397 0.269231 0.588141 0.20448699999999997 0.544551 0.18012799999999995 0.516346 0.16153799999999996 0.503526 0.13846199999999997 0.477885 0.13525600000000004 0.436859 0.145513 0.388141 0.17051300000000003 0.359936
0 0.35 0.202244 0.351923 0.226603 0.369231 0.241987 0.38525600000000004 0.250962 0.371795 0.30609 0.36794899999999997 0.311218 0.330769 0.330449 0.334615 0.302244 0.33782100000000004 0.243269 0.33974400000000005 0.2125
0 0.994872 0.124038 0.975641 0.147115 0.965385 0.197115 0.952564 0.221474 0.940385 0.227885 0.925641 0.229167 0.929487 0.172756 0.928205 0.131731 0.916667 0.116346 0.901282 0.100962 0.888462 0.009936 0.995513 0.003526
0 0.825 0.233013 0.861538 0.277885 0.839744 0.416346 0.815385 0.4125 0.808974 0.447115 0.823718 0.507372 0.812821 0.584295 0.804487 0.593269 0.773077 0.603526 0.7391030000000001 0.588141 0.723718 0.544551 0.744231 0.494551 0.7608969999999999 0.472756 0.7826919999999999 0.454808 0.765385 0.421474 0.751923 0.394551 0.7224360000000001 0.374038 0.6814100000000001 0.335577 0.696795 0.284295 0.728846 0.265064 0.748077 0.270192 0.769231 0.244551 0.817308 0.235577
0 0.666026 0.449679 0.696795 0.503526 0.709615 0.534295 0.723718 0.570192 0.711538 0.595833 0.697436 0.616346 0.6717949999999999 0.621474 0.651923 0.626603 0.6320509999999999 0.625321 0.6179490000000001 0.597115 0.620513 0.536859 0.621154 0.488141 0.641026 0.457372
0 0.998077 0.4625 0.974359 0.457372 0.957051 0.466346 0.955769 0.488141 0.927564 0.509936 0.903846 0.526603 0.885256 0.522756 0.870513 0.495833 0.888462 0.436859 0.888462 0.394551 0.9 0.371474 0.912821 0.358654 0.910897 0.327885 0.914103 0.303526 0.923718 0.308654 0.929487 0.341987 0.929487 0.384295 0.939744 0.443269 0.945513 0.452244 0.962821 0.422756 0.978205 0.390705 0.996154 0.399679
0 0.91859 0.611218 0.91859 0.633013 0.932051 0.630449 0.937821 0.625321 0.947436 0.663782 0.9480770000000001 0.670192 0.925641 0.707372 0.914744 0.744551 0.901923 0.754808 0.887821 0.76891 0.858974 0.799679 0.844231 0.80609 0.850641 0.76891 0.859615 0.758654 0.869872 0.715064 0.876923 0.693269 0.888462 0.679167 0.8871789999999999 0.659936 0.883333 0.635577 0.910256 0.621474 0.9096150000000001 0.602244 0.913462 0.595833
0 0.85641 0.847115 0.867308 0.872756 0.894872 0.879167 0.885897 0.911218 0.883333 0.933013 0.875641 0.971474 0.858974 0.961218 0.837179 0.950962 0.8243590000000001 0.945833 0.816026 0.975321 0.796795 0.958654 0.7858970000000001 0.95609 0.775 0.971474 0.765385 0.985577 0.747436 0.994551 0.6564099999999999 0.993269 0.6596150000000001 0.989423 0.687179 0.953526 0.694231 0.95609 0.703846 0.935577 0.724359 0.870192 0.732051 0.854808 0.751923 0.91891 0.764744 0.9125 0.783974 0.889423 0.787179 0.839423 0.8006409999999999 0.826603 0.808333 0.875321 0.827564 0.8625 0.846154 0.840705
0 0.6320509999999999 0.976603 0.612179 0.971474 0.599359 0.926603 0.588462 0.900962 0.559615 0.850962 0.536538 0.890705 0.514744 0.96891 0.511538 0.989423 0.6371789999999999 0.995833 0.638462 0.980449
0 0.475641 0.659936 0.42564100000000005 0.694551 0.41859 0.724038 0.40641000000000005 0.736859 0.40576900000000005 0.657372 0.420513 0.630449 0.439103 0.622756 0.462179 0.644551
0 0.44423100000000004 0.754808 0.454487 0.790705 0.44935899999999995 0.861218 0.43269199999999997 0.876603 0.417308 0.866346 0.40833299999999995 0.835577 0.412821 0.811218 0.42179500000000003 0.794551 0.43333299999999997 0.716346
0 0.267949 0.730449 0.28461499999999995 0.797115 0.29359 0.827885 0.30576899999999996 0.845833 0.312821 0.897115 0.30833299999999997 0.902244 0.289744 0.925321 0.25961500000000004 0.922756 0.23846199999999995 0.917628 0.22307699999999997 0.858654 0.23653800000000003 0.822756 0.23910299999999995 0.783013 0.24487199999999998 0.738141 0.252564 0.725321
0 0.057691999999999966 0.557372 0.07179500000000005 0.586859 0.09294899999999995 0.616346 0.09358999999999995 0.627885 0.07307699999999995 0.650962 0.06474400000000002 0.627885 0.035255999999999954 0.594551 0.02692300000000003 0.591987 0.011538000000000048 0.624038 0.005128000000000021 0.591987 0.01730799999999999 0.570192