0 0.165385 0.029167 0.17307700000000004 0.072756 0.18717899999999998 0.095833 0.209615 0.099679 0.22435899999999998 0.080449 0.232051 0.089423 0.22243599999999997 0.126603 0.20064099999999996 0.141987 0.19487200000000005 0.181731 0.18974400000000002 0.222756 0.16859000000000002 0.249679 0.14807700000000001 0.281731 0.12948700000000002 0.300962 0.08910300000000004 0.295833 0.085256 0.249679 0.07884599999999997 0.207372 0.09423099999999995 0.130449 0.11153800000000003 0.095833 0.128205 0.059936 0.11858999999999997 0.024038 0.14038499999999998 0.015064 0.15192300000000003 0.015064
0 0.09679499999999996 0.015064 0.09999999999999998 0.054808 0.083974 0.100962 0.05833299999999997 0.149679 0.04423100000000002 0.167628 0.021154000000000006 0.165064 0.00961500000000004 0.141987 0.006410000000000027 0.085577 0.008974000000000038 0.033013 0.004487000000000019 0.009936 0.02692300000000003 0.00609 0.07435899999999995 0.00609
0 0.44294900000000004 0.045833 0.42820499999999995 0.086859 0.42500000000000004 0.126603 0.439103 0.15609 0.44423100000000004 0.172756 0.474359 0.163782 0.50641 0.179167 0.526923 0.217628 0.544872 0.253526 0.5576920000000001 0.303526 0.558333 0.363782 0.5346150000000001 0.404808 0.48846199999999995 0.46891 0.46666700000000005 0.489423 0.45641 0.488141 0.42884599999999995 0.425321 0.396795 0.375321 0.35 0.294551 0.31602600000000003 0.286859 0.292949 0.286859 0.26153800000000005 0.231731 0.28076900000000005 0.174038 0.30640999999999996 0.183013 0.334615 0.195833 0.355769 0.079167 0.36410299999999995 0.041987 0.40833299999999995 0.011218 0.43269199999999997 0.008654 0.44743599999999994 0.016346
0 0.5923080000000001 0.015064 0.5769230000000001 0.047115 0.5698719999999999 0.111218 0.553205 0.131731 0.539103 0.125321 0.523077 0.077885 0.511538 0.052244 0.512821 0.027885 0.512821 0.007372
0 0.773077 0.091987 0.778846 0.145833 0.766026 0.185577 0.7608969999999999 0.239423 0.774359 0.243269 0.75 0.277885 0.75 0.288141 0.728205 0.291987 0.74359 0.324038 0.7621789999999999 0.315064 0.727564 0.391987 0.710897 0.393269 0.7 0.394551 0.683333 0.341987 0.6743589999999999 0.308654 0.7006410000000001 0.276603 0.7019230000000001 0.250962 0.689103 0.222756 0.7173080000000001 0.213782 0.7128209999999999 0.172756 0.710897 0.125321 0.745513 0.107372
0 0.942949 0.008654 0.926282 0.0625 0.91859 0.093269 0.896795 0.109936 0.873077 0.107372 0.870513 0.081731 0.870513 0.041987 0.866026 0.013782 0.85 0.003526 0.884615 0.004808
0 0.999359 0.267628 0.975 0.261218 0.957051 0.2625 0.955769 0.271474 0.952564 0.343269 0.974359 0.36891 0.976923 0.379167 0.998718 0.380449
0 0.9288460000000001 0.247115 0.9288460000000001 0.286859 0.936538 0.324038 0.921154 0.357372 0.920513 0.376603 0.898718 0.366346 0.885897 0.343269 0.857692 0.329167 0.848077 0.288141 0.839744 0.281731 0.85 0.252244 0.876282 0.263782 0.898718 0.263782
0 0.783974 0.529167 0.776923 0.565064 0.789744 0.588141 0.8243590000000001 0.586859 0.826923 0.647115 0.833333 0.667628 0.809615 0.698397 0.7993589999999999 0.720192 0.7833330000000001 0.722756 0.758974 0.726603 0.750641 0.661218 0.724359 0.680449 0.7153849999999999 0.674038 0.7166669999999999 0.649679 0.6993590000000001 0.609936 0.7141029999999999 0.559936 0.723077 0.543269 0.7378210000000001 0.529167 0.757692 0.534295 0.777564 0.508654
0 0.88141 0.493269 0.8871789999999999 0.527885 0.888462 0.571474 0.888462 0.604808 0.874359 0.636859 0.8628210000000001 0.638141 0.848718 0.609936 0.844231 0.554808 0.853846 0.500962 0.873718 0.485577
0 0.661538 0.46891 0.6608970000000001 0.5125 0.649359 0.570192 0.647436 0.579167 0.613462 0.541987 0.5948720000000001 0.520192 0.6 0.484295 0.623077 0.465064 0.641026 0.488141 0.6525639999999999 0.471474
0 0.538462 0.652244 0.5538460000000001 0.685577 0.566667 0.681731 0.544231 0.774038 0.5371790000000001 0.829167 0.514103 0.889423 0.500641 0.894551 0.47051299999999996 0.853526 0.46602600000000005 0.844551 0.437821 0.802244 0.42564100000000005 0.754808 0.40705100000000005 0.745833 0.396795 0.726603 0.40833299999999995 0.690705 0.42756400000000006 0.661218 0.47243599999999997 0.639423 0.496154 0.638141 0.525 0.65609
0 0.23717900000000003 0.590705 0.263462 0.629167 0.267949 0.670192 0.28653799999999996 0.691987 0.289744 0.734295 0.34038500000000005 0.758654 0.348718 0.799679 0.350641 0.848397 0.352564 0.877885 0.34551299999999996 0.926603 0.322917 0.995833 0.288462 0.961218 0.26089700000000005 0.935577 0.23782099999999995 0.897115 0.21474400000000005 0.858654 0.17179500000000003 0.784295 0.146795 0.748397 0.12884600000000002 0.704808 0.144231 0.661218 0.17307700000000004 0.638141 0.20064099999999996 0.638141 0.20384599999999997 0.590705 0.20192299999999996 0.550962 0.22564099999999998 0.581731
0 0.25641 0.333013 0.27820500000000004 0.347115 0.29615400000000003 0.367628 0.270513 0.40609 0.264103 0.448397 0.26153800000000005 0.485577 0.255128 0.502244 0.232051 0.503526 0.21858999999999995 0.472756 0.21858999999999995 0.438141 0.20320499999999997 0.430449 0.19743599999999994 0.415064 0.19743599999999994 0.391987 0.17948699999999995 0.415064 0.162821 0.399679 0.17820499999999995 0.366346 0.20384599999999997 0.325321 0.22564099999999998 0.299679 0.227564 0.333013
0 0.05320499999999995 0.588141 0.06730800000000003 0.604808 0.07948699999999997 0.607372 0.09999999999999998 0.550962 0.11923099999999998 0.561218 0.11410299999999995 0.649679 0.10641 0.683013 0.09294899999999995 0.726603 0.050000000000000044 0.726603 0.02692300000000003 0.694551 0.023077000000000014 0.659936 0.05192300000000005 0.615064
0 0.05833299999999997 0.197115 0.05705099999999996 0.226603 0.055127999999999955 0.259936 0.062178999999999984 0.293269 0.02692300000000003 0.277885 0.020513000000000003 0.252244 0.028205000000000036 0.226603
0 0.03141000000000005 0.3625 0.047436000000000034 0.374038 0.055127999999999955 0.404808 0.052564000000000055 0.436859 0.04935900000000004 0.447115 0.019872 0.441987 0.011538000000000048 0.425321 0.0025640000000000107 0.388141 0.019872 0.357372
0 0.637821 0.770192 0.639744 0.81891 0.645513 0.861218 0.644872 0.884295 0.639103 0.902244 0.622436 0.889423 0.61859 0.852244 0.600641 0.848397 0.5948720000000001 0.829167 0.594231 0.795833 0.580769 0.763782 0.5948720000000001 0.736859 0.616026 0.781731 0.626282 0.75609