0 0.36794899999999997 0.158654 0.415385 0.216346 0.47243599999999997 0.336859 0.458333 0.371474 0.399359 0.454808 0.380769 0.475321 0.375641 0.548397 0.38141 0.558654 0.36217900000000003 0.584295 0.310897 0.586859 0.29359 0.576603 0.27820500000000004 0.557372 0.273718 0.489423 0.31923100000000004 0.484295 0.32499999999999996 0.449679 0.29743600000000003 0.40609 0.272436 0.379167 0.250641 0.343269 0.24102599999999996 0.325321 0.210897 0.307372 0.17884599999999995 0.298397 0.15897399999999995 0.276603 0.13141000000000003 0.217628 0.13717900000000005 0.150962 0.145513 0.116346 0.19166700000000003 0.102244 0.247436 0.163782 0.28012800000000004 0.195833 0.30128200000000005 0.125321
0 0.803205 0.020192 0.8403849999999999 0.115064 0.81859 0.227885 0.852564 0.288141 0.897436 0.309936 0.9096150000000001 0.3125 0.9269229999999999 0.230449 0.941026 0.153526 0.998718 0.130449 0.996795 0.327885 0.965385 0.350962 0.944231 0.375321 0.925641 0.408654 0.875 0.490705 0.821795 0.499679 0.805769 0.479167 0.807051 0.424038 0.828846 0.372756 0.81859 0.344551 0.798718 0.307372 0.773077 0.26891 0.7608969999999999 0.233013 0.729487 0.227885 0.7173080000000001 0.243269 0.707051 0.240705 0.6961539999999999 0.186859 0.667949 0.143269 0.647436 0.089423 0.677564 0.007372 0.797436 0.008654
0 0.6358969999999999 0.249679 0.642949 0.290705 0.637821 0.350962 0.628205 0.375321 0.613462 0.395833 0.594231 0.421474 0.5903849999999999 0.453526 0.589744 0.490705 0.5878209999999999 0.503526 0.583333 0.571474 0.579487 0.599679 0.5660259999999999 0.616346 0.533974 0.613782 0.510256 0.595833 0.486538 0.522756 0.510256 0.489423 0.544872 0.467628 0.553205 0.398397 0.523077 0.425321 0.5 0.434295 0.48846199999999995 0.404808 0.54359 0.311218 0.583974 0.258654 0.608974 0.226603
0 0.862179 0.589423 0.864744 0.677885 0.862179 0.704808 0.848718 0.747115 0.832051 0.81891 0.8211539999999999 0.849679 0.788462 0.830449 0.761538 0.81891 0.741026 0.811218 0.7224360000000001 0.774038 0.696795 0.733013 0.6814100000000001 0.731731 0.666026 0.663782 0.703846 0.607372 0.751282 0.659936 0.767308 0.670192 0.7621789999999999 0.617628 0.763462 0.608654 0.801282 0.600962 0.825 0.633013 0.838462 0.597115
0 0.998718 0.599679 0.985897 0.625321 0.978846 0.638141 0.973077 0.648397 0.958333 0.616346 0.959615 0.595833 0.939744 0.611218 0.933974 0.665064 0.950641 0.675321 0.965385 0.707372 0.971154 0.727885 0.958974 0.761218 0.950641 0.786859 0.953205 0.834295 0.95641 0.863782 0.998718 0.881731
0 0.8416669999999999 0.989423 0.819231 0.949679 0.801282 0.927885 0.75 0.957372 0.735256 0.976603 0.726923 0.993269
0 0.28012800000000004 0.716346 0.330769 0.788141 0.350641 0.827885 0.329487 0.870192 0.31794900000000004 0.880449 0.295513 0.815064 0.267308 0.785577 0.267308 0.839423 0.25769200000000003 0.830449 0.248077 0.772756 0.24038499999999996 0.747115 0.270513 0.721474
0 0.11794899999999997 0.349679 0.18076899999999996 0.379167 0.15256400000000003 0.453526 0.15320500000000004 0.50609 0.11923099999999998 0.490705 0.06602600000000003 0.41891 0.085256 0.348397
0 0.11987199999999998 0.772756 0.144231 0.830449 0.147436 0.857372 0.142949 0.927885 0.12115399999999998 0.976603 0.10192299999999999 0.966346 0.09038500000000005 0.915064 0.07564099999999996 0.839423 0.07692299999999996 0.815064 0.085256 0.791987 0.11538499999999996 0.790705
0 0.08333299999999999 0.013782 0.08333299999999999 0.102244 0.087179 0.213782 0.07051300000000005 0.2125 0.048077000000000036 0.199679 0.004487000000000019 0.170192 0.0032050000000000134 0.008654 0.06923100000000004 0.008654
0 0.5769230000000001 0.022756 0.5923080000000001 0.093269 0.555769 0.143269 0.541667 0.135577 0.5096149999999999 0.095833 0.494231 0.0625 0.460256 0.076603 0.413462 0.074038 0.38397400000000004 0.007372 0.5743590000000001 0.007372
0 0.982051 0.988141 0.964744 0.975321 0.958974 0.970192 0.945513 0.953526 0.932051 0.958654 0.915385 0.984295 0.911538 0.995833 0.976923 0.997115
0 0.510256 0.903526 0.523077 0.949679 0.521795 0.966346 0.526923 0.993269 0.461538 0.997115 0.47307699999999997 0.972756 0.49294899999999997 0.921474 0.496795 0.898397
0 0.248718 0.938141 0.253205 0.948397 0.263462 0.974038 0.263462 0.994551 0.21923099999999995 0.997115 0.21923099999999995 0.980449 0.228205 0.957372 0.23589700000000002 0.944551