0 0.271795 0.015064 0.253846 0.026603 0.24166699999999997 0.045833 0.22115399999999996 0.079167 0.20576899999999998 0.113782 0.20320499999999997 0.140705 0.22564099999999998 0.167628 0.23910299999999995 0.191987 0.24294899999999997 0.208654 0.228846 0.252244 0.208333 0.274038 0.19294900000000004 0.316346 0.20128199999999996 0.371474 0.21923099999999995 0.344551 0.24166699999999997 0.302244 0.246795 0.349679 0.253846 0.344551 0.272436 0.308654 0.28269200000000005 0.340705 0.28525599999999995 0.3625 0.24551299999999998 0.474038 0.233333 0.509936 0.210256 0.520192 0.19999999999999996 0.483013 0.17948699999999995 0.507372 0.162821 0.502244 0.13910299999999998 0.483013 0.125641 0.430449 0.11794899999999997 0.397115 0.11217900000000003 0.36891 0.09294899999999995 0.317628 0.09743599999999997 0.276603 0.11410299999999995 0.243269 0.12243599999999999 0.181731 0.124359 0.1125 0.11282099999999995 0.050962 0.11666699999999997 0.008654 0.25897400000000004 0.007372
0 0.577564 0.01891 0.557051 0.085577 0.5519229999999999 0.152244 0.541667 0.197115 0.500641 0.25609 0.484615 0.261218 0.460897 0.183013 0.437179 0.124038 0.42371800000000004 0.075321 0.42115400000000003 0.004808 0.564744 0.008654
0 0.6141030000000001 0.213782 0.608333 0.258654 0.627564 0.276603 0.641026 0.261218 0.662821 0.276603 0.6756409999999999 0.338141 0.685256 0.395833 0.685256 0.425321 0.6621790000000001 0.484295 0.617308 0.507372 0.609615 0.50609 0.58141 0.493269 0.5698719999999999 0.508654 0.572436 0.557372 0.5769230000000001 0.583013 0.5551280000000001 0.670192 0.533974 0.679167 0.539744 0.631731 0.5576920000000001 0.577885 0.5538460000000001 0.538141 0.524359 0.515064 0.501923 0.477885 0.483333 0.422756 0.499359 0.386859 0.511538 0.327885 0.5288459999999999 0.284295 0.594231 0.209936
0 0.8019229999999999 0.158654 0.826923 0.207372 0.850641 0.267628 0.858974 0.294551 0.85641 0.316346 0.817949 0.353526 0.791026 0.3625 0.787179 0.363782 0.789103 0.322756 0.791026 0.279167 0.761538 0.252244 0.753846 0.198397 0.7833330000000001 0.179167
0 0.989744 0.352244 0.958974 0.3625 0.941667 0.367628 0.921154 0.372756 0.889103 0.404808 0.855128 0.426603 0.833974 0.448397 0.821795 0.488141 0.8243590000000001 0.524038 0.833974 0.543269 0.8628210000000001 0.545833 0.887821 0.55609 0.903205 0.581731 0.94359 0.6125 0.945513 0.593269 0.953846 0.539423 0.964744 0.503526 0.987821 0.454808 0.997436 0.407372 0.998718 0.354808
0 0.997436 0.541987 0.980769 0.583013 0.980128 0.631731 0.970513 0.715064 0.996795 0.736859
0 0.995513 0.767628 0.969872 0.789423 0.959615 0.802244 0.948718 0.826603 0.939103 0.843269 0.921795 0.793269 0.907051 0.789423 0.897436 0.774038 0.885897 0.745833 0.867949 0.758654 0.852564 0.772756 0.825 0.809936 0.812821 0.841987 0.7993589999999999 0.889423 0.809615 0.933013 0.820513 0.974038 0.83141 0.997115 0.866026 0.995833 0.8628210000000001 0.904808 0.873077 0.852244 0.891026 0.831731 0.896795 0.884295 0.896154 0.924038 0.891026 0.963782 0.896795 0.995833 0.942949 0.990705 0.942308 0.908654 0.958974 0.927885 0.977564 0.904808 0.998077 0.857372
0 0.746795 0.934295 0.726282 0.926603 0.7032050000000001 0.908654 0.689744 0.872756 0.686538 0.935577 0.662821 0.921474 0.635256 0.877885 0.624359 0.891987 0.622436 0.994551 0.765385 0.995833 0.760256 0.975321 0.766667 0.959936 0.767308 0.936859
0 0.13269200000000003 0.588141 0.15705100000000005 0.613782 0.18076899999999996 0.648397 0.19615400000000005 0.681731 0.20320499999999997 0.697115 0.19935899999999995 0.722756 0.19871799999999995 0.750962 0.21346200000000004 0.831731 0.228846 0.859936 0.26089700000000005 0.881731 0.28525599999999995 0.885577 0.28333299999999995 0.993269 0.10192299999999999 0.994551 0.10128199999999998 0.936859 0.10064099999999998 0.8625 0.09615399999999996 0.815064 0.085256 0.788141 0.086538 0.749679 0.10064099999999998 0.703526 0.10705100000000001 0.674038 0.12243599999999999 0.622756
0 0.03653799999999996 0.411218 0.050000000000000044 0.430449 0.06410300000000002 0.433013 0.07820499999999997 0.459936 0.055127999999999955 0.493269 0.04615400000000003 0.497115 0.032692000000000054 0.493269 0.0025640000000000107 0.530449 0.0032050000000000134 0.425321 0.023718000000000017 0.424038
0 0.019872 0.594551 0.04487200000000002 0.565064 0.04230800000000001 0.635577 0.04230800000000001 0.736859 0.035255999999999954 0.791987 0.028205000000000036 0.807372 0.033332999999999946 0.886859 0.03397399999999995 0.915064 0.05064100000000005 0.924038 0.06859000000000004 0.9125 0.06987200000000005 0.948397 0.06923100000000004 0.991987 0.0032050000000000134 0.994551 0.0025640000000000107 0.609936 0.013461999999999974 0.608654