0 0.24358999999999997 0.013782 0.252564 0.053526 0.23397400000000002 0.098397 0.232051 0.122756 0.253846 0.238141 0.26025600000000004 0.254808 0.28141000000000005 0.26891 0.28141000000000005 0.297115 0.249359 0.325321 0.23910299999999995 0.385577 0.230769 0.403526 0.19102600000000003 0.40609 0.162821 0.409936 0.13782099999999997 0.394551 0.11923099999999998 0.363782 0.10961500000000002 0.303526 0.13974399999999998 0.307372 0.15641000000000005 0.294551 0.15641000000000005 0.263782 0.14102599999999998 0.222756 0.15384600000000004 0.202244 0.167308 0.193269 0.18333299999999997 0.194551 0.17820499999999995 0.159936 0.16089699999999996 0.129167 0.15961499999999995 0.094551 0.14871800000000002 0.091987 0.128205 0.071474 0.11346199999999995 0.0625 0.11153800000000003 0.044551 0.11282099999999995 0.033013 0.11282099999999995 0.003526 0.23653800000000003 0.004808
0 0.55 0.022756 0.5589740000000001 0.050962 0.565385 0.076603 0.582692 0.117628 0.617308 0.147115 0.622436 0.154808 0.630128 0.180449 0.639744 0.225321 0.650641 0.302244 0.645513 0.347115 0.623077 0.422756 0.5974360000000001 0.541987 0.560256 0.558654 0.542308 0.495833 0.541026 0.461218 0.539744 0.421474 0.535256 0.335577 0.533974 0.327885 0.51859 0.343269 0.510256 0.370192 0.486538 0.435577 0.457692 0.447115 0.44679500000000005 0.425321 0.45128199999999996 0.371474 0.438462 0.330449 0.42435900000000004 0.320192 0.417308 0.267628 0.45320499999999997 0.217628 0.480128 0.200962 0.516026 0.180449 0.5326919999999999 0.150962 0.526923 0.122756 0.512821 0.102244 0.49038499999999996 0.077885 0.48974399999999996 0.031731 0.501923 0.015064 0.530769 0.013782
0 0.439744 0.022756 0.417949 0.053526 0.40961499999999995 0.094551 0.44102600000000003 0.131731 0.42371800000000004 0.165064 0.40384600000000004 0.171474 0.375641 0.125321 0.36474399999999996 0.081731 0.35 0.098397 0.370513 0.259936 0.34487199999999996 0.276603 0.29935900000000004 0.221474 0.292308 0.202244 0.29871800000000004 0.147115 0.32435899999999995 0.113782 0.310256 0.076603 0.30576899999999996 0.027885 0.30448699999999995 0.007372 0.44230800000000003 0.003526
0 0.935256 0.00609 0.939103 0.039423 0.947436 0.075321 0.958974 0.109936 0.965385 0.172756 0.946154 0.272756 0.916026 0.290705 0.887821 0.25609 0.860897 0.204808 0.835256 0.181731 0.819231 0.159936 0.816667 0.122756 0.789103 0.083013 0.7846150000000001 0.043269 0.7846150000000001 0.003526
0 0.09935899999999998 0.017628 0.09615399999999996 0.039423 0.08012799999999998 0.063782 0.030128000000000044 0.029167 0.026282000000000028 0.007372 0.08782100000000004 0.00609
0 0.023718000000000017 0.180449 0.026282000000000028 0.239423 0.019230999999999998 0.285577 0.01474399999999998 0.329167 0.02692300000000003 0.363782 0.03205100000000005 0.407372 0.04230800000000001 0.434295 0.040385000000000004 0.480449 0.04102600000000001 0.520192 0.040385000000000004 0.541987 0.016666999999999987 0.580449 0.003846000000000016 0.603526 0.005128000000000021 0.181731
0 0.24551299999999998 0.649679 0.269231 0.691987 0.28461499999999995 0.741987 0.287821 0.766346 0.276282 0.789423 0.22628199999999998 0.791987 0.19615400000000005 0.753526 0.17820499999999995 0.721474 0.20576899999999998 0.670192 0.22628199999999998 0.639423
0 0.512821 0.590705 0.522436 0.667628 0.5333330000000001 0.698397 0.541026 0.745833 0.526282 0.788141 0.499359 0.772756 0.47243599999999997 0.748397 0.46346200000000004 0.703526 0.46410300000000004 0.666346 0.485897 0.625321
0 0.88141 0.325321 0.892949 0.381731 0.891667 0.393269 0.877564 0.439423 0.863462 0.443269 0.846795 0.395833 0.845513 0.35609 0.850641 0.320192 0.8641030000000001 0.308654
0 0.7391030000000001 0.121474 0.761538 0.131731 0.76859 0.170192 0.748718 0.204808 0.733333 0.180449 0.725641 0.170192 0.725641 0.134295
0 0.7801279999999999 0.693269 0.8006409999999999 0.726603 0.794231 0.820192 0.789103 0.830449 0.757051 0.853526 0.7128209999999999 0.888141 0.6814100000000001 0.90609 0.673718 0.848397 0.6980770000000001 0.774038 0.727564 0.744551 0.752564 0.724038 0.765385 0.702244
0 0.44166700000000003 0.608654 0.40897399999999995 0.649679 0.41153799999999996 0.690705 0.40833299999999995 0.739423 0.38525600000000004 0.779167 0.354487 0.720192 0.350641 0.704808 0.350641 0.670192 0.373718 0.600962 0.38461500000000004 0.572756 0.43140999999999996 0.600962
0 0.458333 0.836859 0.475641 0.840705 0.46346200000000004 0.872756 0.478205 0.897115 0.494231 0.922756 0.495513 0.984295 0.44166700000000003 0.991987 0.42628200000000005 0.926603 0.42179500000000003 0.852244 0.439103 0.843269
0 0.005769000000000024 0.715064 0.027564000000000033 0.740705 0.023718000000000017 0.807372 0.0025640000000000107 0.85609 0.0025640000000000107 0.729167