0 0.11538499999999996 0.013782 0.10833300000000001 0.099679 0.128205 0.153526 0.17500000000000004 0.20609 0.20384599999999997 0.233013 0.208333 0.271474 0.17179500000000003 0.380449 0.142308 0.435577 0.13012800000000002 0.475321 0.086538 0.570192 0.085897 0.580449 0.0032050000000000134 0.645833 0.0012820000000000054 0.008654 0.103846 0.00609
0 0.266026 0.548397 0.29615400000000003 0.581731 0.34807699999999997 0.583013 0.40448700000000004 0.585577 0.417949 0.603526 0.40641000000000005 0.659936 0.398077 0.724038 0.392308 0.757372 0.38525600000000004 0.777885 0.32756399999999997 0.744551 0.30064100000000005 0.739423 0.275641 0.740705 0.264744 0.752244 0.25 0.776603 0.26089700000000005 0.824038 0.28269200000000005 0.839423 0.289103 0.884295 0.272436 0.96891 0.230128 0.940705 0.21794899999999995 0.903526 0.20064099999999996 0.861218 0.19551300000000005 0.733013 0.20128199999999996 0.715064 0.208333 0.644551 0.21474400000000005 0.585577 0.21666700000000005 0.5625 0.24358999999999997 0.554808 0.25961500000000004 0.553526
0 0.309615 0.315064 0.33782100000000004 0.348397 0.358974 0.393269 0.36217900000000003 0.404808 0.349359 0.470192 0.352564 0.51891 0.34230799999999995 0.526603 0.32564099999999996 0.511218 0.32307699999999995 0.475321 0.30512799999999995 0.438141 0.28269200000000005 0.409936 0.270513 0.347115 0.28589699999999996 0.309936
0 0.455128 0.445833 0.5083329999999999 0.472756 0.48782099999999995 0.559936 0.486538 0.589423 0.47243599999999997 0.597115 0.44487200000000005 0.583013 0.42692300000000005 0.581731 0.41153799999999996 0.576603 0.401282 0.539423 0.396154 0.511218 0.40448700000000004 0.491987 0.42884599999999995 0.45609 0.44871799999999995 0.447115
0 0.496795 0.648397 0.526923 0.671474 0.544231 0.708654 0.571795 0.752244 0.5974360000000001 0.800962 0.6179490000000001 0.831731 0.635256 0.891987 0.6333329999999999 0.911218 0.619872 0.990705 0.570513 0.991987 0.575 0.933013 0.535256 0.921474 0.5108969999999999 0.871474 0.49038499999999996 0.839423 0.475 0.804808 0.460897 0.697115 0.46602600000000005 0.677885 0.478846 0.650962
0 0.80641 0.461218 0.826282 0.479167 0.845513 0.471474 0.839744 0.571474 0.830128 0.581731 0.801282 0.538141 0.792949 0.50609 0.796795 0.470192
0 0.997436 0.665064 0.991026 0.670192 0.973077 0.666346 0.960256 0.638141 0.944872 0.641987 0.935897 0.690705 0.917949 0.699679 0.900641 0.704808 0.870513 0.667628 0.862179 0.790705 0.863462 0.797115 0.862179 0.838141 0.864744 0.858654 0.887821 0.839423 0.89359 0.831731 0.896795 0.850962 0.894872 0.888141 0.884615 0.921474 0.896795 0.945833 0.917949 0.929167 0.945513 0.893269 0.978846 0.838141 0.998077 0.839423
0 0.997436 0.015064 0.935256 0.020192 0.910256 0.024038 0.860897 0.030449 0.844231 0.06891 0.862179 0.129167 0.830128 0.204808 0.850641 0.261218 0.872436 0.281731 0.899359 0.270192 0.912179 0.303526 0.933974 0.289423 0.946154 0.248397 0.942308 0.195833 0.941667 0.172756 0.996795 0.141987
0 0.15512800000000004 0.807372 0.15641000000000005 0.834295 0.15576900000000005 0.872756 0.16987200000000002 0.9125 0.18012799999999995 0.920192 0.21282100000000004 0.991987 0.11794899999999997 0.990705 0.11794899999999997 0.950962 0.127564 0.913782 0.13333300000000003 0.898397 0.13333300000000003 0.879167 0.12307699999999999 0.850962 0.11858999999999997 0.802244 0.12884600000000002 0.789423 0.15320500000000004 0.789423
0 0.562179 0.015064 0.6 0.059936 0.5673079999999999 0.11891 0.529487 0.15609 0.514744 0.121474 0.526282 0.06891 0.535256 0.034295 0.519872 0.00609 0.555769 0.003526
0 0.723718 0.641987 0.735897 0.652244 0.7166669999999999 0.693269 0.7 0.685577 0.6993590000000001 0.641987 0.7128209999999999 0.630449