0 0.22371799999999997 0.017628 0.230769 0.065064 0.24551299999999998 0.074038 0.265385 0.06891 0.273077 0.090705 0.271154 0.136859 0.269872 0.153526 0.271154 0.16891 0.267308 0.172756 0.230128 0.170192 0.19679500000000005 0.170192 0.166667 0.1625 0.15448700000000004 0.122756 0.15576900000000005 0.083013 0.14359 0.035577 0.139583 0.0 0.22051299999999996 0.002244
0 0.43140999999999996 0.003526 0.440385 0.030449 0.439744 0.065064 0.43140999999999996 0.080449 0.40256400000000003 0.099679 0.4 0.127885 0.379487 0.107372 0.36474399999999996 0.091987 0.32692299999999996 0.098397 0.32115400000000005 0.127885 0.31666700000000003 0.172756 0.315385 0.216346 0.34807699999999997 0.221474 0.369231 0.220192 0.38333300000000003 0.221474 0.397436 0.221474 0.414744 0.220192 0.438462 0.2125 0.45320499999999997 0.220192 0.46346200000000004 0.220192 0.473718 0.204808 0.48141 0.177885 0.48910299999999995 0.167628 0.522436 0.143269 0.529487 0.140705 0.546154 0.153526 0.5711539999999999 0.188141 0.5916669999999999 0.181731 0.596795 0.166346 0.6 0.143269 0.598077 0.125321 0.5878209999999999 0.121474 0.582692 0.095833 0.585256 0.057372 0.584615 0.0125 0.567949 0.0125 0.544872 0.003526
0 0.07371799999999995 0.183013 0.06474400000000002 0.176603 0.057691999999999966 0.136859 0.05064100000000005 0.135577 0.04230800000000001 0.147115 0.02179500000000001 0.148397 0.002082999999999946 0.158333 0.002082999999999946 0.195833 0.0070510000000000295 0.233013 0.0032050000000000134 0.41891 0.02884600000000004 0.420192 0.04230800000000001 0.388141 0.04487200000000002 0.36891 0.062178999999999984 0.348397 0.07499999999999996 0.317628 0.07628199999999996 0.272756 0.06346200000000002 0.243269 0.06602600000000003 0.208654
0 0.23589700000000002 0.245833 0.248077 0.267628 0.246795 0.297115 0.23974399999999996 0.334295 0.23141 0.366346 0.21987199999999996 0.395833 0.208974 0.40609 0.18974400000000002 0.4625 0.166026 0.490705 0.14935900000000002 0.488141 0.13461500000000004 0.459936 0.10064099999999998 0.430449 0.09294899999999995 0.386859 0.10897400000000002 0.375321 0.12179499999999999 0.390705 0.15576900000000005 0.41891 0.18589699999999998 0.417628 0.19999999999999996 0.3625 0.18397399999999997 0.331731 0.18012799999999995 0.3125 0.21410300000000004 0.265064 0.22179499999999996 0.238141
0 0.312821 0.409936 0.33974400000000005 0.426603 0.34358999999999995 0.471474 0.312821 0.483013 0.31923100000000004 0.508654 0.34358999999999995 0.51891 0.34166700000000005 0.591987 0.32564099999999996 0.649679 0.32243599999999994 0.665064 0.310256 0.685577 0.290385 0.658654 0.28141000000000005 0.630449 0.267308 0.585577 0.250641 0.55609 0.26217900000000005 0.515064 0.27820500000000004 0.491987 0.28397399999999995 0.474038 0.27756400000000003 0.408654 0.27948700000000004 0.394551 0.292949 0.403526
0 0.522436 0.415064 0.522436 0.463782 0.5121789999999999 0.499679 0.480128 0.534295 0.47243599999999997 0.533013 0.458974 0.511218 0.45320499999999997 0.488141 0.485256 0.436859 0.48846199999999995 0.436859 0.507692 0.426603
0 0.47115399999999996 0.566346 0.49166699999999997 0.571474 0.505769 0.574038 0.508974 0.617628 0.5083329999999999 0.645833 0.5083329999999999 0.690705 0.5 0.744551 0.478846 0.789423 0.47179499999999996 0.798397 0.45320499999999997 0.80609 0.434615 0.76891 0.42884599999999995 0.720192 0.414103 0.670192 0.413462 0.60609 0.40705100000000005 0.583013 0.40705100000000005 0.561218 0.415385 0.552244 0.439744 0.548397 0.458974 0.550962
0 0.6583330000000001 0.404808 0.664744 0.430449 0.678205 0.433013 0.6814100000000001 0.480449 0.672436 0.521474 0.666667 0.558654 0.653205 0.565064 0.630128 0.561218 0.611538 0.565064 0.602564 0.553526 0.588462 0.51891 0.5756410000000001 0.517628 0.5660259999999999 0.504808 0.580769 0.458654 0.602564 0.431731 0.6128210000000001 0.413782 0.641667 0.400962
0 0.7801279999999999 0.480449 0.787821 0.534295 0.76859 0.577885 0.747436 0.597115 0.742308 0.565064 0.739744 0.529167 0.744872 0.509936 0.770513 0.489423
0 0.7211540000000001 0.639423 0.735256 0.66891 0.737179 0.695833 0.733333 0.730449 0.7391030000000001 0.766346 0.739744 0.776603 0.752564 0.791987 0.76859 0.809936 0.770513 0.835577 0.726282 0.850962 0.7198720000000001 0.841987 0.7032050000000001 0.859936 0.7166669999999999 0.931731 0.7198720000000001 0.944551 0.725 0.990705 0.621795 0.998397 0.644872 0.900962 0.6320509999999999 0.85609 0.6320509999999999 0.804808 0.662821 0.804808 0.667949 0.781731 0.695513 0.747115 0.689744 0.690705 0.671154 0.689423 0.6583330000000001 0.726603 0.642949 0.707372 0.650641 0.652244 0.676282 0.627885 0.707051 0.639423 0.7128209999999999 0.640705
0 0.15384600000000004 0.722756 0.20384599999999997 0.781731 0.207692 0.834295 0.208974 0.865064 0.20320499999999997 0.893269 0.164744 0.95609 0.11153800000000003 0.903526 0.09679499999999996 0.877885 0.07051300000000005 0.865064 0.08205099999999999 0.774038 0.08974400000000005 0.741987 0.10705100000000001 0.735577 0.144231 0.725321
0 0.794872 0.131731 0.819231 0.130449 0.837179 0.16891 0.833333 0.217628 0.822436 0.2625 0.8051280000000001 0.293269 0.796795 0.322756 0.786538 0.330449 0.758333 0.336859 0.74359 0.344551 0.73141 0.331731 0.7391030000000001 0.291987 0.734615 0.259936 0.732051 0.235577 0.751923 0.183013 0.761538 0.140705 0.775 0.125321
0 0.997436 0.234295 0.984615 0.25609 0.975641 0.26891 0.960897 0.272756 0.944872 0.280449 0.923077 0.299679 0.910256 0.316346 0.898718 0.336859 0.908974 0.371474 0.921795 0.386859 0.946795 0.4125 0.962821 0.433013 0.977564 0.450962 0.994872 0.485577
0 0.992949 0.575321 0.980128 0.580449 0.971795 0.563782 0.9673080000000001 0.535577 0.962821 0.516346 0.942308 0.526603 0.926282 0.515064 0.919231 0.508654 0.896154 0.503526 0.863462 0.553526 0.851282 0.558654 0.832051 0.583013 0.835256 0.6125 0.866026 0.622756 0.883974 0.620192 0.9076919999999999 0.5625 0.923718 0.575321 0.930128 0.615064 0.939744 0.644551 0.998077 0.693269
0 0.6769229999999999 0.021474 0.688462 0.074038 0.6948719999999999 0.088141 0.6948719999999999 0.117628 0.697436 0.133013 0.702564 0.167628 0.710897 0.163782 0.733333 0.147115 0.734615 0.186859 0.719231 0.199679 0.703846 0.195833 0.70641 0.225321 0.708333 0.299679 0.710256 0.31891 0.707051 0.327885 0.690385 0.327885 0.686538 0.300962 0.680769 0.208654 0.6756409999999999 0.166346 0.661538 0.117628 0.655769 0.094551 0.654487 0.041987 0.6621790000000001 0.021474
0 0.587179 0.626603 0.583333 0.702244 0.585897 0.71891 0.576282 0.759936 0.5698719999999999 0.788141 0.547436 0.786859 0.542308 0.759936 0.551282 0.697115 0.5519229999999999 0.654808 0.562179 0.631731 0.571795 0.60609
0 0.915385 0.036859 0.9269229999999999 0.081731 0.927564 0.108654 0.921154 0.131731 0.891667 0.103526 0.885256 0.093269 0.890385 0.057372 0.894872 0.034295