0 0.939103 0.004808 0.936538 0.030449 0.925641 0.061218 0.920513 0.086859 0.916667 0.104808 0.892949 0.094551 0.878205 0.074038 0.872436 0.044551 0.870513 0.002244
0 0.999359 0.253526 0.989744 0.248397 0.970513 0.231731 0.962821 0.230449 0.955769 0.235577 0.957051 0.2625 0.955769 0.274038 0.955769 0.291987 0.961538 0.31891 0.969872 0.338141 0.982051 0.358654 0.997436 0.365064
0 0.936538 0.224038 0.937179 0.259936 0.946795 0.277885 0.940385 0.298397 0.932051 0.308654 0.926282 0.339423 0.912821 0.357372 0.9083330000000001 0.3625 0.889103 0.349679 0.875 0.335577 0.864744 0.335577 0.862179 0.302244 0.851923 0.293269 0.837821 0.272756 0.841026 0.235577 0.852564 0.217628 0.866026 0.199679 0.869872 0.181731 0.876923 0.2125 0.878846 0.244551 0.892308 0.244551 0.902564 0.238141 0.926282 0.213782
0 0.775 0.083013 0.774359 0.121474 0.7801279999999999 0.171474 0.769872 0.197115 0.759615 0.224038 0.774359 0.243269 0.757692 0.25609 0.7429490000000001 0.259936 0.733974 0.281731 0.742308 0.290705 0.769231 0.280449 0.763462 0.304808 0.753846 0.333013 0.739744 0.350962 0.726282 0.365064 0.708974 0.36891 0.690385 0.348397 0.6788460000000001 0.331731 0.677564 0.290705 0.682051 0.252244 0.686538 0.241987 0.690385 0.198397 0.6948719999999999 0.1625 0.7166669999999999 0.109936 0.734615 0.080449 0.749359 0.075321 0.76859 0.081731
0 0.582051 0.009936 0.575 0.076603 0.572436 0.095833 0.540385 0.098397 0.533974 0.088141 0.519231 0.075321 0.5108969999999999 0.048397 0.501923 0.038141 0.498718 0.004808
0 0.44615400000000005 0.015064 0.42756400000000006 0.041987 0.43012799999999995 0.097115 0.44423100000000004 0.140705 0.46282100000000004 0.165064 0.480769 0.148397 0.499359 0.130449 0.516667 0.120192 0.520513 0.166346 0.528205 0.200962 0.537821 0.217628 0.544231 0.231731 0.562821 0.26891 0.571795 0.330449 0.561538 0.386859 0.5371790000000001 0.404808 0.505769 0.417628 0.482051 0.427885 0.46282100000000004 0.445833 0.43205099999999996 0.377885 0.420513 0.380449 0.398718 0.338141 0.390385 0.321474 0.38525600000000004 0.284295 0.34487199999999996 0.275321 0.312179 0.240705 0.29615400000000003 0.261218 0.287821 0.241987 0.27948700000000004 0.200962 0.28525599999999995 0.166346 0.330128 0.170192 0.34551299999999996 0.103526 0.34743599999999997 0.070192 0.36410299999999995 0.00609
0 0.17371800000000004 0.029167 0.18461499999999997 0.061218 0.19423100000000004 0.076603 0.211538 0.080449 0.22051299999999996 0.053526 0.228846 0.065064 0.23846199999999995 0.090705 0.23397400000000002 0.126603 0.20448699999999997 0.126603 0.20384599999999997 0.143269 0.20640999999999998 0.175321 0.19999999999999996 0.197115 0.18461499999999997 0.2125 0.16923100000000002 0.243269 0.15064100000000002 0.261218 0.14871800000000002 0.281731 0.13205100000000003 0.280449 0.11282099999999995 0.281731 0.105128 0.288141 0.09358999999999995 0.277885 0.08782100000000004 0.245833 0.07820499999999997 0.226603 0.07115400000000005 0.197115 0.07243599999999994 0.163782 0.085256 0.130449 0.10128199999999998 0.086859 0.11794899999999997 0.076603 0.128205 0.050962 0.128205 0.020192 0.12243599999999999 0.004808 0.17435900000000004 0.00609
0 0.10128199999999998 0.00609 0.105128 0.024038 0.10961500000000002 0.040705 0.105128 0.05609 0.09935899999999998 0.070192 0.087179 0.091987 0.07307699999999995 0.098397 0.05064100000000005 0.11891 0.03205100000000005 0.131731 0.025000000000000022 0.131731 0.0032050000000000134 0.130449 0.0012820000000000054 0.007372
0 0.232051 0.308654 0.24487199999999998 0.31891 0.266667 0.331731 0.27820500000000004 0.331731 0.28717899999999996 0.321474 0.28205100000000005 0.352244 0.26217900000000005 0.365064 0.25833300000000003 0.390705 0.26217900000000005 0.422756 0.266026 0.452244 0.26025600000000004 0.475321 0.24294899999999997 0.483013 0.230769 0.490705 0.22179499999999996 0.485577 0.230128 0.458654 0.22564099999999998 0.440705 0.22051299999999996 0.426603 0.210256 0.421474 0.20128199999999996 0.454808 0.19038500000000003 0.454808 0.18397399999999997 0.445833 0.19038500000000003 0.415064 0.19807699999999995 0.404808 0.19743599999999994 0.385577 0.19359000000000004 0.383013 0.18205099999999996 0.383013 0.16923100000000002 0.379167 0.16794900000000001 0.365064 0.17948699999999995 0.354808 0.18589699999999998 0.334295 0.18782100000000002 0.294551 0.19230800000000003 0.279167 0.20576899999999998 0.267628 0.22564099999999998 0.272756
0 0.09358999999999995 0.572756 0.09423099999999995 0.581731 0.09423099999999995 0.616346 0.09358999999999995 0.647115 0.09166700000000005 0.680449 0.087179 0.704808 0.08269199999999999 0.716346 0.07243599999999994 0.729167 0.05897399999999997 0.71891 0.04935900000000004 0.689423 0.03205100000000005 0.684295 0.026282000000000028 0.659936 0.026282000000000028 0.633013 0.035255999999999954 0.621474 0.04935900000000004 0.613782 0.052564000000000055 0.572756 0.05320499999999995 0.559936 0.06410300000000002 0.583013 0.07115400000000005 0.591987 0.08012799999999998 0.567628 0.08076899999999998 0.554808 0.09038500000000005 0.554808
0 0.24358999999999997 0.571474 0.25833300000000003 0.591987 0.271154 0.649679 0.27884600000000004 0.689423 0.29871800000000004 0.734295 0.312179 0.752244 0.335897 0.785577 0.35 0.825321 0.351923 0.884295 0.33974400000000005 0.936859 0.312179 0.950962 0.28653799999999996 0.934295 0.253846 0.893269 0.232051 0.867628 0.208974 0.81891 0.17628200000000005 0.772756 0.15384600000000004 0.734295 0.13461500000000004 0.702244 0.13525600000000004 0.670192 0.14935900000000002 0.639423 0.162821 0.611218 0.19359000000000004 0.630449 0.20705099999999999 0.622756 0.20512799999999998 0.585577 0.20192299999999996 0.548397 0.209615 0.547115 0.22051299999999996 0.561218 0.23461500000000002 0.566346
0 0.54359 0.616346 0.5506409999999999 0.629167 0.562179 0.630449 0.5673079999999999 0.638141 0.572436 0.6625 0.564744 0.685577 0.559615 0.717628 0.555769 0.752244 0.542308 0.774038 0.539744 0.795833 0.538462 0.821474 0.5333330000000001 0.840705 0.526282 0.858654 0.522436 0.867628 0.512821 0.884295 0.510256 0.888141 0.49166699999999997 0.857372 0.46282100000000004 0.839423 0.45064099999999996 0.835577 0.44359000000000004 0.850962 0.44230800000000003 0.865064 0.43012799999999995 0.872756 0.42371800000000004 0.835577 0.42628200000000005 0.789423 0.42435900000000004 0.754808 0.40705100000000005 0.708654 0.398718 0.711218 0.391667 0.7125 0.372436 0.657372 0.390385 0.635577 0.414103 0.620192 0.43205099999999996 0.613782 0.44935899999999995 0.626603 0.459615 0.629167 0.46923099999999995 0.604808 0.48846199999999995 0.604808 0.507692 0.615064 0.524359 0.633013
0 0.635256 0.426603 0.639744 0.444551 0.646154 0.463782 0.655769 0.452244 0.667308 0.475321 0.653205 0.480449 0.647436 0.507372 0.646154 0.51891 0.646154 0.530449 0.641667 0.549679 0.630128 0.572756 0.61859 0.580449 0.607051 0.572756 0.608974 0.535577 0.607051 0.516346 0.5878209999999999 0.499679 0.592949 0.480449 0.6166670000000001 0.450962
0 0.788462 0.484295 0.7858970000000001 0.516346 0.792949 0.536859 0.8051280000000001 0.55609 0.826282 0.56891 0.83141 0.590705 0.828846 0.627885 0.832692 0.659936 0.808333 0.691987 0.783974 0.695833 0.76859 0.693269 0.746795 0.65609 0.726923 0.645833 0.719231 0.647115 0.7166669999999999 0.634295 0.717949 0.6125 0.705769 0.594551 0.7166669999999999 0.557372 0.725 0.531731 0.726282 0.495833 0.7391030000000001 0.476603 0.757692 0.508654 0.767949 0.479167 0.7833330000000001 0.467628
0 0.885897 0.4625 0.896795 0.481731 0.902564 0.495833 0.903205 0.513782 0.896154 0.55609 0.883333 0.585577 0.869872 0.594551 0.8628210000000001 0.602244 0.847436 0.583013 0.842949 0.524038 0.846154 0.491987 0.874359 0.479167
0 0.985897 0.900962 0.96859 0.884295 0.948718 0.885577 0.93141 0.893269 0.9 0.909936 0.896154 0.938141 0.892949 0.971474 0.891026 0.991987 0.996154 0.990705 0.998077 0.898397
0 0.7198720000000001 0.848397 0.7198720000000001 0.884295 0.7211540000000001 0.903526 0.728846 0.900962 0.7403850000000001 0.902244 0.741026 0.934295 0.733974 0.9625 0.719231 0.970192 0.707051 0.970192 0.687179 0.940705 0.6826920000000001 0.939423 0.664744 0.959936 0.647436 0.958654 0.664103 0.908654 0.662821 0.880449 0.662821 0.839423 0.6801280000000001 0.884295 0.686538 0.870192 0.710256 0.854808
0 0.6371789999999999 0.736859 0.639744 0.800962 0.642308 0.847115 0.642308 0.881731 0.626923 0.889423 0.6128210000000001 0.844551 0.596795 0.831731 0.5891029999999999 0.777885 0.582692 0.752244 0.610897 0.757372 0.621154 0.745833
0 0.633974 0.963782 0.640385 0.985577 0.641667 0.995833 0.585897 0.995833 0.588462 0.959936 0.600641 0.95609 0.621795 0.970192
0 0.06602600000000003 0.349679 0.05705099999999996 0.366346 0.05576899999999996 0.395833 0.05320499999999995 0.421474 0.021154000000000006 0.417628 0.003846000000000016 0.370192 0.012179000000000051 0.348397 0.037820999999999994 0.35609 0.05064100000000005 0.357372 0.05705099999999996 0.339423
0 0.06474400000000002 0.170192 0.05833299999999997 0.213782 0.06282100000000002 0.253526 0.08076899999999998 0.285577 0.085897 0.309936 0.06859000000000004 0.3125 0.055127999999999955 0.299679 0.052564000000000055 0.327885 0.03653799999999996 0.295833 0.033332999999999946 0.25609 0.01474399999999998 0.244551 0.015384999999999982 0.186859 0.04423100000000002 0.188141 0.05576899999999996 0.174038