0 0.998077 0.245833 0.958333 0.249679 0.953205 0.254808 0.950641 0.279167 0.925641 0.374038 0.916667 0.431731 0.912179 0.490705 0.942308 0.503526 0.961538 0.535577 0.967949 0.56891 0.996795 0.60609
0 0.904487 0.270192 0.898077 0.329167 0.889103 0.370192 0.883974 0.398397 0.867308 0.41891 0.830128 0.424038 0.81859 0.465064 0.7801279999999999 0.447115 0.8051280000000001 0.391987 0.7993589999999999 0.334295 0.798077 0.272756 0.807051 0.253526 0.854487 0.248397 0.889744 0.243269 0.9076919999999999 0.253526
0 0.7128209999999999 0.049679 0.728205 0.086859 0.742308 0.121474 0.726923 0.159936 0.7141029999999999 0.161218 0.685256 0.139423 0.684615 0.107372 0.7 0.065064
0 0.6583330000000001 0.177885 0.670513 0.21891 0.701282 0.202244 0.7166669999999999 0.2125 0.6948719999999999 0.25609 0.667308 0.290705 0.6525639999999999 0.309936 0.608974 0.290705 0.60641 0.261218 0.628205 0.200962 0.640385 0.171474
0 0.562821 0.0625 0.562179 0.140705 0.548718 0.176603 0.483974 0.241987 0.45064099999999996 0.220192 0.45641 0.181731 0.45064099999999996 0.140705 0.396795 0.094551 0.391026 0.075321 0.38461500000000004 0.004808 0.559615 0.009936
0 0.357051 0.022756 0.351923 0.06891 0.350641 0.133013 0.351923 0.170192 0.30897399999999997 0.170192 0.28205100000000005 0.16891 0.27692300000000003 0.131731 0.26217900000000005 0.086859 0.26859 0.045833 0.30512799999999995 0.007372 0.355769 0.007372
0 0.06987200000000005 0.316346 0.09935899999999998 0.303526 0.10705100000000001 0.300962 0.124359 0.334295 0.13974399999999998 0.370192 0.14359 0.399679 0.13589700000000005 0.421474 0.11282099999999995 0.436859 0.10320499999999999 0.4625 0.07948699999999997 0.495833 0.05128200000000005 0.485577 0.02243600000000001 0.463782 0.012820999999999971 0.41891 0.012179000000000051 0.377885 0.02884600000000004 0.340705 0.04230800000000001 0.330449 0.06282100000000002 0.317628
0 0.25641 0.407372 0.25833300000000003 0.440705 0.290385 0.448397 0.29359 0.474038 0.311538 0.535577 0.30769199999999997 0.566346 0.28141000000000005 0.589423 0.27820500000000004 0.611218 0.269872 0.645833 0.254487 0.671474 0.23782099999999995 0.675321 0.23141 0.679167 0.22179499999999996 0.588141 0.23397400000000002 0.549679 0.22179499999999996 0.515064 0.21666700000000005 0.475321 0.22179499999999996 0.431731 0.23717900000000003 0.41891
0 0.47307699999999997 0.440705 0.501282 0.445833 0.516667 0.457372 0.529487 0.457372 0.5346150000000001 0.472756 0.517949 0.536859 0.514103 0.558654 0.498718 0.60609 0.49230799999999997 0.609936 0.482051 0.598397 0.461538 0.554808 0.44935899999999995 0.509936 0.44807699999999995 0.466346 0.462179 0.436859
0 0.996154 0.650962 0.975641 0.639423 0.961538 0.61891 0.926282 0.611218 0.894872 0.620192 0.880128 0.644551 0.878205 0.708654 0.882692 0.726603 0.916026 0.721474 0.929487 0.721474 0.94359 0.721474 0.974359 0.724038 0.996795 0.720192
0 0.577564 0.824038 0.5769230000000001 0.849679 0.5935900000000001 0.871474 0.610256 0.898397 0.627564 0.931731 0.626923 0.963782 0.624359 0.993269 0.457051 0.991987 0.439744 0.941987 0.43076899999999996 0.899679 0.460897 0.867628 0.482051 0.877885 0.505769 0.890705 0.525 0.893269 0.536538 0.931731 0.5480769999999999 0.925321 0.559615 0.900962 0.548718 0.875321 0.541667 0.857372 0.560256 0.822756 0.566667 0.804808
0 0.10256399999999999 0.680449 0.12115399999999998 0.716346 0.11858999999999997 0.752244 0.13269200000000003 0.783013 0.13525600000000004 0.8125 0.163462 0.821474 0.18140999999999996 0.852244 0.17756400000000006 0.884295 0.18525599999999998 0.916346 0.19743599999999994 0.931731 0.21282100000000004 0.949679 0.21794899999999995 0.967628 0.21538500000000005 0.993269 0.15897399999999995 0.994551 0.15576900000000005 0.966346 0.128205 0.970192 0.10833300000000001 0.938141 0.07692299999999996 0.921474 0.05064100000000005 0.926603 0.018589999999999995 0.897115 0.006410000000000027 0.86891 0.0025640000000000107 0.625321 0.019230999999999998 0.599679 0.018589999999999995 0.626603 0.015384999999999982 0.672756 0.01474399999999998 0.703526 0.026282000000000028 0.730449 0.060255999999999976 0.720192 0.07435899999999995 0.711218 0.09166700000000005 0.690705
0 0.353205 0.947115 0.34679499999999996 0.96891 0.34551299999999996 0.993269 0.287821 0.994551 0.314103 0.959936 0.32884599999999997 0.952244 0.34615399999999996 0.934295 0.352564 0.934295