0 0.935256 0.443269 0.9 0.439423 0.875 0.407372 0.844231 0.370192 0.822436 0.3625 0.811538 0.324038 0.805769 0.274038 0.804487 0.185577 0.734615 0.152244 0.724359 0.129167 0.708974 0.202244 0.705769 0.208654 0.704487 0.2125 0.7128209999999999 0.267628 0.721795 0.281731 0.752564 0.325321 0.758974 0.354808 0.752564 0.398397 0.738462 0.416346 0.6993590000000001 0.486859 0.673718 0.541987 0.680769 0.629167 0.710256 0.609936 0.727564 0.550962 0.735897 0.557372 0.832051 0.533013 0.838462 0.548397 0.830769 0.571474 0.837179 0.603526 0.835256 0.617628 0.79359 0.650962 0.7833330000000001 0.645833 0.762821 0.686859 0.792949 0.752244 0.821795 0.765064 0.8403849999999999 0.745833 0.873718 0.747115 0.916026 0.720192 0.937821 0.708654 0.967949 0.671474 0.975 0.604808 0.997436 0.511218 0.997436 0.181731 0.984615 0.213782 0.974359 0.280449 0.965385 0.354808 0.959615 0.458654
0 0.962179 0.126603 0.949359 0.139423 0.941667 0.136859 0.93141 0.090705 0.933333 0.048397 0.939744 0.016346 0.975 0.0125 0.994231 0.026603 0.998077 0.11891
0 0.657051 0.144551 0.682051 0.193269 0.6993590000000001 0.248397 0.708333 0.279167 0.692949 0.3625 0.6814100000000001 0.384295 0.650641 0.408654 0.605769 0.424038 0.610256 0.404808 0.630128 0.341987 0.632692 0.30609 0.622436 0.249679 0.617308 0.193269 0.621154 0.170192 0.621154 0.133013 0.622436 0.117628
0 0.457692 0.103526 0.46858999999999995 0.143269 0.47115399999999996 0.165064 0.47179499999999996 0.220192 0.42307700000000004 0.220192 0.43076899999999996 0.139423 0.43012799999999995 0.100962
0 0.485897 0.276603 0.5121789999999999 0.329167 0.482051 0.393269 0.47051299999999996 0.420192 0.44743599999999994 0.393269 0.43269199999999997 0.376603 0.434615 0.329167 0.46602600000000005 0.263782 0.48141 0.266346
0 0.495513 0.474038 0.519231 0.493269 0.51859 0.516346 0.514744 0.561218 0.50641 0.679167 0.546154 0.724038 0.552564 0.726603 0.541667 0.759936 0.535256 0.775321 0.5467949999999999 0.811218 0.521795 0.790705 0.5 0.780449 0.48974399999999996 0.744551 0.44871799999999995 0.639423 0.44166700000000003 0.591987 0.454487 0.535577 0.44743599999999994 0.491987 0.44294900000000004 0.474038 0.47051299999999996 0.465064
0 0.996795 0.848397 0.989744 0.848397 0.977564 0.829167 0.944231 0.850962 0.962179 0.903526 0.962179 0.915064 0.939744 0.957372 0.930769 0.891987 0.878205 0.874038 0.838462 0.8625 0.814744 0.920192 0.823718 0.959936 0.851923 0.993269 0.994872 0.995833 0.998718 0.938141
0 0.732692 0.826603 0.735897 0.897115 0.735897 0.954808 0.714744 0.993269 0.667308 0.998397 0.640385 0.967628 0.624359 0.943269 0.608974 0.941987 0.596795 0.965064 0.586538 0.993269 0.560897 0.926603 0.540385 0.885577 0.5358970000000001 0.890705 0.533974 0.940705 0.521154 0.949679 0.495513 0.984295 0.476282 0.991987 0.46794899999999995 0.981731 0.47243599999999997 0.934295 0.475641 0.885577 0.497436 0.833013 0.5096149999999999 0.808654 0.583333 0.821474 0.647436 0.863782 0.679487 0.890705 0.7 0.865064
0 0.378205 0.453526 0.391026 0.458654 0.40769200000000005 0.5125 0.372436 0.565064 0.357051 0.579167 0.32051300000000005 0.589423 0.30448699999999995 0.585577 0.294872 0.607372 0.30448699999999995 0.697115 0.28269200000000005 0.733013 0.265385 0.770192 0.269872 0.841987 0.269231 0.904808 0.255128 0.90609 0.23141 0.875321 0.210256 0.874038 0.19487200000000005 0.841987 0.20640999999999998 0.763782 0.227564 0.707372 0.23974399999999996 0.576603 0.26089700000000005 0.591987 0.267308 0.5625 0.251923 0.541987 0.26153800000000005 0.516346 0.29807700000000004 0.491987 0.32756399999999997 0.502244 0.330769 0.500962 0.33974400000000005 0.476603 0.358333 0.445833 0.375641 0.466346
0 0.391667 0.821474 0.40961499999999995 0.847115 0.43076899999999996 0.875321 0.42820499999999995 0.941987 0.42435900000000004 0.993269 0.30064100000000005 0.995833 0.30705099999999996 0.963782 0.36794899999999997 0.908654 0.379487 0.85609
0 0.16025599999999995 0.765064 0.17051300000000003 0.789423 0.18012799999999995 0.881731 0.17115400000000003 0.902244 0.11858999999999997 0.948397 0.09615399999999996 0.903526 0.105769 0.827885 0.13076900000000002 0.776603
0 0.380128 0.724038 0.392949 0.738141 0.394872 0.749679 0.38525600000000004 0.761218 0.380128 0.766346 0.371795 0.747115
0 0.21538500000000005 0.252244 0.233333 0.335577 0.24166699999999997 0.354808 0.26025600000000004 0.388141 0.24487199999999998 0.4125 0.22435899999999998 0.421474 0.211538 0.439423 0.208974 0.470192 0.19999999999999996 0.471474 0.18782100000000002 0.457372 0.19294900000000004 0.397115 0.19743599999999994 0.359936 0.19359000000000004 0.322756 0.19166700000000003 0.259936
0 0.042949000000000015 0.358654 0.07628199999999996 0.365064 0.07628199999999996 0.425321 0.086538 0.440705 0.09423099999999995 0.441987 0.13461500000000004 0.448397 0.07243599999999994 0.516346 0.033332999999999946 0.544551 0.025641000000000025 0.563782 0.005128000000000021 0.609936 0.0025640000000000107 0.413782 0.011538000000000048 0.377885
0 0.05192300000000005 0.621474 0.09935899999999998 0.621474 0.07884599999999997 0.683013 0.07435899999999995 0.694551 0.05192300000000005 0.667628
0 0.29615400000000003 0.026603 0.274359 0.077885 0.264103 0.100962 0.23589700000000002 0.079167 0.22564099999999998 0.057372 0.21474400000000005 0.024038 0.25897400000000004 0.003526 0.287821 0.003526
0 0.105769 0.172756 0.13589700000000005 0.195833 0.15256400000000003 0.209936 0.126923 0.25609 0.11474399999999996 0.279167 0.08782100000000004 0.289423 0.084615 0.272756 0.08974400000000005 0.227885 0.09807699999999997 0.191987 0.10192299999999999 0.183013