0 0.996154 0.195833 0.951923 0.184295 0.95 0.235577 0.957051 0.333013 0.938462 0.358654 0.930769 0.283013 0.919231 0.227885 0.907051 0.172756 0.880769 0.008654 0.997436 0.007372
0 0.6538459999999999 0.154808 0.689744 0.190705 0.723718 0.348397 0.711538 0.372756 0.6621790000000001 0.367628 0.632692 0.394551 0.632692 0.35609 0.628205 0.295833 0.609615 0.185577 0.617308 0.152244 0.621795 0.145833
0 0.44487200000000005 0.298397 0.46346200000000004 0.365064 0.47051299999999996 0.40609 0.49038499999999996 0.431731 0.498077 0.471474 0.46346200000000004 0.500962 0.44871799999999995 0.522756 0.43333299999999997 0.520192 0.41859 0.476603 0.40448700000000004 0.461218 0.378846 0.431731 0.36666699999999997 0.379167 0.36217900000000003 0.289423 0.371154 0.270192 0.41217899999999996 0.300962
0 0.938462 0.422756 0.95 0.483013 0.942308 0.539423 0.912821 0.559936 0.902564 0.588141 0.887821 0.583013 0.857692 0.567628 0.853205 0.499679 0.860897 0.452244 0.896795 0.436859
0 0.915385 0.71891 0.932692 0.749679 0.946795 0.788141 0.941026 0.808654 0.939103 0.879167 0.9480770000000001 0.908654 0.949359 0.933013 0.9096150000000001 0.933013 0.880769 0.9125 0.857051 0.865064 0.863462 0.734295 0.883974 0.708654
0 0.791667 0.703526 0.789103 0.748397 0.783974 0.815064 0.791026 0.854808 0.787179 0.911218 0.741026 0.959936 0.7198720000000001 0.881731 0.7211540000000001 0.852244 0.754487 0.831731 0.741026 0.80609 0.726923 0.761218 0.744231 0.679167 0.789744 0.663782 0.8006409999999999 0.674038
0 0.6141030000000001 0.639423 0.616026 0.667628 0.632692 0.695833 0.65 0.733013 0.645513 0.771474 0.622436 0.825321 0.573718 0.849679 0.526282 0.776603 0.529487 0.699679 0.538462 0.652244 0.562179 0.624038 0.596795 0.616346
0 0.667949 0.788141 0.689103 0.833013 0.689744 0.85609 0.663462 0.911218 0.666026 0.958654 0.623077 0.985577 0.619872 0.965064 0.605769 0.933013 0.601282 0.898397 0.6320509999999999 0.824038 0.650641 0.794551
0 0.332051 0.366346 0.335897 0.4125 0.34294899999999995 0.508654 0.34358999999999995 0.550962 0.38333300000000003 0.589423 0.401282 0.629167 0.394872 0.647115 0.30769199999999997 0.672756 0.291667 0.665064 0.290385 0.584295 0.292949 0.549679 0.275641 0.507372 0.17371800000000004 0.484295 0.11346199999999995 0.466346 0.07564099999999996 0.422756 0.09102600000000005 0.340705 0.13974399999999998 0.321474 0.17692300000000005 0.36891 0.24038499999999996 0.395833 0.28717899999999996 0.374038
0 0.5576920000000001 0.025321 0.522436 0.077885 0.5 0.126603 0.499359 0.180449 0.480128 0.241987 0.45641 0.239423 0.436538 0.199679 0.392949 0.070192 0.376282 0.063782 0.34679499999999996 0.099679 0.32435899999999995 0.098397 0.31987200000000005 0.009936 0.5589740000000001 0.003526
0 0.17307700000000004 0.136859 0.19294900000000004 0.175321 0.19551300000000005 0.249679 0.15833299999999995 0.291987 0.13525600000000004 0.290705 0.13397400000000004 0.302244 0.13269200000000003 0.309936 0.10961500000000002 0.317628 0.10833300000000001 0.254808 0.09679499999999996 0.234295 0.07115400000000005 0.216346 0.06410300000000002 0.159936 0.08782100000000004 0.126603 0.164744 0.138141
0 0.032692000000000054 0.334295 0.04615400000000003 0.393269 0.060255999999999976 0.367628 0.057691999999999966 0.425321 0.05384599999999995 0.452244 0.048077000000000036 0.483013 0.028205000000000036 0.5125 0.005128000000000021 0.5125 0.003846000000000016 0.324038
0 0.27884600000000004 0.698397 0.28141000000000005 0.736859 0.31987200000000005 0.7625 0.369872 0.781731 0.357692 0.849679 0.36346199999999995 0.893269 0.33846200000000004 0.934295 0.31602600000000003 0.941987 0.267949 0.895833 0.255769 0.861218 0.26217900000000005 0.774038 0.26025600000000004 0.704808
0 0.19551300000000005 0.895833 0.20256399999999997 0.954808 0.21794899999999995 0.991987 0.11025600000000002 0.985577 0.12948700000000002 0.9125 0.141667 0.884295 0.18782100000000002 0.872756
0 0.035255999999999954 0.770192 0.05320499999999995 0.797115 0.06730800000000003 0.811218 0.06089699999999998 0.826603 0.03141000000000005 0.884295 0.03589699999999996 0.915064 0.055127999999999955 0.954808 0.047436000000000034 0.990705 0.0032050000000000134 0.979167 0.003846000000000016 0.765064 0.010897000000000046 0.783013 0.02179500000000001 0.784295
0 0.11089700000000002 0.566346 0.12179499999999999 0.615064 0.13269200000000003 0.725321 0.104487 0.754808 0.10128199999999998 0.741987 0.07628199999999996 0.729167 0.07628199999999996 0.708654 0.07756399999999997 0.639423 0.08076899999999998 0.602244 0.10320499999999999 0.5625