0 0.9083330000000001 0.111218 0.9269229999999999 0.125321 0.938462 0.079167 0.95641 0.11891 0.957692 0.172756 0.963462 0.248397 0.955769 0.272756 0.933333 0.295833 0.925641 0.30609 0.897436 0.297115 0.880769 0.275321 0.862179 0.211218 0.8628210000000001 0.166346 0.867949 0.138141 0.851923 0.121474 0.863462 0.085577 0.896154 0.108654
0 0.995513 0.459936 0.976923 0.453526 0.955769 0.447115 0.942949 0.440705 0.936538 0.408654 0.914103 0.408654 0.9083330000000001 0.475321 0.911538 0.500962 0.959615 0.530449 0.964103 0.563782 0.984615 0.565064 0.996154 0.565064
0 1.0 0.625321 0.979487 0.649679 0.971795 0.677885 0.96859 0.720192 0.978846 0.733013 0.99359 0.748397 0.997436 0.717628
0 0.8051280000000001 0.2625 0.7846150000000001 0.298397 0.771154 0.31891 0.791026 0.322756 0.810256 0.31891 0.807692 0.398397 0.797436 0.4125 0.80641 0.449679 0.812179 0.467628 0.798077 0.495833 0.792308 0.476603 0.7801279999999999 0.435577 0.76859 0.4125 0.757692 0.379167 0.734615 0.357372 0.74359 0.300962 0.727564 0.293269 0.7128209999999999 0.294551 0.712179 0.276603 0.730128 0.2625 0.754487 0.25609 0.770513 0.25609 0.783974 0.250962
0 0.925 0.65609 0.914103 0.698397 0.910256 0.750962 0.932692 0.71891 0.933974 0.740705 0.921795 0.798397 0.927564 0.847115 0.9288460000000001 0.8625 0.9 0.899679 0.891026 0.933013 0.875641 0.954808 0.848077 0.981731 0.830769 0.909936 0.854487 0.836859 0.842949 0.800962 0.822436 0.815064 0.809615 0.803526 0.807692 0.744551 0.812821 0.697115 0.8448720000000001 0.6625 0.886538 0.635577 0.873718 0.703526 0.876282 0.717628 0.9064099999999999 0.65609
0 0.727564 0.672756 0.732051 0.685577 0.746795 0.699679 0.757051 0.735577 0.757051 0.766346 0.744872 0.797115 0.735256 0.81891 0.725641 0.831731 0.7032050000000001 0.840705 0.6839740000000001 0.798397 0.662821 0.781731 0.663462 0.738141 0.667949 0.685577 0.6910259999999999 0.672756 0.698718 0.666346 0.705128 0.65609 0.7211540000000001 0.654808
0 0.6166670000000001 0.917628 0.629487 0.95609 0.629487 0.976603 0.626923 0.995833 0.536538 0.997115 0.539744 0.945833 0.540385 0.917628 0.552564 0.894551 0.589744 0.900962 0.60641 0.903526
0 0.579487 0.36891 0.5660259999999999 0.394551 0.563462 0.461218 0.559615 0.491987 0.547436 0.50609 0.526282 0.494551 0.5 0.459936 0.45641 0.452244 0.40576900000000005 0.448397 0.376282 0.429167 0.36602599999999996 0.443269 0.36282099999999995 0.463782 0.334615 0.495833 0.30769199999999997 0.50609 0.253205 0.475321 0.248077 0.370192 0.26217900000000005 0.321474 0.271154 0.271474 0.23782099999999995 0.281731 0.24166699999999997 0.243269 0.23782099999999995 0.204808 0.23397400000000002 0.134295 0.251923 0.147115 0.25769200000000003 0.176603 0.292308 0.115064 0.32499999999999996 0.091987 0.337179 0.083013 0.369872 0.054808 0.377564 0.088141 0.370513 0.148397 0.379487 0.271474 0.375641 0.334295 0.401282 0.304808 0.40833299999999995 0.180449 0.40256400000000003 0.113782 0.43205099999999996 0.136859 0.46987199999999996 0.139423 0.49294899999999997 0.145833 0.5506409999999999 0.147115 0.558333 0.186859 0.514744 0.284295 0.48910299999999995 0.281731 0.46602600000000005 0.284295 0.476282 0.329167 0.49294899999999997 0.339423 0.5326919999999999 0.345833
0 0.32499999999999996 0.643269 0.360256 0.663782 0.33141 0.711218 0.32499999999999996 0.8125 0.33910300000000004 0.847115 0.369872 0.881731 0.36282099999999995 0.909936 0.353205 0.934295 0.348718 0.965064 0.34615399999999996 0.990705 0.264103 0.990705 0.27692300000000003 0.894551 0.265385 0.786859 0.266026 0.722756 0.28333299999999995 0.684295 0.291667 0.636859 0.310897 0.633013
0 0.14038499999999998 0.503526 0.16859000000000002 0.713782 0.18461499999999997 0.739423 0.13141000000000003 0.7625 0.11025600000000002 0.699679 0.083974 0.640705 0.06474400000000002 0.633013 0.05448699999999995 0.598397 0.06410300000000002 0.552244 0.07884599999999997 0.502244 0.126282 0.498397
0 0.45128199999999996 0.707372 0.48910299999999995 0.734295 0.46602600000000005 0.788141 0.45320499999999997 0.794551 0.42628200000000005 0.735577 0.437179 0.699679
0 0.17628200000000005 0.190705 0.18974400000000002 0.248397 0.19551300000000005 0.274038 0.17051300000000003 0.308654 0.15000000000000002 0.350962 0.13589700000000005 0.363782 0.09230799999999995 0.358654 0.050000000000000044 0.377885 0.0070510000000000295 0.41891 0.0012820000000000054 0.116346 0.05384599999999995 0.153526 0.06859000000000004 0.172756 0.07435899999999995 0.185577 0.10128199999999998 0.191987 0.123718 0.195833 0.146154 0.195833 0.15448700000000004 0.195833
0 0.04615400000000003 0.621474 0.050000000000000044 0.635577 0.055127999999999955 0.671474 0.057691999999999966 0.70609 0.05384599999999995 0.71891 0.03461499999999995 0.677885 0.01730799999999999 0.611218 0.03589699999999996 0.611218
0 0.23141 0.794551 0.23589700000000002 0.865064 0.232692 0.91891 0.227564 0.96891 0.210256 0.949679 0.20320499999999997 0.874038 0.18782100000000002 0.829167 0.19871799999999995 0.775321 0.21666700000000005 0.777885