0 0.51859 0.080449 0.517949 0.130449 0.533974 0.1625 0.553205 0.186859 0.564744 0.244551 0.565385 0.291987 0.5506409999999999 0.31891 0.514103 0.370192 0.474359 0.399679 0.44615400000000005 0.367628 0.42371800000000004 0.341987 0.41217899999999996 0.321474 0.397436 0.285577 0.38717900000000005 0.25609 0.36346199999999995 0.211218 0.335897 0.191987 0.30320499999999995 0.158654 0.330128 0.095833 0.34230799999999995 0.045833 0.351282 0.007372 0.377564 0.008654 0.41025599999999995 0.008654 0.415385 0.043269 0.40897399999999995 0.100962 0.434615 0.107372 0.474359 0.093269 0.485256 0.075321 0.500641 0.072756
0 0.18525599999999998 0.022756 0.21730799999999995 0.047115 0.20705099999999999 0.089423 0.19423100000000004 0.129167 0.17179500000000003 0.170192 0.14807700000000001 0.193269 0.124359 0.220192 0.09679499999999996 0.213782 0.09038500000000005 0.174038 0.07179500000000005 0.129167 0.087179 0.089423 0.10897400000000002 0.063782 0.11474399999999996 0.035577 0.12179499999999999 0.022756 0.13782099999999997 0.007372 0.17115400000000003 0.013782
0 0.086538 0.021474 0.07371799999999995 0.041987 0.06602600000000003 0.06891 0.048077000000000036 0.071474 0.023718000000000017 0.079167 0.015384999999999982 0.075321 0.0070510000000000295 0.044551 0.006410000000000027 0.008654 0.07371799999999995 0.007372
0 0.21794899999999995 0.259936 0.28012800000000004 0.272756 0.292949 0.289423 0.264103 0.317628 0.265385 0.354808 0.267308 0.393269 0.253846 0.40609 0.229487 0.399679 0.21538500000000005 0.348397 0.20256399999999997 0.341987 0.19743599999999994 0.315064 0.18910300000000002 0.291987 0.18717899999999998 0.271474 0.20256399999999997 0.253526
0 0.48974399999999996 0.550962 0.524359 0.552244 0.547436 0.5625 0.570513 0.572756 0.5519229999999999 0.641987 0.552564 0.679167 0.553205 0.709936 0.541667 0.744551 0.529487 0.815064 0.499359 0.81891 0.462179 0.772756 0.45320499999999997 0.771474 0.44551300000000005 0.785577 0.41217899999999996 0.774038 0.41859 0.690705 0.414103 0.663782 0.394872 0.641987 0.38269200000000003 0.585577 0.42628200000000005 0.548397 0.460897 0.570192 0.476282 0.561218
0 0.24102599999999996 0.498397 0.26217900000000005 0.565064 0.26859 0.633013 0.30897399999999997 0.694551 0.34743599999999997 0.726603 0.350641 0.752244 0.34487199999999996 0.797115 0.337179 0.850962 0.332051 0.865064 0.30897399999999997 0.874038 0.30320499999999995 0.874038 0.253846 0.830449 0.23397400000000002 0.803526 0.20192299999999996 0.748397 0.19230800000000003 0.730449 0.15384600000000004 0.686859 0.14935900000000002 0.6625 0.13525600000000004 0.61891 0.146795 0.584295 0.16794900000000001 0.544551 0.20512799999999998 0.553526 0.212179 0.521474 0.20192299999999996 0.489423 0.227564 0.495833
0 0.776923 0.024038 0.789103 0.089423 0.789744 0.117628 0.769872 0.147115 0.759615 0.174038 0.757692 0.21891 0.738462 0.209936 0.753846 0.248397 0.763462 0.248397 0.735897 0.300962 0.7173080000000001 0.302244 0.692949 0.263782 0.6814100000000001 0.211218 0.696795 0.16891 0.7019230000000001 0.134295 0.70641 0.097115 0.704487 0.058654 0.7198720000000001 0.033013 0.738462 0.0125 0.76859 0.0125
0 0.9288460000000001 0.166346 0.936538 0.209936 0.942308 0.231731 0.937179 0.263782 0.917308 0.30609 0.898718 0.3125 0.855128 0.257372 0.846154 0.226603 0.8435900000000001 0.195833 0.860256 0.170192 0.898077 0.188141 0.916667 0.174038
0 0.998077 0.193269 0.987821 0.189423 0.974359 0.172756 0.961538 0.166346 0.952564 0.193269 0.951923 0.231731 0.96859 0.26891 0.976282 0.297115 0.987179 0.307372 0.998077 0.304808
0 0.76859 0.449679 0.787821 0.479167 0.819231 0.489423 0.833974 0.513782 0.833974 0.570192 0.808333 0.645833 0.795513 0.675321 0.758974 0.640705 0.750641 0.60609 0.7391030000000001 0.589423 0.723077 0.588141 0.7173080000000001 0.575321 0.719231 0.553526 0.707692 0.5125 0.7173080000000001 0.476603 0.730769 0.450962 0.738462 0.440705 0.755769 0.448397
0 0.887821 0.421474 0.896154 0.458654 0.896154 0.486859 0.888462 0.508654 0.86859 0.540705 0.857692 0.539423 0.8423080000000001 0.486859 0.851282 0.431731 0.875641 0.415064
0 0.661538 0.398397 0.650641 0.41891 0.644231 0.471474 0.625641 0.517628 0.605769 0.497115 0.6141030000000001 0.461218 0.605769 0.447115 0.5974360000000001 0.439423 0.594231 0.408654 0.612179 0.385577 0.616026 0.359936 0.644872 0.398397
0 0.639103 0.681731 0.647436 0.708654 0.645513 0.738141 0.645513 0.759936 0.64359 0.802244 0.638462 0.831731 0.6358969999999999 0.841987 0.625 0.824038 0.609615 0.766346 0.594231 0.752244 0.583333 0.674038 0.5935900000000001 0.650962 0.603205 0.672756 0.6128210000000001 0.690705 0.629487 0.674038
0 0.09038500000000005 0.50609 0.09551299999999996 0.547115 0.09358999999999995 0.616346 0.08910300000000004 0.638141 0.08076899999999998 0.653526 0.05448699999999995 0.635577 0.03717899999999996 0.620192 0.030128000000000044 0.604808 0.027564000000000033 0.594551 0.045513000000000026 0.575321 0.052564000000000055 0.530449 0.05640999999999996 0.513782 0.07371799999999995 0.540705
0 0.023718000000000017 0.277885 0.055127999999999955 0.298397 0.05576899999999996 0.320192 0.05064100000000005 0.366346 0.038461999999999996 0.372756 0.007692000000000032 0.348397 0.008333000000000035 0.308654
0 0.708333 0.793269 0.708333 0.822756 0.7185900000000001 0.830449 0.73141 0.820192 0.732692 0.839423 0.734615 0.884295 0.726923 0.909936 0.7 0.909936 0.644872 0.926603 0.640385 0.889423 0.688462 0.807372
0 0.601282 0.90609 0.646154 0.958654 0.646795 0.981731 0.641026 0.995833 0.5564100000000001 0.991987 0.5685899999999999 0.940705 0.588462 0.925321 0.589744 0.9125