0 0.012179000000000051 0.081731 0.02435900000000002 0.140705 0.038461999999999996 0.220192 0.03205100000000005 0.311218 0.02948700000000004 0.349679 0.025641000000000025 0.371474 0.02179500000000001 0.376603 0.0032050000000000134 0.395833 0.004487000000000019 0.076603
0 0.11025600000000002 0.290705 0.146154 0.26891 0.18397399999999997 0.250962 0.233333 0.257372 0.254487 0.279167 0.28012800000000004 0.308654 0.30064100000000005 0.35609 0.30192300000000005 0.372756 0.27692300000000003 0.424038 0.25961500000000004 0.472756 0.232051 0.485577 0.19423100000000004 0.457372 0.14935900000000002 0.430449 0.13076900000000002 0.408654 0.103846 0.386859 0.09743599999999997 0.365064 0.09807699999999997 0.308654
0 0.02692300000000003 0.420192 0.07115400000000005 0.453526 0.08012799999999998 0.471474 0.03141000000000005 0.522756 0.02692300000000003 0.549679 0.04102600000000001 0.589423 0.038461999999999996 0.61891 0.037820999999999994 0.672756 0.027564000000000033 0.715064 0.010897000000000046 0.770192 0.0025640000000000107 0.785577 0.0032050000000000134 0.463782 0.014102999999999977 0.472756 0.026282000000000028 0.439423
0 0.42243600000000003 0.0125 0.42692300000000005 0.047115 0.413462 0.091987 0.379487 0.104808 0.360897 0.11891 0.34487199999999996 0.129167 0.32692299999999996 0.127885 0.34230799999999995 0.097115 0.34551299999999996 0.059936 0.32371799999999995 0.026603 0.30192300000000005 0.00609 0.41089699999999996 0.007372
0 0.44423100000000004 0.076603 0.49230799999999997 0.138141 0.528205 0.208654 0.5301279999999999 0.261218 0.526282 0.375321 0.500641 0.448397 0.459615 0.450962 0.43205099999999996 0.415064 0.414744 0.352244 0.395513 0.303526 0.39359 0.267628 0.395513 0.202244 0.395513 0.16891 0.42307700000000004 0.122756 0.436538 0.093269
0 0.819231 0.0125 0.820513 0.088141 0.8230770000000001 0.145833 0.816026 0.200962 0.8198719999999999 0.259936 0.837821 0.293269 0.850641 0.317628 0.861538 0.348397 0.858974 0.358654 0.841026 0.384295 0.826923 0.403526 0.8 0.390705 0.766026 0.353526 0.751923 0.327885 0.744872 0.297115 0.757692 0.252244 0.759615 0.217628 0.744231 0.199679 0.726923 0.189423 0.714744 0.204808 0.689744 0.241987 0.6621790000000001 0.203526 0.645513 0.171474 0.6346149999999999 0.167628 0.621795 0.186859 0.619872 0.225321 0.625641 0.271474 0.6320509999999999 0.298397 0.638462 0.383013 0.627564 0.427885 0.617308 0.4625 0.598077 0.463782 0.580769 0.458654 0.572436 0.417628 0.580128 0.375321 0.540385 0.331731 0.55 0.283013 0.548718 0.235577 0.557051 0.215064 0.5878209999999999 0.141987 0.5891029999999999 0.077885 0.5903849999999999 0.048397 0.586538 0.004808 0.813462 0.00609
0 0.998077 0.076603 0.975 0.077885 0.958333 0.063782 0.95 0.015064 0.950641 0.002244 0.998077 0.002244
0 0.992949 0.483013 0.959615 0.486859 0.94359 0.489423 0.932051 0.480449 0.914744 0.461218 0.887821 0.415064 0.882051 0.411218 0.870513 0.461218 0.880128 0.529167 0.882051 0.598397 0.916667 0.597115 0.946154 0.572756 0.957692 0.576603 0.971795 0.591987 0.982051 0.554808 0.989103 0.50609
0 0.998718 0.581731 0.978205 0.635577 0.969231 0.688141 0.973718 0.743269 0.988462 0.744551 0.997436 0.736859
0 0.778846 0.888141 0.787179 0.86891 0.7858970000000001 0.838141 0.7621789999999999 0.794551 0.736538 0.784295 0.7198720000000001 0.772756 0.6961539999999999 0.783013 0.6788460000000001 0.852244 0.642949 0.852244 0.628205 0.893269 0.614744 0.967628 0.601282 0.994551 0.733333 0.995833 0.734615 0.957372 0.733333 0.90609 0.7416670000000001 0.879167 0.755769 0.898397 0.755128 0.924038 0.778846 0.948397 0.7858970000000001 0.91891
0 0.395513 0.694551 0.395513 0.734295 0.40320500000000004 0.76891 0.419872 0.771474 0.43140999999999996 0.775321 0.44294900000000004 0.759936 0.454487 0.727885 0.47243599999999997 0.727885 0.5 0.738141 0.508974 0.753526 0.498077 0.789423 0.478205 0.776603 0.46858999999999995 0.776603 0.460897 0.821474 0.459615 0.877885 0.44679500000000005 0.927885 0.438462 0.965064 0.438462 0.988141 0.40448700000000004 0.983013 0.38525600000000004 0.917628 0.36666699999999997 0.885577 0.36282099999999995 0.833013 0.36346199999999995 0.797115 0.34358999999999995 0.763782 0.33782100000000004 0.731731 0.34743599999999997 0.699679 0.33141 0.688141 0.29615400000000003 0.674038 0.30833299999999997 0.650962 0.335256 0.630449 0.360897 0.676603 0.36794899999999997 0.694551
0 0.21730799999999995 0.748397 0.248077 0.753526 0.246795 0.811218 0.24294899999999997 0.827885 0.227564 0.839423 0.22499999999999998 0.908654 0.22499999999999998 0.940705 0.22435899999999998 0.979167 0.22051299999999996 0.993269 0.20320499999999997 0.990705 0.208974 0.927885 0.210897 0.90609 0.19871799999999995 0.875321 0.17756400000000006 0.765064 0.18782100000000002 0.740705
0 0.734615 0.526603 0.734615 0.621474 0.732692 0.639423 0.707692 0.629167 0.680769 0.586859 0.6910259999999999 0.553526 0.713462 0.549679 0.7198720000000001 0.538141
0 0.585897 0.688141 0.607051 0.688141 0.604487 0.71891 0.616026 0.735577 0.625 0.724038 0.624359 0.76891 0.623077 0.793269 0.621795 0.820192 0.614744 0.789423 0.603846 0.7625 0.5769230000000001 0.750962 0.562179 0.71891 0.570513 0.700962 0.591026 0.676603