0 0.982051 0.040705 0.978205 0.109936 0.969231 0.165064 0.932051 0.222756 0.913462 0.240705 0.895513 0.280449 0.884615 0.324038 0.863462 0.347115 0.846154 0.352244 0.742308 0.344551 0.733333 0.349679 0.7141029999999999 0.348397 0.708333 0.316346 0.710897 0.230449 0.707051 0.183013 0.689103 0.1125 0.7141029999999999 0.061218 0.767308 0.067628 0.773718 0.057372 0.802564 0.007372 0.985897 0.011218
0 0.992308 0.457372 0.958974 0.398397 0.950641 0.365064 0.897436 0.377885 0.859615 0.399679 0.860256 0.465064 0.873718 0.524038 0.876923 0.529167 0.9076919999999999 0.516346 0.91859 0.516346 0.923718 0.530449 0.921154 0.575321 0.912821 0.659936 0.907051 0.689423 0.9269229999999999 0.766346 0.942308 0.848397 0.998077 0.790705 0.998077 0.480449
0 0.833974 0.480449 0.860256 0.531731 0.867949 0.688141 0.885256 0.709936 0.894231 0.71891 0.91859 0.779167 0.924359 0.833013 0.919231 0.854808 0.878846 0.844551 0.857051 0.872756 0.8403849999999999 0.950962 0.822436 0.945833 0.817308 0.844551 0.791667 0.795833 0.770513 0.777885 0.7429490000000001 0.740705 0.730769 0.675321 0.726282 0.640705 0.750641 0.626603 0.761538 0.579167 0.766667 0.508654 0.771795 0.495833 0.794231 0.491987 0.8198719999999999 0.503526
0 0.648077 0.033013 0.6320509999999999 0.076603 0.5923080000000001 0.136859 0.5916669999999999 0.175321 0.566667 0.193269 0.5371790000000001 0.222756 0.507692 0.230449 0.478205 0.208654 0.457051 0.157372 0.46474400000000005 0.098397 0.5 0.127885 0.5493589999999999 0.133013 0.542308 0.076603 0.530769 0.004808 0.639744 0.007372
0 0.677564 0.721474 0.733333 0.775321 0.789744 0.907372 0.783974 0.990705 0.591026 0.994551 0.605128 0.949679 0.5961540000000001 0.895833 0.584615 0.858654 0.586538 0.834295 0.632692 0.736859 0.648718 0.690705
0 0.628846 0.576603 0.628846 0.629167 0.63141 0.685577 0.6333329999999999 0.729167 0.616026 0.726603 0.5878209999999999 0.741987 0.5698719999999999 0.731731 0.560897 0.713782 0.560897 0.693269 0.582692 0.627885 0.601923 0.599679 0.609615 0.5625
0 0.44423100000000004 0.389423 0.46346200000000004 0.422756 0.47051299999999996 0.465064 0.46923099999999995 0.488141 0.44487200000000005 0.504808 0.43269199999999997 0.509936 0.42243600000000003 0.521474 0.414103 0.549679 0.39359 0.571474 0.38205100000000003 0.584295 0.36346199999999995 0.5625 0.376282 0.531731 0.389744 0.5125 0.396154 0.483013 0.399359 0.447115 0.401282 0.409936 0.42948699999999995 0.389423
0 0.288462 0.191987 0.335256 0.231731 0.337179 0.238141 0.30833299999999997 0.298397 0.291667 0.340705 0.27820500000000004 0.339423 0.273718 0.31891 0.25769200000000003 0.295833 0.254487 0.285577 0.251923 0.245833 0.251282 0.2125 0.24038499999999996 0.174038 0.23397400000000002 0.150962 0.233333 0.122756 0.24230799999999997 0.116346 0.26282099999999997 0.129167 0.269872 0.165064 0.274359 0.199679
0 0.31923100000000004 0.475321 0.332692 0.494551 0.36859 0.477885 0.358333 0.536859 0.335897 0.559936 0.32115400000000005 0.574038 0.30448699999999995 0.493269
0 0.43333299999999997 0.016346 0.420513 0.084295 0.419872 0.104808 0.412821 0.116346 0.36859 0.091987 0.32435899999999995 0.00609 0.42179500000000003 0.007372
0 0.11153800000000003 0.443269 0.12243599999999999 0.566346 0.12884600000000002 0.640705 0.123718 0.739423 0.10769200000000001 0.849679 0.08269199999999999 0.852244 0.05128200000000005 0.757372 0.0025640000000000107 0.781731 0.0025640000000000107 0.441987 0.013461999999999974 0.480449 0.028205000000000036 0.497115 0.052564000000000055 0.491987 0.07179500000000005 0.474038
0 0.230769 0.491987 0.248718 0.550962 0.23782099999999995 0.574038 0.21474400000000005 0.553526 0.20128199999999996 0.522756 0.18397399999999997 0.459936 0.19294900000000004 0.407372 0.209615 0.4125 0.21282100000000004 0.421474 0.22051299999999996 0.484295
0 0.272436 0.604808 0.28397399999999995 0.645833 0.287821 0.677885 0.271795 0.6625 0.266667 0.667628 0.26282099999999997 0.679167 0.246795 0.677885 0.23653800000000003 0.666346 0.23974399999999996 0.636859 0.252564 0.60609
0 0.39359 0.711218 0.41153799999999996 0.735577 0.413462 0.76891 0.414744 0.783013 0.40705100000000005 0.791987 0.375641 0.794551 0.36282099999999995 0.779167 0.352564 0.743269 0.38141 0.720192
0 0.232692 0.740705 0.233333 0.780449 0.23910299999999995 0.835577 0.232051 0.841987 0.21987199999999996 0.867628 0.19807699999999995 0.852244 0.17628200000000005 0.808654 0.167308 0.772756 0.18397399999999997 0.745833 0.20576899999999998 0.743269
0 0.030769000000000046 0.861218 0.048077000000000036 0.891987 0.055127999999999955 0.908654 0.042949000000000015 0.922756 0.020513000000000003 0.924038 0.004487000000000019 0.903526 0.0012820000000000054 0.861218