0 0.27948700000000004 0.231731 0.32564099999999996 0.2625 0.34807699999999997 0.277885 0.369872 0.302244 0.375641 0.3625 0.38205100000000003 0.394551 0.39359 0.433013 0.392949 0.440705 0.36282099999999995 0.447115 0.34358999999999995 0.436859 0.30833299999999997 0.430449 0.264744 0.402244 0.24102599999999996 0.357372 0.24038499999999996 0.333013 0.247436 0.275321 0.253846 0.248397
0 0.5108969999999999 0.439423 0.530769 0.454808 0.545513 0.497115 0.5493589999999999 0.530449 0.5538460000000001 0.563782 0.567949 0.576603 0.600641 0.559936 0.630128 0.589423 0.639103 0.602244 0.642949 0.65609 0.621154 0.734295 0.5916669999999999 0.745833 0.555769 0.616346 0.519231 0.631731 0.439744 0.666346 0.358974 0.650962 0.32820499999999997 0.66891 0.269872 0.691987 0.23974399999999996 0.683013 0.17692300000000005 0.648397 0.15576900000000005 0.603526 0.09743599999999997 0.561218 0.08782100000000004 0.50609 0.11730799999999997 0.448397 0.17179500000000003 0.450962 0.19294900000000004 0.476603 0.22307699999999997 0.534295 0.250641 0.547115 0.28141000000000005 0.548397 0.309615 0.536859 0.36666699999999997 0.522756 0.396154 0.507372 0.44615400000000005 0.46891 0.480769 0.450962
0 0.526282 0.102244 0.539744 0.186859 0.505769 0.226603 0.504487 0.2625 0.503846 0.289423 0.47307699999999997 0.257372 0.44294900000000004 0.188141 0.45064099999999996 0.148397 0.43333299999999997 0.1125 0.43333299999999997 0.06891 0.41859 0.045833 0.395513 0.035577 0.351282 0.008654 0.49294899999999997 0.00609 0.474359 0.038141 0.46987199999999996 0.083013 0.48910299999999995 0.148397 0.514103 0.099679
0 0.727564 0.00609 0.723718 0.044551 0.746154 0.080449 0.749359 0.116346 0.753205 0.154808 0.75 0.171474 0.730128 0.20609 0.7141029999999999 0.216346 0.6993590000000001 0.238141 0.692949 0.30609 0.685256 0.345833 0.649359 0.334295 0.64359 0.335577 0.629487 0.222756 0.646154 0.117628 0.6525639999999999 0.085577 0.644231 0.025321 0.621154 0.00609
0 0.924359 0.0125 0.915385 0.093269 0.896154 0.149679 0.905128 0.240705 0.927564 0.272756 0.952564 0.300962 0.946154 0.324038 0.940385 0.352244 0.903205 0.333013 0.83141 0.298397 0.8006409999999999 0.285577 0.779487 0.304808 0.755128 0.448397 0.764103 0.574038 0.764103 0.653526 0.766026 0.694551 0.748077 0.736859 0.771795 0.779167 0.764744 0.799679 0.7391030000000001 0.850962 0.765385 0.880449 0.794872 0.875321 0.8391029999999999 0.889423 0.85 0.839423 0.8435900000000001 0.765064 0.833333 0.75609 0.828205 0.726603 0.837821 0.698397 0.837179 0.659936 0.827564 0.574038 0.832692 0.550962 0.869231 0.497115 0.916026 0.466346 0.942308 0.448397 0.980769 0.400962 0.988462 0.357372 0.987179 0.30609 0.983974 0.190705 0.997436 0.170192 0.996795 0.00609
0 0.6839740000000001 0.693269 0.721795 0.690705 0.730128 0.717628 0.7 0.780449 0.685897 0.780449 0.6564099999999999 0.753526 0.6583330000000001 0.703526
0 0.935256 0.575321 0.932051 0.663782 0.940385 0.699679 0.898077 0.698397 0.897436 0.636859 0.920513 0.567628
0 0.663462 0.876603 0.6717949999999999 0.911218 0.703846 0.939423 0.684615 0.984295 0.678205 0.988141 0.630769 0.983013 0.6179490000000001 0.926603 0.632692 0.886859 0.630128 0.847115 0.630769 0.840705
0 0.28397399999999995 0.894551 0.351282 0.921474 0.34102600000000005 0.984295 0.33782100000000004 0.990705 0.294231 0.993269 0.28076900000000005 0.995833 0.275641 0.989423 0.28333299999999995 0.9125
0 0.050000000000000044 0.713782 0.07051300000000005 0.748397 0.09166700000000005 0.802244 0.10256399999999999 0.834295 0.11730799999999997 0.848397 0.18589699999999998 0.852244 0.19359000000000004 0.888141 0.19423100000000004 0.924038 0.19487200000000005 0.970192 0.19487200000000005 0.997115 0.11282099999999995 0.993269 0.125 0.943269 0.11794899999999997 0.920192 0.08846200000000004 0.961218 0.07948699999999997 0.972756 0.047436000000000034 0.935577 0.020513000000000003 0.848397 0.019872 0.800962 0.039744 0.729167 0.04935900000000004 0.697115
0 0.105769 0.241987 0.11987199999999998 0.275321 0.11153800000000003 0.320192 0.11346199999999995 0.343269 0.12179499999999999 0.358654 0.09807699999999997 0.365064 0.04230800000000001 0.272756 0.03461499999999995 0.271474 0.08012799999999998 0.249679 0.10961500000000002 0.229167