0 0.11025600000000002 0.158654 0.15000000000000002 0.181731 0.17435900000000004 0.199679 0.15320500000000004 0.238141 0.13717900000000005 0.25609 0.13589700000000005 0.276603 0.15512800000000004 0.334295 0.18140999999999996 0.338141 0.18333299999999997 0.415064 0.18012799999999995 0.427885 0.16217899999999996 0.440705 0.126282 0.438141 0.09551299999999996 0.435577 0.085897 0.435577 0.08076899999999998 0.380449 0.06666700000000003 0.343269 0.05064100000000005 0.30609 0.05064100000000005 0.263782 0.05384599999999995 0.2125 0.05384599999999995 0.185577 0.08012799999999998 0.188141 0.085256 0.172756
0 0.41089699999999996 0.235577 0.438462 0.233013 0.460897 0.258654 0.475641 0.280449 0.45320499999999997 0.299679 0.45641 0.327885 0.476282 0.335577 0.485897 0.330449 0.48782099999999995 0.36891 0.486538 0.397115 0.508974 0.399679 0.484615 0.479167 0.45384599999999997 0.445833 0.44999999999999996 0.421474 0.44679500000000005 0.415064 0.42500000000000004 0.426603 0.38525600000000004 0.45609 0.378846 0.46891 0.359615 0.489423 0.335897 0.470192 0.31794900000000004 0.481731 0.30897399999999997 0.467628 0.313462 0.411218 0.32499999999999996 0.358654 0.352564 0.334295 0.35641 0.302244 0.34423099999999995 0.26891 0.376282 0.266346 0.38589700000000005 0.233013 0.390385 0.222756 0.401282 0.229167
0 0.733333 0.394551 0.744872 0.416346 0.747436 0.453526 0.738462 0.499679 0.738462 0.531731 0.732051 0.552244 0.703846 0.584295 0.7006410000000001 0.602244 0.6839740000000001 0.608654 0.667308 0.609936 0.651923 0.608654 0.650641 0.593269 0.6538459999999999 0.548397 0.64359 0.497115 0.644231 0.474038 0.664744 0.430449 0.6769229999999999 0.409936 0.687179 0.389423 0.6980770000000001 0.40609 0.7153849999999999 0.40609
0 0.927564 0.520192 0.941667 0.558654 0.957051 0.588141 0.955128 0.609936 0.953205 0.639423 0.966026 0.648397 0.948718 0.691987 0.942949 0.717628 0.93141 0.735577 0.930128 0.749679 0.941026 0.763782 0.934615 0.775321 0.920513 0.767628 0.905128 0.738141 0.882692 0.711218 0.863462 0.689423 0.819231 0.654808 0.812821 0.639423 0.807051 0.597115 0.817949 0.567628 0.837821 0.5625 0.870513 0.545833 0.903846 0.520192 0.919231 0.511218
0 0.996795 0.243269 0.991667 0.261218 0.9673080000000001 0.243269 0.949359 0.25609 0.920513 0.266346 0.917308 0.309936 0.904487 0.389423 0.904487 0.422756 0.9064099999999999 0.429167 0.949359 0.398397 0.954487 0.409936 0.962821 0.434295 0.996795 0.46891
0 0.5711539999999999 0.665064 0.5769230000000001 0.693269 0.584615 0.698397 0.602564 0.675321 0.603205 0.717628 0.5961540000000001 0.744551 0.579487 0.765064 0.567949 0.76891 0.5301279999999999 0.772756 0.516667 0.780449 0.5070509999999999 0.780449 0.502564 0.735577 0.521795 0.679167 0.523077 0.654808 0.5275639999999999 0.640705 0.537821 0.648397 0.541026 0.679167 0.5519229999999999 0.677885 0.5589740000000001 0.659936
0 0.247436 0.680449 0.250641 0.686859 0.24551299999999998 0.734295 0.24166699999999997 0.744551 0.23461500000000002 0.763782 0.233333 0.774038 0.249359 0.786859 0.255769 0.788141 0.26089700000000005 0.815064 0.253205 0.876603 0.251282 0.903526 0.250641 0.917628 0.250641 0.938141 0.246795 0.949679 0.24166699999999997 0.959936 0.228846 0.96891 0.209615 0.924038 0.18974400000000002 0.86891 0.17371800000000004 0.836859 0.17115400000000003 0.817628 0.17948699999999995 0.793269 0.20064099999999996 0.76891 0.20128199999999996 0.727885 0.18397399999999997 0.666346 0.19230800000000003 0.645833 0.210897 0.65609 0.228846 0.686859
0 0.27820500000000004 0.371474 0.30064100000000005 0.391987 0.29615400000000003 0.425321 0.28461499999999995 0.461218 0.269872 0.477885 0.23974399999999996 0.477885 0.232051 0.465064 0.24102599999999996 0.383013 0.251923 0.366346
0 0.13653800000000005 0.509936 0.15961499999999995 0.547115 0.15448700000000004 0.577885 0.14807700000000001 0.613782 0.14038499999999998 0.661218 0.11346199999999995 0.666346 0.10256399999999999 0.633013 0.09807699999999997 0.603526 0.09551299999999996 0.588141 0.09102600000000005 0.553526 0.11089700000000002 0.544551 0.13076900000000002 0.524038
0 0.40512800000000004 0.688141 0.42307700000000004 0.70609 0.42948699999999995 0.731731 0.42115400000000003 0.765064 0.41025599999999995 0.780449 0.391667 0.788141 0.36602599999999996 0.774038 0.36538499999999996 0.734295 0.38589700000000005 0.707372 0.392308 0.688141
0 0.41089699999999996 0.825321 0.419231 0.8625 0.420513 0.897115 0.417949 0.925321 0.417308 0.947115 0.420513 0.970192 0.420513 0.995833 0.348718 0.999679 0.336538 0.916346 0.333974 0.866346 0.32628199999999996 0.833013 0.348718 0.802244 0.36474399999999996 0.81891 0.38782099999999997 0.830449 0.394872 0.838141
0 0.6980770000000001 0.752244 0.696795 0.783013 0.694231 0.808654 0.679487 0.835577 0.6743589999999999 0.843269 0.663462 0.839423 0.649359 0.789423 0.649359 0.777885 0.685897 0.752244
0 0.605128 0.903526 0.6320509999999999 0.91891 0.646154 0.934295 0.639103 0.96891 0.639744 0.988141 0.6320509999999999 0.995833 0.610256 0.991987 0.601282 0.961218 0.587179 0.950962 0.573718 0.954808 0.5589740000000001 0.935577 0.5576920000000001 0.916346 0.570513 0.90609 0.580128 0.899679
0 0.923718 0.841987 0.922436 0.874038 0.929487 0.898397 0.933333 0.927885 0.933333 0.949679 0.932051 0.990705 0.916026 0.991987 0.902564 0.989423 0.899359 0.967628 0.891667 0.930449 0.8628210000000001 0.911218 0.851923 0.911218 0.837179 0.893269 0.837179 0.847115 0.830769 0.834295 0.813462 0.85609 0.803205 0.880449 0.7826919999999999 0.909936 0.766026 0.909936 0.755769 0.875321 0.7608969999999999 0.822756 0.787821 0.816346 0.8019229999999999 0.783013 0.816667 0.772756 0.846795 0.785577 0.864744 0.788141 0.878205 0.781731 0.889103 0.821474 0.894872 0.835577 0.907051 0.826603 0.913462 0.820192
0 0.851923 0.050962 0.846154 0.099679 0.8391029999999999 0.120192 0.830769 0.127885 0.8051280000000001 0.117628 0.795513 0.134295 0.789744 0.1625 0.782051 0.176603 0.766667 0.152244 0.766026 0.115064 0.760256 0.076603 0.75641 0.039423 0.7621789999999999 0.024038 0.808974 0.013782 0.846795 0.013782 0.85641 0.013782