0 0.849359 0.130449 0.849359 0.153526 0.853846 0.175321 0.864744 0.144551 0.875641 0.172756 0.866667 0.20609 0.85641 0.243269 0.8416669999999999 0.259936 0.8230770000000001 0.243269 0.8051280000000001 0.226603 0.786538 0.179167 0.798718 0.154808 0.828846 0.159936 0.838462 0.148397
0 0.819231 0.370192 0.821795 0.381731 0.827564 0.394551 0.841026 0.402244 0.855128 0.397115 0.866026 0.416346 0.849359 0.424038 0.866026 0.445833 0.871154 0.466346 0.874359 0.513782 0.874359 0.549679 0.871154 0.570192 0.854487 0.583013 0.830128 0.549679 0.798718 0.55609 0.780769 0.576603 0.757692 0.627885 0.7429490000000001 0.640705 0.70641 0.624038 0.6923079999999999 0.598397 0.649359 0.588141 0.632692 0.591987 0.617308 0.557372 0.620513 0.516346 0.632692 0.50609 0.664103 0.502244 0.6826920000000001 0.507372 0.691667 0.538141 0.702564 0.529167 0.708974 0.508654 0.721795 0.494551 0.735256 0.480449 0.735256 0.431731 0.725641 0.413782 0.738462 0.386859 0.752564 0.403526 0.771154 0.393269 0.769872 0.376603 0.7826919999999999 0.3625 0.795513 0.372756 0.810256 0.372756
0 0.54359 0.333013 0.545513 0.377885 0.529487 0.386859 0.521154 0.403526 0.517308 0.430449 0.537821 0.480449 0.5711539999999999 0.480449 0.5756410000000001 0.50609 0.560897 0.548397 0.542308 0.572756 0.512821 0.594551 0.476923 0.594551 0.47179499999999996 0.527885 0.44487200000000005 0.474038 0.437179 0.427885 0.43140999999999996 0.377885 0.43397399999999997 0.291987 0.458333 0.302244 0.475 0.311218 0.48910299999999995 0.303526 0.507692 0.329167 0.523718 0.322756
0 0.395513 0.30609 0.40256400000000003 0.335577 0.4 0.365064 0.41217899999999996 0.384295 0.41025599999999995 0.391987 0.398718 0.407372 0.376923 0.416346 0.358974 0.422756 0.34102600000000005 0.417628 0.32435899999999995 0.403526 0.30769199999999997 0.376603 0.314103 0.330449 0.333974 0.321474 0.357051 0.302244 0.376282 0.313782 0.38397400000000004 0.289423
0 0.395513 0.093269 0.40705100000000005 0.116346 0.437821 0.133013 0.439744 0.1625 0.44294900000000004 0.203526 0.44359000000000004 0.234295 0.44166700000000003 0.252244 0.434615 0.271474 0.42371800000000004 0.283013 0.417949 0.244551 0.4 0.195833 0.395513 0.194551 0.38269200000000003 0.172756 0.372436 0.15609 0.36346199999999995 0.153526 0.34743599999999997 0.116346 0.351282 0.094551 0.38525600000000004 0.097115
0 0.29359 0.088141 0.30256400000000006 0.116346 0.32115400000000005 0.143269 0.31923100000000004 0.1625 0.31794900000000004 0.203526 0.315385 0.231731 0.30256400000000006 0.249679 0.295513 0.281731 0.292308 0.294551 0.28141000000000005 0.279167 0.274359 0.247115 0.270513 0.207372 0.266667 0.177885 0.266667 0.149679 0.269872 0.115064 0.28012800000000004 0.086859
0 0.15833299999999995 0.049679 0.17820499999999995 0.088141 0.18717899999999998 0.135577 0.167308 0.170192 0.146795 0.177885 0.12179499999999999 0.163782 0.11153800000000003 0.127885 0.10320499999999999 0.086859 0.12051299999999998 0.063782 0.14102599999999998 0.070192
0 0.039744 0.053526 0.045513000000000026 0.100962 0.06538500000000003 0.161218 0.08012799999999998 0.159936 0.084615 0.167628 0.085897 0.207372 0.08910300000000004 0.245833 0.08076899999999998 0.277885 0.06859000000000004 0.325321 0.04935900000000004 0.322756 0.040385000000000004 0.334295 0.02692300000000003 0.339423 0.0025640000000000107 0.320192 0.0032050000000000134 0.043269 0.015384999999999982 0.041987 0.030128000000000044 0.054808
0 0.625641 0.013782 0.626923 0.045833 0.610256 0.075321 0.603846 0.10609 0.6 0.126603 0.598718 0.159936 0.582692 0.176603 0.571795 0.167628 0.5564100000000001 0.141987 0.548718 0.081731 0.526923 0.044551 0.510256 0.007372 0.6141030000000001 0.009936
0 0.646154 0.202244 0.6621790000000001 0.229167 0.6564099999999999 0.254808 0.65 0.259936 0.632692 0.2625 0.6153850000000001 0.266346 0.5961540000000001 0.274038 0.580128 0.281731 0.560256 0.281731 0.557051 0.258654 0.5589740000000001 0.245833 0.565385 0.233013 0.576282 0.235577 0.588462 0.230449 0.5935900000000001 0.200962 0.6 0.198397 0.619231 0.199679 0.6346149999999999 0.200962
0 0.8019229999999999 0.021474 0.7993589999999999 0.044551 0.8019229999999999 0.080449 0.807051 0.091987 0.798718 0.111218 0.776282 0.11891 0.767308 0.130449 0.764103 0.134295 0.748718 0.11891 0.7429490000000001 0.093269 0.726282 0.074038 0.723077 0.065064 0.726282 0.025321 0.7429490000000001 0.031731 0.757692 0.030449 0.763462 0.024038 0.774359 0.00609 0.796795 0.008654
0 0.357692 0.553526 0.36602599999999996 0.581731 0.369872 0.598397 0.361538 0.6125 0.36217900000000003 0.643269 0.36794899999999997 0.680449 0.371154 0.695833 0.36538499999999996 0.733013 0.351282 0.761218 0.32884599999999997 0.783013 0.32243599999999994 0.793269 0.30576899999999996 0.800962 0.28205100000000005 0.765064 0.26153800000000005 0.736859 0.28012800000000004 0.702244 0.29359 0.665064 0.29615400000000003 0.615064 0.292308 0.566346 0.30384599999999995 0.558654 0.335897 0.558654 0.35 0.550962
0 0.06730800000000003 0.516346 0.07243599999999994 0.55609 0.08205099999999999 0.574038 0.09743599999999997 0.593269 0.11666699999999997 0.604808 0.11794899999999997 0.634295 0.11474399999999996 0.657372 0.105769 0.666346 0.07884599999999997 0.66891 0.05320499999999995 0.677885 0.030128000000000044 0.661218 0.01474399999999998 0.625321 0.010256000000000043 0.589423 0.016666999999999987 0.554808 0.047436000000000034 0.527885
0 0.24551299999999998 0.584295 0.275641 0.594551 0.28269200000000005 0.60609 0.271795 0.689423 0.255128 0.71891 0.23461500000000002 0.70609 0.19871799999999995 0.648397 0.20576899999999998 0.613782 0.22307699999999997 0.595833
0 0.5275639999999999 0.666346 0.535256 0.689423 0.523077 0.725321 0.521154 0.771474 0.5070509999999999 0.790705 0.49294899999999997 0.775321 0.474359 0.748397 0.477564 0.709936 0.5 0.683013 0.513462 0.675321
0 0.16025599999999995 0.808654 0.164103 0.877885 0.18589699999999998 0.922756 0.18525599999999998 0.943269 0.15833299999999995 0.95609 0.144872 0.904808 0.13846199999999997 0.879167 0.11666699999999997 0.852244 0.13461500000000004 0.81891
0 0.950641 0.803526 0.957692 0.835577 0.96859 0.835577 0.973077 0.859936 0.964744 0.879167 0.946795 0.895833 0.936538 0.911218 0.9076919999999999 0.930449 0.889744 0.886859 0.877564 0.875321 0.892949 0.836859 0.903205 0.820192 0.9288460000000001 0.820192 0.938462 0.785577
0 0.786538 0.830449 0.808333 0.839423 0.812179 0.86891 0.802564 0.902244 0.7826919999999999 0.917628 0.766026 0.916346 0.754487 0.893269 0.755769 0.849679 0.767949 0.838141
0 0.607692 0.830449 0.6358969999999999 0.844551 0.636538 0.86891 0.621154 0.881731 0.620513 0.921474 0.644231 0.930449 0.644231 0.961218 0.640385 0.976603 0.6358969999999999 0.994551 0.5493589999999999 0.991987 0.552564 0.948397 0.577564 0.916346 0.5782050000000001 0.872756 0.5782050000000001 0.848397 0.589744 0.835577
0 0.969872 0.380449 0.983333 0.420192 0.980769 0.466346 0.992949 0.493269 0.992949 0.503526 0.991026 0.533013 0.996795 0.565064 1.0 0.621474 0.982051 0.61891 0.976923 0.580449 0.960897 0.552244 0.957692 0.527885 0.947436 0.470192 0.951923 0.417628 0.948718 0.404808 0.912821 0.415064 0.898077 0.4125 0.880128 0.357372 0.891026 0.316346 0.904487 0.304808 0.925 0.357372 0.939744 0.375321
0 0.657051 0.353526 0.6717949999999999 0.374038 0.665385 0.409936 0.646154 0.429167 0.638462 0.447115 0.633974 0.457372 0.61859 0.466346 0.6141030000000001 0.458654 0.603205 0.433013 0.619872 0.4125 0.641026 0.374038 0.646795 0.358654