0 0.775641 0.022756 0.779487 0.0625 0.7833330000000001 0.102244 0.773077 0.145833 0.769231 0.166346 0.767308 0.194551 0.753846 0.215064 0.738462 0.220192 0.738462 0.248397 0.755128 0.241987 0.764103 0.267628 0.7429490000000001 0.294551 0.726282 0.311218 0.689103 0.311218 0.685256 0.267628 0.6788460000000001 0.241987 0.684615 0.215064 0.7032050000000001 0.194551 0.6993590000000001 0.16891 0.6935899999999999 0.147115 0.6935899999999999 0.113782 0.702564 0.072756 0.729487 0.029167 0.757692 0.021474
0 0.51859 0.088141 0.5288459999999999 0.143269 0.5589740000000001 0.179167 0.577564 0.21891 0.58141 0.25609 0.559615 0.298397 0.55 0.333013 0.5301279999999999 0.352244 0.482051 0.399679 0.46666700000000005 0.407372 0.44999999999999996 0.372756 0.40833299999999995 0.321474 0.38717900000000005 0.266346 0.377564 0.220192 0.351282 0.222756 0.31666700000000003 0.188141 0.29743600000000003 0.181731 0.28141000000000005 0.122756 0.28653799999999996 0.080449 0.32307699999999995 0.127885 0.33782100000000004 0.120192 0.34038500000000005 0.077885 0.355769 0.025321 0.36346199999999995 0.011218 0.419872 0.011218 0.40897399999999995 0.067628 0.416026 0.102244 0.42692300000000005 0.1125 0.458333 0.117628 0.475 0.121474 0.48717900000000003 0.075321 0.508974 0.072756
0 0.18782100000000002 0.013782 0.20128199999999996 0.035577 0.21602600000000005 0.024038 0.23846199999999995 0.026603 0.23846199999999995 0.052244 0.19999999999999996 0.070192 0.20384599999999997 0.099679 0.21923099999999995 0.125321 0.19487200000000005 0.140705 0.17948699999999995 0.175321 0.16217899999999996 0.195833 0.13525600000000004 0.216346 0.125641 0.21891 0.11089700000000002 0.222756 0.08269199999999999 0.191987 0.07371799999999995 0.154808 0.10320499999999999 0.06891 0.11217900000000003 0.034295 0.124359 0.00609 0.17948699999999995 0.004808
0 0.104487 0.009936 0.07435899999999995 0.041987 0.06410300000000002 0.059936 0.033332999999999946 0.089423 0.02884600000000004 0.089423 0.005769000000000024 0.070192 0.003846000000000016 0.008654
0 0.23653800000000003 0.271474 0.270513 0.280449 0.28397399999999995 0.283013 0.264103 0.311218 0.269872 0.339423 0.275641 0.381731 0.275641 0.399679 0.24615399999999998 0.434295 0.230128 0.429167 0.22115399999999996 0.370192 0.208333 0.370192 0.19230800000000003 0.388141 0.19743599999999994 0.354808 0.19423100000000004 0.333013 0.18012799999999995 0.324038 0.17948699999999995 0.302244 0.19294900000000004 0.274038 0.207692 0.274038 0.22115399999999996 0.274038
0 0.23910299999999995 0.507372 0.266667 0.554808 0.26859 0.586859 0.28141000000000005 0.622756 0.270513 0.644551 0.275641 0.671474 0.30705099999999996 0.704808 0.34358999999999995 0.738141 0.348718 0.754808 0.353846 0.788141 0.353846 0.830449 0.32115400000000005 0.890705 0.30320499999999995 0.893269 0.26859 0.854808 0.24102599999999996 0.820192 0.20512799999999998 0.767628 0.18333299999999997 0.735577 0.166026 0.713782 0.14038499999999998 0.661218 0.13910299999999998 0.643269 0.15512800000000004 0.579167 0.16987200000000002 0.566346 0.19871799999999995 0.574038 0.20448699999999997 0.548397 0.20448699999999997 0.524038 0.20448699999999997 0.498397 0.22564099999999998 0.515064
0 0.5538460000000001 0.590705 0.562179 0.580449 0.5551280000000001 0.657372 0.5371790000000001 0.759936 0.5301279999999999 0.81891 0.516667 0.849679 0.475641 0.770192 0.459615 0.758654 0.44487200000000005 0.757372 0.435256 0.765064 0.42371800000000004 0.740705 0.41217899999999996 0.666346 0.394872 0.598397 0.40448700000000004 0.574038 0.437821 0.557372 0.475 0.565064 0.483333 0.565064 0.5314099999999999 0.590705
0 0.662821 0.377885 0.6551279999999999 0.436859 0.64359 0.480449 0.646154 0.50609 0.648077 0.515064 0.63141 0.536859 0.607692 0.538141 0.6141030000000001 0.457372 0.610256 0.411218 0.612179 0.390705 0.620513 0.374038 0.6320509999999999 0.376603 0.64359 0.402244 0.648718 0.403526
0 0.783974 0.453526 0.779487 0.520192 0.814744 0.515064 0.823718 0.534295 0.8198719999999999 0.590705 0.820513 0.615064 0.7993589999999999 0.652244 0.773718 0.665064 0.752564 0.641987 0.7403850000000001 0.607372 0.707692 0.586859 0.711538 0.543269 0.74359 0.463782 0.752564 0.45609
0 0.933333 0.171474 0.937179 0.216346 0.934615 0.263782 0.919872 0.3125 0.898718 0.279167 0.871795 0.293269 0.857051 0.270192 0.8423080000000001 0.221474 0.853205 0.181731 0.88141 0.179167 0.9 0.193269 0.920513 0.175321
0 0.996795 0.200962 0.976923 0.200962 0.963462 0.181731 0.962821 0.227885 0.962179 0.247115 0.971795 0.283013 0.983974 0.303526 0.987179 0.308654 0.996795 0.308654
0 0.7173080000000001 0.808654 0.714744 0.840705 0.729487 0.850962 0.735256 0.836859 0.739744 0.870192 0.735897 0.900962 0.725641 0.922756 0.7153849999999999 0.922756 0.6935899999999999 0.889423 0.669872 0.9125 0.665385 0.916346 0.642949 0.881731 0.664103 0.838141 0.680769 0.795833 0.676282 0.767628 0.688462 0.770192 0.6961539999999999 0.789423 0.701282 0.80609
0 0.6333329999999999 0.703526 0.642949 0.766346 0.642949 0.804808 0.642949 0.831731 0.623718 0.825321 0.602564 0.779167 0.5961540000000001 0.777885 0.5903849999999999 0.71891 0.583974 0.675321 0.612179 0.695833
0 0.619872 0.904808 0.639744 0.948397 0.6576919999999999 0.974038 0.651282 0.994551 0.564103 0.990705 0.567949 0.957372 0.5891029999999999 0.936859 0.5891029999999999 0.909936 0.607051 0.908654
0 0.09038500000000005 0.515064 0.09358999999999995 0.571474 0.08846200000000004 0.607372 0.085256 0.652244 0.08205099999999999 0.663782 0.05576899999999996 0.645833 0.038461999999999996 0.630449 0.028205000000000036 0.624038 0.03141000000000005 0.591987 0.05576899999999996 0.545833 0.055127999999999955 0.521474 0.08012799999999998 0.534295
0 0.8871789999999999 0.427885 0.896795 0.45609 0.891667 0.477885 0.891667 0.508654 0.876282 0.549679 0.867308 0.561218 0.858333 0.538141 0.846795 0.497115 0.846154 0.466346 0.854487 0.438141 0.867949 0.429167
0 0.579487 0.011218 0.5711539999999999 0.061218 0.5467949999999999 0.054808 0.526282 0.038141 0.525 0.003526 0.5711539999999999 0.004808
0 0.020513000000000003 0.299679 0.03589699999999996 0.311218 0.055127999999999955 0.315064 0.05576899999999996 0.349679 0.05192300000000005 0.379167 0.023077000000000014 0.371474 0.003846000000000016 0.343269 0.007692000000000032 0.308654
0 0.989744 0.840705 0.987179 0.884295 0.987821 0.900962 0.976923 0.947115 0.9666669999999999 0.961218 0.953205 0.934295 0.940385 0.907372 0.916026 0.952244 0.882692 0.926603 0.888462 0.877885 0.919872 0.848397 0.937821 0.848397 0.970513 0.843269