0 0.230128 0.035577 0.275 0.066346 0.289744 0.125321 0.271154 0.194551 0.24230799999999997 0.171474 0.21858999999999995 0.166346 0.211538 0.239423 0.17500000000000004 0.245833 0.13846199999999997 0.252244 0.11153800000000003 0.247115 0.05192300000000005 0.102244 0.04935900000000004 0.088141 0.11538499999999996 0.085577 0.15769200000000005 0.098397 0.18653799999999998 0.054808 0.19743599999999994 0.024038
0 0.533974 0.009936 0.496154 0.104808 0.503846 0.179167 0.46987199999999996 0.213782 0.462179 0.236859 0.45256399999999997 0.253526 0.42884599999999995 0.236859 0.42307700000000004 0.199679 0.416667 0.113782 0.42115400000000003 0.077885 0.42564100000000005 0.007372
0 0.738462 0.027885 0.833333 0.075321 0.810256 0.143269 0.79359 0.166346 0.758974 0.121474 0.723077 0.1625 0.7185900000000001 0.220192 0.675 0.25609 0.651923 0.270192 0.621795 0.225321 0.607692 0.186859 0.603846 0.143269 0.6583330000000001 0.083013 0.662821 0.009936 0.709615 0.017628
0 0.867308 0.159936 0.910897 0.190705 0.925641 0.233013 0.910256 0.381731 0.866026 0.416346 0.853846 0.436859 0.854487 0.45609 0.919872 0.517628 0.869231 0.567628 0.8403849999999999 0.580449 0.804487 0.598397 0.796154 0.661218 0.778205 0.648397 0.748077 0.599679 0.755128 0.550962 0.769231 0.520192 0.764103 0.489423 0.736538 0.458654 0.719231 0.403526 0.727564 0.335577 0.748077 0.325321 0.796795 0.400962 0.832692 0.31891 0.869872 0.307372 0.871795 0.275321 0.857692 0.245833 0.832051 0.184295 0.858333 0.147115
0 0.998718 0.425321 0.979487 0.443269 0.959615 0.434295 0.941667 0.500962 0.932051 0.543269 0.957051 0.600962 0.994872 0.617628 0.997436 0.586859
0 0.6814100000000001 0.426603 0.6814100000000001 0.450962 0.658974 0.500962 0.632692 0.479167 0.614744 0.470192 0.5948720000000001 0.463782 0.604487 0.421474 0.63141 0.422756 0.666667 0.407372
0 0.917949 0.680449 0.916026 0.736859 0.892949 0.7625 0.896795 0.8125 0.891667 0.870192 0.89359 0.884295 0.869231 0.879167 0.846154 0.880449 0.830128 0.861218 0.814744 0.793269 0.841026 0.724038 0.854487 0.683013 0.882051 0.707372 0.885897 0.70609 0.9076919999999999 0.675321
0 0.5769230000000001 0.6125 0.648718 0.644551 0.6320509999999999 0.694551 0.632692 0.758654 0.607051 0.850962 0.605128 0.90609 0.598718 0.954808 0.600641 0.995833 0.32179500000000005 0.988141 0.30640999999999996 0.865064 0.28461499999999995 0.816346 0.292949 0.727885 0.310256 0.693269 0.351282 0.733013 0.378205 0.817628 0.40769200000000005 0.871474 0.44423100000000004 0.866346 0.513462 0.903526 0.5333330000000001 0.90609 0.545513 0.891987 0.547436 0.875321 0.540385 0.848397 0.525 0.780449 0.523077 0.743269 0.5288459999999999 0.671474 0.548718 0.627885 0.570513 0.620192
0 0.394872 0.366346 0.376282 0.494551 0.374359 0.527885 0.330128 0.465064 0.30769199999999997 0.467628 0.28397399999999995 0.507372 0.22628199999999998 0.531731 0.21794899999999995 0.529167 0.19807699999999995 0.443269 0.166026 0.417628 0.125 0.340705 0.145513 0.322756 0.19230800000000003 0.344551 0.267949 0.348397 0.29935900000000004 0.343269 0.350641 0.366346
0 0.01474399999999998 0.275321 0.03461499999999995 0.335577 0.03397399999999995 0.359936 0.03461499999999995 0.390705 0.0025640000000000107 0.444551 0.0025640000000000107 0.277885
0 0.02179500000000001 0.659936 0.05128200000000005 0.694551 0.07884599999999997 0.700962 0.06666700000000003 0.754808 0.05384599999999995 0.779167 0.02435900000000002 0.820192 0.004487000000000019 0.820192 0.005769000000000024 0.675321
0 0.16025599999999995 0.809936 0.17500000000000004 0.8625 0.17051300000000003 0.940705 0.16859000000000002 0.988141 0.10320499999999999 0.980449 0.10641 0.915064 0.13076900000000002 0.865064 0.15384600000000004 0.811218 0.163462 0.798397