0 0.008974000000000038 0.063782 0.07628199999999996 0.143269 0.10705100000000001 0.148397 0.144231 0.194551 0.126923 0.263782 0.10833300000000001 0.313782 0.086538 0.331731 0.06282100000000002 0.304808 0.027564000000000033 0.248397 0.005128000000000021 0.230449 0.0032050000000000134 0.080449
0 0.412821 0.008654 0.42179500000000003 0.039423 0.44423100000000004 0.097115 0.47179499999999996 0.208654 0.457051 0.239423 0.45128199999999996 0.250962 0.41859 0.235577 0.396154 0.188141 0.352564 0.131731 0.313462 0.081731 0.31859000000000004 0.029167 0.336538 0.004808
0 0.616026 0.21891 0.6333329999999999 0.222756 0.639744 0.289423 0.641667 0.358654 0.6179490000000001 0.383013 0.575 0.3625 0.5660259999999999 0.308654 0.569231 0.250962 0.596795 0.226603
0 0.994231 0.248397 0.944231 0.253526 0.916026 0.225321 0.890385 0.203526 0.876282 0.161218 0.883333 0.147115 0.85 0.11891 0.777564 0.088141 0.746795 0.06891 0.689744 0.066346 0.670513 0.085577 0.710256 0.181731 0.767308 0.21891 0.809615 0.267628 0.812821 0.35609 0.773718 0.398397 0.75 0.444551 0.787179 0.50609 0.8230770000000001 0.541987 0.8628210000000001 0.521474 0.866026 0.457372 0.900641 0.431731 0.920513 0.407372 0.946795 0.415064 0.997436 0.447115 0.996795 0.281731
0 0.7846150000000001 0.529167 0.812179 0.583013 0.836538 0.617628 0.848077 0.698397 0.8435900000000001 0.725321 0.842949 0.777885 0.823718 0.827885 0.814744 0.899679 0.817949 0.966346 0.8051280000000001 0.989423 0.583974 0.995833 0.5730770000000001 0.917628 0.5698719999999999 0.861218 0.5974360000000001 0.844551 0.607051 0.794551 0.5698719999999999 0.765064 0.542308 0.721474 0.5538460000000001 0.60609 0.533974 0.524038 0.5333330000000001 0.477885 0.555769 0.479167 0.621795 0.5625 0.624359 0.708654 0.642949 0.781731 0.642949 0.813782 0.666026 0.795833 0.679487 0.738141 0.675 0.631731 0.6769229999999999 0.571474 0.673718 0.476603 0.710897 0.508654 0.76859 0.5125
0 0.996154 0.724038 0.985897 0.743269 0.967949 0.780449 0.91859 0.897115 0.899359 0.985577 0.996154 0.990705 0.998077 0.785577
0 0.43269199999999997 0.81891 0.49038499999999996 0.861218 0.544231 0.891987 0.5589740000000001 0.922756 0.564744 0.967628 0.541667 0.995833 0.45641 0.994551 0.40769200000000005 0.934295 0.40705100000000005 0.86891 0.419872 0.836859 0.43076899999999996 0.80609
0 0.399359 0.4125 0.45064099999999996 0.466346 0.435897 0.535577 0.42179500000000003 0.663782 0.40897399999999995 0.689423 0.352564 0.688141 0.32820499999999997 0.576603 0.32564099999999996 0.504808 0.32115400000000005 0.454808 0.354487 0.424038 0.375641 0.409936
0 0.288462 0.700962 0.313462 0.717628 0.329487 0.758654 0.33846200000000004 0.791987 0.34679499999999996 0.830449 0.33910300000000004 0.867628 0.292949 0.865064 0.292949 0.836859 0.29743600000000003 0.790705 0.272436 0.729167 0.269872 0.711218
0 0.030769000000000046 0.615064 0.045513000000000026 0.715064 0.04935900000000004 0.757372 0.033332999999999946 0.798397 0.0025640000000000107 0.799679 0.0032050000000000134 0.602244
0 0.20448699999999997 0.850962 0.253846 0.881731 0.275641 0.907372 0.26859 0.931731 0.26217900000000005 0.953526 0.248077 0.984295 0.141667 0.988141 0.11666699999999997 0.924038 0.07756399999999997 0.929167 0.04679500000000003 0.921474 0.04359000000000002 0.853526 0.05320499999999995 0.809936 0.07179500000000005 0.785577 0.11089700000000002 0.829167 0.12948700000000002 0.866346 0.16987200000000002 0.872756