0 0.888462 0.241987 0.8198719999999999 0.345833 0.80641 0.386859 0.807051 0.409936 0.798718 0.438141 0.769872 0.447115 0.767949 0.41891 0.757051 0.375321 0.764103 0.348397 0.775 0.313782 0.774359 0.257372 0.795513 0.194551 0.839744 0.165064 0.855128 0.167628 0.883974 0.213782 0.894231 0.231731
0 0.7403850000000001 0.453526 0.7833330000000001 0.466346 0.783974 0.475321 0.785256 0.509936 0.791667 0.530449 0.767949 0.543269 0.753846 0.5625 0.729487 0.576603 0.7153849999999999 0.585577 0.692949 0.526603 0.691667 0.491987 0.6935899999999999 0.46891 0.7153849999999999 0.429167 0.728846 0.448397
0 0.6141030000000001 0.40609 0.648077 0.430449 0.629487 0.471474 0.60641 0.527885 0.603205 0.565064 0.637821 0.597115 0.647436 0.611218 0.667949 0.635577 0.685256 0.683013 0.6839740000000001 0.767628 0.665385 0.736859 0.635256 0.7125 0.596795 0.672756 0.58141 0.627885 0.58141 0.603526 0.5275639999999999 0.56891 0.524359 0.554808 0.521795 0.507372 0.524359 0.409936 0.551282 0.403526 0.585897 0.434295 0.5923080000000001 0.434295 0.603205 0.415064
0 0.94359 0.631731 0.958974 0.659936 0.962179 0.681731 0.958974 0.711218 0.939744 0.816346 0.937821 0.841987 0.942308 0.847115 0.955769 0.838141 0.962179 0.85609 0.989744 0.872756 0.994231 0.884295 0.962821 0.941987 0.946795 0.975321 0.927564 0.986859 0.9083330000000001 0.976603 0.926282 0.909936 0.921154 0.885577 0.891667 0.874038 0.875 0.875321 0.851282 0.831731 0.847436 0.780449 0.844231 0.722756 0.857692 0.657372 0.884615 0.647115 0.900641 0.635577 0.929487 0.634295
0 0.996795 0.433013 0.973077 0.477885 0.938462 0.467628 0.920513 0.429167 0.933974 0.391987 0.951923 0.376603 0.960897 0.348397 0.946795 0.308654 0.9480770000000001 0.290705 0.951923 0.236859 0.95 0.21891 0.937179 0.202244 0.925641 0.150962 0.913462 0.115064 0.920513 0.080449 0.9480770000000001 0.065064 0.982051 0.074038 0.998077 0.077885
0 0.817949 0.757372 0.808974 0.811218 0.837821 0.803526 0.796154 0.840705 0.776923 0.808654 0.7801279999999999 0.783013 0.808333 0.748397
0 0.823718 0.9125 0.841026 0.904808 0.859615 0.909936 0.857692 0.961218 0.863462 0.965064 0.880128 0.949679 0.882051 0.96891 0.88141 0.990705 0.807051 0.993269 0.79359 0.957372 0.792308 0.907372 0.8019229999999999 0.903526
0 0.42500000000000004 0.525321 0.437179 0.55609 0.44423100000000004 0.557372 0.457692 0.545833 0.46730799999999995 0.593269 0.476282 0.626603 0.47307699999999997 0.639423 0.461538 0.674038 0.44102600000000003 0.681731 0.439744 0.715064 0.435897 0.747115 0.414103 0.733013 0.398077 0.734295 0.34743599999999997 0.747115 0.336538 0.740705 0.315385 0.693269 0.31923100000000004 0.629167 0.329487 0.583013 0.337179 0.570192 0.36794899999999997 0.603526 0.40384600000000004 0.583013 0.40641000000000005 0.580449 0.391667 0.544551 0.394231 0.535577 0.40897399999999995 0.526603
0 0.18461499999999997 0.645833 0.208333 0.652244 0.250641 0.686859 0.251923 0.735577 0.254487 0.791987 0.26089700000000005 0.816346 0.265385 0.836859 0.27692300000000003 0.852244 0.32692299999999996 0.866346 0.34166700000000005 0.852244 0.360897 0.858654 0.36474399999999996 0.889423 0.36538499999999996 0.974038 0.373077 0.994551 0.011538000000000048 0.998397 0.004487000000000019 0.689423 0.042949000000000015 0.713782 0.083974 0.767628 0.09487199999999996 0.757372 0.126923 0.679167 0.15128200000000003 0.665064
0 0.128205 0.044551 0.13846199999999997 0.124038 0.12051299999999998 0.208654 0.105128 0.247115 0.07820499999999997 0.224038 0.06666700000000003 0.154808 0.07371799999999995 0.107372 0.052564000000000055 0.076603 0.03205100000000005 0.045833 0.020513000000000003 0.008654 0.13205100000000003 0.00609
0 0.30192300000000005 0.097115 0.31987200000000005 0.103526 0.33782100000000004 0.145833 0.348718 0.183013 0.34166700000000005 0.215064 0.33141 0.231731 0.30640999999999996 0.220192 0.290385 0.174038 0.292308 0.135577 0.292308 0.107372
0 0.003846000000000016 0.348397 0.025641000000000025 0.376603 0.025000000000000022 0.398397 0.025000000000000022 0.430449 0.02692300000000003 0.440705 0.010897000000000046 0.427885 0.0025640000000000107 0.409936