0 0.16025599999999995 0.003526 0.146154 0.079167 0.15256400000000003 0.175321 0.145513 0.193269 0.127564 0.263782 0.125 0.357372 0.12051299999999998 0.4125 0.10641 0.4625 0.09102600000000005 0.489423 0.07051300000000005 0.494551 0.039103 0.491987 0.017948999999999993 0.440705 0.04423100000000002 0.434295 0.055127999999999955 0.422756 0.05192300000000005 0.336859 0.04935900000000004 0.311218 0.05833299999999997 0.257372 0.042949000000000015 0.213782 0.030128000000000044 0.208654 0.0025640000000000107 0.16891 0.005769000000000024 0.003526
0 0.584615 0.008654 0.5538460000000001 0.044551 0.54359 0.044551 0.540385 0.117628 0.530769 0.141987 0.48782099999999995 0.133013 0.47307699999999997 0.065064 0.44423100000000004 0.122756 0.43333299999999997 0.133013 0.42564100000000005 0.154808 0.40705100000000005 0.176603 0.400641 0.184295 0.38653800000000005 0.149679 0.369872 0.1125 0.34551299999999996 0.003526
0 0.309615 0.236859 0.32115400000000005 0.295833 0.34166700000000005 0.327885 0.34038500000000005 0.361218 0.329487 0.385577 0.34487199999999996 0.447115 0.36346199999999995 0.454808 0.380128 0.438141 0.40897399999999995 0.404808 0.419231 0.436859 0.42756400000000006 0.521474 0.412821 0.55609 0.400641 0.594551 0.395513 0.621474 0.358974 0.658654 0.31794900000000004 0.677885 0.271795 0.625321 0.253846 0.604808 0.26153800000000005 0.527885 0.269231 0.481731 0.26217900000000005 0.448397 0.22499999999999998 0.379167 0.230769 0.343269 0.273718 0.321474 0.28461499999999995 0.281731 0.292308 0.243269 0.294872 0.195833
0 0.6788460000000001 0.136859 0.692949 0.176603 0.7128209999999999 0.240705 0.7128209999999999 0.266346 0.6935899999999999 0.286859 0.648718 0.294551 0.602564 0.3125 0.610256 0.371474 0.628205 0.438141 0.6371789999999999 0.484295 0.6743589999999999 0.538141 0.679487 0.565064 0.658974 0.6625 0.6141030000000001 0.627885 0.562821 0.51891 0.5288459999999999 0.45609 0.5326919999999999 0.393269 0.544231 0.327885 0.5314099999999999 0.265064 0.5506409999999999 0.198397 0.608333 0.125321 0.6346149999999999 0.115064 0.664103 0.116346
0 0.848077 0.021474 0.8256410000000001 0.070192 0.826923 0.109936 0.757692 0.111218 0.766667 0.061218 0.75 0.080449 0.737179 0.104808 0.685897 0.100962 0.682051 0.047115 0.691667 0.008654 0.812179 0.007372
0 0.951923 0.030449 0.93141 0.038141 0.892949 0.075321 0.888462 0.136859 0.891026 0.202244 0.851282 0.188141 0.811538 0.177885 0.810256 0.217628 0.8 0.266346 0.787179 0.300962 0.776282 0.3125 0.769231 0.354808 0.769231 0.431731 0.809615 0.443269 0.833974 0.450962 0.848077 0.457372 0.854487 0.4625 0.85641 0.475321 0.853846 0.503526 0.850641 0.517628 0.821795 0.548397 0.814103 0.566346 0.8038460000000001 0.653526 0.815385 0.685577 0.826923 0.686859 0.855769 0.675321 0.887821 0.666346 0.914103 0.666346 0.919231 0.670192 0.914744 0.708654 0.914744 0.716346 0.930128 0.730449 0.960256 0.720192 0.984615 0.711218 0.994872 0.679167 0.989103 0.630449 0.975641 0.600962 0.969872 0.559936 0.964103 0.50609 0.998077 0.522756 0.999359 0.145833 0.970513 0.167628 0.960256 0.243269 0.964103 0.302244 0.957692 0.320192 0.946154 0.341987 0.9288460000000001 0.367628 0.919872 0.388141 0.9076919999999999 0.452244 0.900641 0.46891 0.889744 0.472756 0.878846 0.434295 0.876282 0.386859 0.875641 0.353526 0.869872 0.309936 0.891667 0.291987 0.926282 0.275321 0.935897 0.235577 0.959615 0.095833 0.957051 0.040705
0 0.725641 0.921474 0.687179 0.894551 0.651923 0.875321 0.6141030000000001 0.911218 0.594231 0.930449 0.5660259999999999 0.993269 0.7153849999999999 0.994551 0.717949 0.9625 0.733333 0.948397
0 0.42692300000000005 0.779167 0.45128199999999996 0.799679 0.46987199999999996 0.803526 0.46666700000000005 0.858654 0.44166700000000003 0.941987 0.42243600000000003 0.958654 0.391667 0.941987 0.38333300000000003 0.943269 0.371154 0.9125 0.38141 0.854808 0.38717900000000005 0.816346 0.400641 0.789423
0 0.030769000000000046 0.547115 0.03717899999999996 0.575321 0.04615400000000003 0.594551 0.039103 0.611218 0.03397399999999995 0.641987 0.033332999999999946 0.658654 0.026282000000000028 0.685577 0.015384999999999982 0.707372 0.003846000000000016 0.716346 0.0032050000000000134 0.552244
0 0.20128199999999996 0.522756 0.19935899999999995 0.5625 0.19423100000000004 0.579167 0.18140999999999996 0.600962 0.17820499999999995 0.60609 0.15000000000000002 0.574038 0.15000000000000002 0.563782 0.19038500000000003 0.552244
0 0.18076899999999996 0.640705 0.18846200000000002 0.717628 0.18140999999999996 0.741987 0.17500000000000004 0.763782 0.14038499999999998 0.754808 0.127564 0.699679 0.15320500000000004 0.640705
0 0.03205100000000005 0.820192 0.06987200000000005 0.804808 0.12179499999999999 0.800962 0.11474399999999996 0.85609 0.09935899999999998 0.890705 0.09615399999999996 0.893269 0.04102600000000001 0.922756 0.003846000000000016 0.949679 0.001923000000000008 0.807372