0 0.878846 0.099679 0.894872 0.143269 0.912821 0.15609 0.933974 0.257372 0.941026 0.289423 0.939103 0.345833 0.933974 0.352244 0.878846 0.461218 0.849359 0.477885 0.835897 0.46891 0.822436 0.421474 0.792949 0.383013 0.765385 0.377885 0.757692 0.429167 0.741026 0.431731 0.719231 0.370192 0.708974 0.291987 0.708974 0.270192 0.729487 0.236859 0.747436 0.215064 0.747436 0.140705 0.7621789999999999 0.113782 0.775641 0.1625 0.778846 0.209936 0.788462 0.233013 0.8019229999999999 0.238141 0.8038460000000001 0.202244 0.795513 0.166346 0.8006409999999999 0.125321 0.828205 0.095833 0.846154 0.086859
0 0.622436 0.344551 0.651282 0.370192 0.682051 0.438141 0.6948719999999999 0.477885 0.710256 0.511218 0.713462 0.545833 0.691667 0.604808 0.6608970000000001 0.607372 0.6538459999999999 0.597115 0.624359 0.630449 0.605128 0.648397 0.535256 0.697115 0.5083329999999999 0.680449 0.482692 0.658654 0.482051 0.620192 0.485256 0.536859 0.485897 0.425321 0.485897 0.331731 0.551282 0.324038 0.605128 0.350962
0 0.478205 0.376603 0.46794899999999995 0.527885 0.460897 0.570192 0.42500000000000004 0.585577 0.34038500000000005 0.558654 0.32499999999999996 0.55609 0.315385 0.547115 0.33782100000000004 0.626603 0.32692299999999996 0.727885 0.31859000000000004 0.813782 0.30320499999999995 0.849679 0.273077 0.861218 0.24551299999999998 0.827885 0.264744 0.75609 0.273718 0.688141 0.25641 0.636859 0.24102599999999996 0.540705 0.22307699999999997 0.526603 0.21410300000000004 0.585577 0.21666700000000005 0.643269 0.162821 0.559936 0.16794900000000001 0.522756 0.20705099999999999 0.481731 0.254487 0.447115 0.32115400000000005 0.404808 0.337179 0.386859 0.38141 0.431731 0.45128199999999996 0.424038 0.458333 0.411218
0 0.36602599999999996 0.188141 0.400641 0.207372 0.41153799999999996 0.211218 0.41217899999999996 0.238141 0.400641 0.25609 0.390385 0.266346 0.36602599999999996 0.247115 0.31923100000000004 0.213782 0.30320499999999995 0.171474 0.332692 0.183013 0.349359 0.199679
0 0.695513 0.004808 0.64359 0.041987 0.6346149999999999 0.061218 0.622436 0.075321 0.603846 0.072756 0.5685899999999999 0.045833 0.545513 0.00609
0 0.434615 0.011218 0.439103 0.057372 0.455128 0.107372 0.434615 0.122756 0.40705100000000005 0.130449 0.394231 0.129167 0.38461500000000004 0.093269 0.376923 0.039423 0.375641 0.008654 0.42756400000000006 0.004808
0 0.34423099999999995 0.015064 0.332692 0.077885 0.32692299999999996 0.10609 0.31666700000000003 0.115064 0.290385 0.100962 0.26859 0.072756 0.252564 0.047115 0.23653800000000003 0.003526 0.33910300000000004 0.00609
0 0.18525599999999998 0.039423 0.20256399999999997 0.080449 0.19102600000000003 0.107372 0.17884599999999995 0.129167 0.166026 0.163782 0.15641000000000005 0.183013 0.105769 0.131731 0.07692299999999996 0.102244 0.07243599999999994 0.076603 0.087179 0.054808 0.13910299999999998 0.022756 0.17371800000000004 0.035577
0 0.14359 0.197115 0.15705100000000005 0.227885 0.17051300000000003 0.234295 0.17820499999999995 0.253526 0.17179500000000003 0.281731 0.146795 0.31891 0.13974399999999998 0.31891 0.11089700000000002 0.344551 0.087179 0.341987 0.06346200000000002 0.321474 0.05833299999999997 0.3125 0.04615400000000003 0.303526 0.08269199999999999 0.272756 0.104487 0.25609 0.11410299999999995 0.221474 0.125 0.2125
0 0.08140999999999998 0.009936 0.05640999999999996 0.049679 0.02948700000000004 0.091987 0.04230800000000001 0.143269 0.05384599999999995 0.199679 0.040385000000000004 0.189423 0.015384999999999982 0.161218 0.0032050000000000134 0.174038 0.001923000000000008 0.008654 0.04359000000000002 0.013782 0.06474400000000002 0.009936
0 0.09871799999999997 0.508654 0.13141000000000003 0.585577 0.15128200000000003 0.647115 0.146154 0.693269 0.16859000000000002 0.8125 0.230769 0.853526 0.24487199999999998 0.838141 0.247436 0.863782 0.24230799999999997 0.917628 0.232051 0.948397 0.18525599999999998 0.954808 0.16987200000000002 0.941987 0.15192300000000003 0.930449 0.142949 0.836859 0.12243599999999999 0.903526 0.08910300000000004 0.952244 0.06923100000000004 0.931731 0.07243599999999994 0.865064 0.08269199999999999 0.784295 0.06923100000000004 0.717628 0.018589999999999995 0.654808 0.014102999999999977 0.638141 0.03589699999999996 0.598397 0.04487200000000002 0.534295 0.040385000000000004 0.509936 0.07692299999999996 0.507372
0 0.5371790000000001 0.874038 0.546154 0.952244 0.5743590000000001 0.990705 0.45384599999999997 0.991987 0.473718 0.949679 0.48782099999999995 0.911218 0.503205 0.884295
0 0.684615 0.8125 0.7128209999999999 0.880449 0.723077 0.916346 0.708333 0.948397 0.686538 0.953526 0.667949 0.883013 0.648718 0.8625 0.651282 0.835577
0 0.38333300000000003 0.833013 0.375641 0.920192 0.359615 0.974038 0.332692 0.899679 0.333333 0.849679 0.36730799999999997 0.85609
0 0.8641030000000001 0.563782 0.86859 0.588141 0.876282 0.607372 0.876923 0.625321 0.851282 0.680449 0.834615 0.688141 0.8256410000000001 0.666346 0.8230770000000001 0.61891 0.828846 0.585577 0.845513 0.563782
0 0.99359 0.576603 0.957692 0.590705 0.941667 0.595833 0.920513 0.631731 0.889744 0.679167 0.872436 0.713782 0.871795 0.75609 0.880128 0.802244 0.835897 0.811218 0.822436 0.811218 0.801282 0.849679 0.750641 0.995833 0.883333 0.990705 0.895513 0.949679 0.919872 0.995833 0.972917 0.995833 0.948718 0.938141 0.9288460000000001 0.920192 0.922436 0.888141 0.9269229999999999 0.858654 0.954487 0.8125 0.987179 0.777885 0.998077 0.822756 0.998718 0.597115
0 0.019230999999999998 0.934295 0.037820999999999994 0.991987 0.0012820000000000054 0.993269 0.003846000000000016 0.963782 0.012820999999999971 0.938141