0 0.05897399999999997 0.304808 0.083974 0.340705 0.11858999999999997 0.353526 0.13333300000000003 0.40609 0.123718 0.467628 0.10128199999999998 0.508654 0.03717899999999996 0.516346 0.02179500000000001 0.511218 0.019230999999999998 0.453526 0.008974000000000038 0.354808 0.016666999999999987 0.333013 0.02692300000000003 0.322756
0 0.26217900000000005 0.143269 0.30897399999999997 0.220192 0.30705099999999996 0.252244 0.28141000000000005 0.271474 0.272436 0.302244 0.30384599999999995 0.349679 0.28269200000000005 0.384295 0.22307699999999997 0.341987 0.20640999999999998 0.317628 0.18910300000000002 0.279167 0.20512799999999998 0.193269 0.21794899999999995 0.154808
0 0.60641 0.199679 0.66859 0.258654 0.791026 0.325321 0.790385 0.399679 0.724359 0.449679 0.710256 0.452244 0.686538 0.431731 0.60641 0.353526 0.600641 0.335577 0.577564 0.333013 0.547436 0.331731 0.516026 0.300962 0.522436 0.225321 0.579487 0.200962
0 0.5769230000000001 0.0125 0.567949 0.081731 0.554487 0.122756 0.525641 0.125321 0.486538 0.066346 0.48717900000000003 0.002244 0.567949 0.007372
0 0.46923099999999995 0.06891 0.46794899999999995 0.133013 0.461538 0.198397 0.44999999999999996 0.213782 0.437179 0.283013 0.44615400000000005 0.361218 0.44999999999999996 0.400962 0.44423100000000004 0.433013 0.395513 0.476603 0.392308 0.458654 0.38653800000000005 0.372756 0.36346199999999995 0.267628 0.389744 0.248397 0.40448700000000004 0.25609 0.41153799999999996 0.21891 0.40833299999999995 0.179167 0.378205 0.189423 0.399359 0.150962 0.414103 0.145833 0.43140999999999996 0.113782 0.435256 0.081731 0.438462 0.070192 0.44999999999999996 0.070192
0 0.17948699999999995 0.484295 0.18846200000000002 0.533013 0.247436 0.544551 0.229487 0.695833 0.208333 0.727885 0.18205099999999996 0.686859 0.15448700000000004 0.670192 0.15384600000000004 0.649679 0.15705100000000005 0.486859 0.15961499999999995 0.434295
0 0.34230799999999995 0.477885 0.359615 0.486859 0.371154 0.4625 0.370513 0.526603 0.369231 0.534295 0.358333 0.570192 0.34679499999999996 0.581731 0.32692299999999996 0.581731 0.32499999999999996 0.56891 0.309615 0.490705 0.329487 0.480449
0 0.746795 0.527885 0.748077 0.566346 0.775 0.572756 0.817949 0.580449 0.832051 0.589423 0.850641 0.607372 0.858974 0.635577 0.8391029999999999 0.688141 0.778205 0.781731 0.744231 0.8125 0.725641 0.824038 0.703846 0.836859 0.677564 0.788141 0.666026 0.715064 0.6538459999999999 0.647115 0.616026 0.713782 0.547436 0.757372 0.5698719999999999 0.917628 0.566667 0.989423 0.48974399999999996 0.995833 0.46410300000000004 0.931731 0.436538 0.933013 0.40192300000000003 0.938141 0.380128 0.835577 0.391667 0.733013 0.437179 0.674038 0.526282 0.666346 0.594231 0.631731 0.6346149999999999 0.594551 0.662821 0.531731 0.7198720000000001 0.533013 0.732692 0.525321
0 0.916667 0.002244 0.916026 0.065064 0.921795 0.120192 0.952564 0.165064 0.998718 0.16891 0.999359 0.00609
0 0.992949 0.267628 0.957051 0.272756 0.940385 0.320192 0.937821 0.358654 0.953846 0.40609 0.976923 0.400962 0.998077 0.379167 0.998077 0.281731
0 0.994872 0.725321 0.971154 0.749679 0.944231 0.753526 0.950641 0.800962 0.96859 0.875321 0.982692 0.91891 0.996795 0.926603
0 0.877564 0.922756 0.86859 0.990705 0.783974 0.991987 0.801282 0.930449 0.8391029999999999 0.921474 0.8628210000000001 0.916346
0 0.692949 0.8625 0.694231 0.925321 0.662821 0.971474 0.641026 0.935577 0.642949 0.897115 0.667308 0.847115
0 0.13205100000000003 0.0125 0.13076900000000002 0.074038 0.11987199999999998 0.120192 0.10064099999999998 0.040705 0.09807699999999997 0.007372
0 0.004487000000000019 0.616346 0.06282100000000002 0.630449 0.06602600000000003 0.726603 0.05448699999999995 0.758654 0.04679500000000003 0.784295 0.0032050000000000134 0.820192
0 0.045513000000000026 0.839423 0.07756399999999997 0.889423 0.07884599999999997 0.915064 0.06859000000000004 0.985577 0.006410000000000027 0.991987 0.02884600000000004 0.940705 0.04230800000000001 0.902244