0 0.008333000000000035 0.080449 0.017948999999999993 0.121474 0.047436000000000034 0.202244 0.08140999999999998 0.217628 0.12051299999999998 0.333013 0.08076899999999998 0.370192 0.07115400000000005 0.377885 0.04487200000000002 0.400962 0.026282000000000028 0.485577 0.0025640000000000107 0.553526 0.003846000000000016 0.097115
0 0.19935899999999995 0.344551 0.22243599999999997 0.374038 0.24102599999999996 0.403526 0.24615399999999998 0.430449 0.23782099999999995 0.497115 0.23846199999999995 0.522756 0.22499999999999998 0.558654 0.209615 0.554808 0.208974 0.495833 0.20128199999999996 0.45609 0.18974400000000002 0.436859 0.18525599999999998 0.438141 0.166667 0.385577 0.16794900000000001 0.35609 0.17115400000000003 0.340705
0 0.38397400000000004 0.457372 0.391667 0.504808 0.376282 0.552244 0.373718 0.594551 0.36794899999999997 0.622756 0.31730800000000003 0.60609 0.309615 0.6125 0.294872 0.550962 0.28333299999999995 0.494551 0.337179 0.483013 0.36730799999999997 0.429167
0 0.398077 0.694551 0.438462 0.730449 0.494872 0.829167 0.5083329999999999 0.877885 0.533974 0.941987 0.496795 0.985577 0.46987199999999996 0.985577 0.42307700000000004 0.9125 0.388462 0.8625 0.360897 0.821474 0.359615 0.766346 0.357692 0.715064 0.36410299999999995 0.680449 0.38782099999999997 0.688141
0 0.30769199999999997 0.630449 0.310897 0.671474 0.29359 0.731731 0.273718 0.811218 0.23589700000000002 0.775321 0.145513 0.754808 0.14102599999999998 0.788141 0.142949 0.865064 0.17371800000000004 0.91891 0.11474399999999996 0.981731 0.09102600000000005 0.926603 0.06602600000000003 0.852244 0.05640999999999996 0.820192 0.057691999999999966 0.771474 0.085256 0.724038 0.11217900000000003 0.626603 0.11602599999999996 0.554808 0.17115400000000003 0.583013 0.20256399999999997 0.603526 0.249359 0.598397 0.29743600000000003 0.611218
0 0.04230800000000001 0.80609 0.04935900000000004 0.884295 0.07499999999999996 0.953526 0.08269199999999999 0.989423 0.01474399999999998 0.997115 0.01474399999999998 0.961218 0.030769000000000046 0.921474 0.02435900000000002 0.881731 0.018589999999999995 0.845833 0.015384999999999982 0.8125 0.021154000000000006 0.80609
0 0.991026 0.308654 0.987179 0.331731 0.969872 0.290705 0.969231 0.276603 0.934615 0.26891 0.903846 0.265064 0.874359 0.234295 0.859615 0.275321 0.846795 0.333013 0.855769 0.386859 0.886538 0.386859 0.919872 0.409936 0.966026 0.509936 0.996795 0.552244 0.997436 0.326603
0 0.850641 0.661218 0.878846 0.695833 0.89359 0.722756 0.898718 0.794551 0.885256 0.830449 0.875 0.859936 0.836538 0.927885 0.771795 0.95609 0.787821 0.872756 0.7858970000000001 0.849679 0.772436 0.85609 0.762821 0.867628 0.739744 0.825321 0.753205 0.767628 0.789744 0.727885 0.853205 0.698397
0 0.910256 0.066346 0.873077 0.154808 0.835256 0.2125 0.834615 0.270192 0.8243590000000001 0.336859 0.810256 0.331731 0.787179 0.286859 0.761538 0.200962 0.744231 0.165064 0.733333 0.093269 0.751282 0.066346 0.813462 0.080449 0.836538 0.049679 0.851923 0.035577 0.89359 0.040705
0 0.705769 0.477885 0.7416670000000001 0.498397 0.733974 0.552244 0.728846 0.572756 0.7211540000000001 0.586859 0.685897 0.558654 0.688462 0.472756
0 0.625 0.65609 0.628205 0.675321 0.6153850000000001 0.70609 0.610897 0.721474 0.578846 0.729167 0.582692 0.704808 0.601282 0.667628 0.6128210000000001 0.661218