0 0.529487 0.044551 0.5346150000000001 0.091987 0.5538460000000001 0.15609 0.557051 0.184295 0.545513 0.204808 0.44807699999999995 0.213782 0.479487 0.048397 0.49294899999999997 0.036859 0.5326919999999999 0.031731
0 0.330769 0.017628 0.29871800000000004 0.038141 0.270513 0.107372 0.250641 0.152244 0.22628199999999998 0.154808 0.212179 0.139423 0.14935900000000002 0.181731 0.15384600000000004 0.153526 0.17371800000000004 0.102244 0.17564100000000005 0.057372 0.16089699999999996 0.011218 0.146154 0.008654 0.31923100000000004 0.004808
0 0.084615 0.215064 0.11346199999999995 0.252244 0.11410299999999995 0.313782 0.06410300000000002 0.321474 0.04935900000000004 0.398397 0.023077000000000014 0.417628 0.032692000000000054 0.491987 0.020513000000000003 0.517628 0.003846000000000016 0.517628 0.0032050000000000134 0.338141 0.021154000000000006 0.325321 0.05897399999999997 0.280449 0.06346200000000002 0.239423 0.060255999999999976 0.204808 0.07628199999999996 0.200962
0 0.400641 0.345833 0.39359 0.295833 0.351923 0.245833 0.31666700000000003 0.291987 0.30256400000000006 0.331731 0.294872 0.40609 0.31666700000000003 0.422756 0.335256 0.429167 0.355128 0.421474 0.38205100000000003 0.384295 0.38782099999999997 0.361218
0 0.511538 0.477885 0.48141 0.416346 0.44871799999999995 0.403526 0.42692300000000005 0.377885 0.375 0.441987 0.38269200000000003 0.526603 0.38205100000000003 0.565064 0.436538 0.565064 0.454487 0.553526 0.484615 0.595833 0.503205 0.631731 0.524359 0.591987 0.503205 0.536859 0.496795 0.513782
0 0.730769 0.20609 0.749359 0.26891 0.75641 0.367628 0.7166669999999999 0.36891 0.6980770000000001 0.386859 0.66859 0.470192 0.60641 0.553526 0.5743590000000001 0.536859 0.5673079999999999 0.483013 0.601923 0.421474 0.607051 0.363782 0.609615 0.286859 0.616026 0.253526 0.635256 0.229167 0.654487 0.216346 0.665385 0.233013 0.679487 0.276603 0.683333 0.226603 0.691667 0.215064 0.721795 0.2125
0 0.916667 0.376603 0.898718 0.345833 0.883333 0.308654 0.8641030000000001 0.302244 0.839744 0.354808 0.792308 0.445833 0.772436 0.5125 0.771795 0.554808 0.7993589999999999 0.552244 0.8211539999999999 0.522756 0.857692 0.535577 0.885897 0.493269 0.89359 0.463782 0.9076919999999999 0.435577 0.921154 0.399679
0 0.737179 0.544551 0.744872 0.609936 0.748077 0.666346 0.7211540000000001 0.683013 0.714744 0.720192 0.7019230000000001 0.750962 0.6923079999999999 0.774038 0.682051 0.786859 0.665385 0.795833 0.6538459999999999 0.791987 0.644231 0.752244 0.6551279999999999 0.684295 0.666026 0.674038 0.6910259999999999 0.704808 0.6993590000000001 0.698397 0.702564 0.661218 0.696795 0.627885 0.7166669999999999 0.633013 0.719231 0.595833 0.7185900000000001 0.550962 0.728205 0.536859
0 0.38141 0.598397 0.42243600000000003 0.636859 0.439103 0.680449 0.462179 0.716346 0.48846199999999995 0.750962 0.49294899999999997 0.7625 0.486538 0.789423 0.485897 0.799679 0.46282100000000004 0.772756 0.454487 0.786859 0.455128 0.839423 0.47179499999999996 0.871474 0.502564 0.939423 0.5070509999999999 0.991987 0.42243600000000003 0.989423 0.434615 0.915064 0.438462 0.848397 0.42115400000000003 0.845833 0.415385 0.876603 0.40641000000000005 0.872756 0.399359 0.799679 0.39359 0.744551 0.389744 0.708654 0.36538499999999996 0.66891 0.353846 0.590705 0.374359 0.597115
0 0.548718 0.781731 0.5673079999999999 0.829167 0.572436 0.852244 0.573718 0.879167 0.5576920000000001 0.884295 0.539103 0.85609 0.5275639999999999 0.834295 0.528205 0.807372 0.532051 0.795833
0 0.28653799999999996 0.771474 0.29359 0.827885 0.25641 0.838141 0.19935899999999995 0.854808 0.17948699999999995 0.903526 0.147436 0.985577 0.08076899999999998 0.989423 0.07948699999999997 0.876603 0.14871800000000002 0.789423 0.17628200000000005 0.775321 0.20576899999999998 0.709936 0.25961500000000004 0.757372
0 0.951923 0.876603 0.921795 0.845833 0.877564 0.808654 0.866026 0.807372 0.855128 0.827885 0.86859 0.916346 0.879487 0.950962 0.914103 0.961218 0.930769 0.929167
0 0.990385 0.435577 0.957051 0.494551 0.950641 0.529167 0.957692 0.574038 0.964744 0.644551 0.969231 0.666346 0.989744 0.693269 0.99359 0.821474 0.960897 0.765064 0.928205 0.740705 0.900641 0.670192 0.905128 0.60609 0.917308 0.549679 0.914744 0.508654 0.912179 0.472756 0.922436 0.421474 0.950641 0.359936 0.963462 0.30609 0.976282 0.261218 0.996154 0.231731 0.997436 0.411218
0 0.817308 0.803526 0.809615 0.877885 0.807692 0.940705 0.807051 0.958654 0.798718 0.990705 0.770513 0.994551 0.771795 0.971474 0.789103 0.870192 0.8019229999999999 0.822756 0.807692 0.811218