0 0.997436 0.11891 0.991667 0.111218 0.978205 0.088141 0.965385 0.077885 0.946795 0.093269 0.937821 0.141987 0.924359 0.202244 0.912821 0.239423 0.894872 0.243269 0.884615 0.224038 0.873077 0.175321 0.870513 0.15609 0.8628210000000001 0.115064 0.8641030000000001 0.06891 0.880128 0.053526 0.902564 0.05609 0.915385 0.044551 0.91859 0.01891 0.917949 0.004808 0.998077 0.002244
0 0.771154 0.224038 0.777564 0.299679 0.769872 0.331731 0.764103 0.363782 0.761538 0.411218 0.739744 0.40609 0.735897 0.426603 0.7403850000000001 0.447115 0.755769 0.444551 0.766667 0.443269 0.7608969999999999 0.476603 0.747436 0.499679 0.730769 0.511218 0.704487 0.524038 0.689744 0.517628 0.6801280000000001 0.481731 0.679487 0.443269 0.685897 0.400962 0.687821 0.361218 0.689744 0.311218 0.7032050000000001 0.26891 0.728846 0.236859 0.748077 0.226603
0 0.608974 0.007372 0.607692 0.049679 0.601923 0.084295 0.609615 0.125321 0.613462 0.152244 0.5923080000000001 0.1625 0.585897 0.167628 0.577564 0.194551 0.5730770000000001 0.239423 0.553205 0.245833 0.5275639999999999 0.233013 0.5083329999999999 0.179167 0.516026 0.115064 0.522436 0.05609 0.532051 0.01891 0.547436 0.004808
0 0.778205 0.008654 0.779487 0.039423 0.772436 0.0625 0.757051 0.095833 0.747436 0.121474 0.7429490000000001 0.163782 0.723077 0.10609 0.7019230000000001 0.094551 0.690385 0.0625 0.6961539999999999 0.017628 0.697436 0.00609
0 0.998718 0.40609 0.985897 0.397115 0.973077 0.388141 0.963462 0.372756 0.95641 0.388141 0.955769 0.415064 0.958974 0.450962 0.964744 0.474038 0.976923 0.499679 0.985256 0.516346 0.998077 0.520192
0 0.930769 0.376603 0.941026 0.424038 0.945513 0.453526 0.932051 0.465064 0.9288460000000001 0.490705 0.919872 0.517628 0.910897 0.525321 0.892949 0.5125 0.8628210000000001 0.493269 0.846795 0.433013 0.8416669999999999 0.407372 0.855769 0.372756 0.873077 0.345833 0.878205 0.374038 0.882051 0.391987 0.903205 0.391987 0.921154 0.386859
0 0.517949 0.299679 0.521154 0.327885 0.554487 0.366346 0.5673079999999999 0.41891 0.5711539999999999 0.449679 0.564103 0.495833 0.555769 0.520192 0.536538 0.544551 0.50641 0.576603 0.497436 0.589423 0.482051 0.60609 0.46474400000000005 0.6125 0.44679500000000005 0.590705 0.42564100000000005 0.526603 0.400641 0.507372 0.38589700000000005 0.474038 0.38717900000000005 0.429167 0.359615 0.439423 0.33910300000000004 0.434295 0.31859000000000004 0.393269 0.312821 0.391987 0.30128200000000005 0.424038 0.290385 0.404808 0.28141000000000005 0.36891 0.28141000000000005 0.324038 0.28269200000000005 0.299679 0.287821 0.285577 0.30384599999999995 0.311218 0.31923100000000004 0.330449 0.32756399999999997 0.330449 0.333974 0.322756 0.335256 0.298397 0.353205 0.26891 0.35641 0.254808 0.350641 0.227885 0.360256 0.189423 0.376923 0.150962 0.391026 0.167628 0.40448700000000004 0.139423 0.391667 0.126603 0.38525600000000004 0.111218 0.398718 0.090705 0.419231 0.066346 0.44294900000000004 0.058654 0.460256 0.071474 0.482692 0.090705 0.477564 0.126603 0.458974 0.147115 0.44551300000000005 0.1625 0.43076899999999996 0.172756 0.42500000000000004 0.199679 0.43397399999999997 0.216346 0.43205099999999996 0.236859 0.41153799999999996 0.270192 0.40705100000000005 0.307372 0.414744 0.315064 0.458333 0.313782 0.478205 0.295833 0.503205 0.279167
0 0.17564100000000005 0.183013 0.19038500000000003 0.215064 0.19551300000000005 0.227885 0.21730799999999995 0.207372 0.233333 0.209936 0.23461500000000002 0.272756 0.20384599999999997 0.280449 0.19935899999999995 0.288141 0.20512799999999998 0.313782 0.18333299999999997 0.35609 0.16987200000000002 0.379167 0.15320500000000004 0.403526 0.13910299999999998 0.417628 0.11474399999999996 0.440705 0.10128199999999998 0.417628 0.09166700000000005 0.398397 0.084615 0.35609 0.087179 0.303526 0.105128 0.270192 0.11346199999999995 0.241987 0.13461500000000004 0.213782 0.12243599999999999 0.157372 0.13269200000000003 0.116346 0.141667 0.144551 0.166026 0.122756 0.18461499999999997 0.138141 0.18397399999999997 0.159936
0 0.09935899999999998 0.117628 0.09935899999999998 0.15609 0.10192299999999999 0.185577 0.10320499999999999 0.217628 0.06474400000000002 0.243269 0.04423100000000002 0.279167 0.02179500000000001 0.295833 0.0032050000000000134 0.26891 0.0032050000000000134 0.135577 0.030769000000000046 0.135577 0.04230800000000001 0.152244 0.06089699999999998 0.158654 0.08140999999999998 0.150962 0.09230799999999995 0.11891
0 0.791667 0.638141 0.790385 0.670192 0.790385 0.694551 0.791667 0.700962 0.825 0.716346 0.828205 0.738141 0.81859 0.763782 0.832692 0.765064 0.838462 0.802244 0.807692 0.835577 0.786538 0.866346 0.777564 0.879167 0.753205 0.857372 0.739744 0.803526 0.70641 0.811218 0.7153849999999999 0.783013 0.7173080000000001 0.750962 0.705128 0.743269 0.707051 0.725321 0.717949 0.689423 0.723718 0.658654 0.730769 0.638141 0.755769 0.65609 0.782051 0.611218 0.789744 0.607372
0 0.54359 0.765064 0.5480769999999999 0.80609 0.5589740000000001 0.774038 0.564103 0.748397 0.5711539999999999 0.789423 0.5711539999999999 0.821474 0.563462 0.835577 0.5551280000000001 0.866346 0.5564100000000001 0.897115 0.546154 0.91891 0.537821 0.939423 0.5358970000000001 0.9625 0.523718 0.995833 0.461538 0.988141 0.44679500000000005 0.994551 0.412821 0.985577 0.417308 0.925321 0.417308 0.881731 0.40769200000000005 0.859936 0.395513 0.872756 0.372436 0.845833 0.38461500000000004 0.795833 0.42179500000000003 0.771474 0.44743599999999994 0.76891 0.46666700000000005 0.763782 0.49038499999999996 0.758654 0.505769 0.770192 0.525 0.785577
0 0.251282 0.71891 0.267308 0.767628 0.272436 0.824038 0.270513 0.845833 0.27884600000000004 0.889423 0.30448699999999995 0.895833 0.335256 0.917628 0.34294899999999995 0.949679 0.360256 0.950962 0.355769 0.995833 0.21474400000000005 0.994551 0.20448699999999997 0.9625 0.18525599999999998 0.950962 0.17115400000000003 0.935577 0.162821 0.902244 0.15000000000000002 0.885577 0.146154 0.897115 0.13653800000000005 0.889423 0.13269200000000003 0.858654 0.142949 0.824038 0.15320500000000004 0.794551 0.17179500000000003 0.774038 0.19743599999999994 0.784295 0.210256 0.759936 0.20705099999999999 0.725321 0.22307699999999997 0.717628 0.23910299999999995 0.717628
0 0.22564099999999998 0.470192 0.253205 0.485577 0.270513 0.485577 0.287821 0.472756 0.27948700000000004 0.511218 0.271154 0.530449 0.269231 0.577885 0.275 0.607372 0.254487 0.630449 0.233333 0.653526 0.22692299999999999 0.617628 0.22371799999999997 0.576603 0.210897 0.575321 0.207692 0.577885 0.20448699999999997 0.571474 0.20384599999999997 0.544551 0.18974400000000002 0.529167 0.17628200000000005 0.539423 0.166026 0.529167 0.18205099999999996 0.5125 0.18782100000000002 0.489423 0.20705099999999999 0.477885
0 0.09294899999999995 0.738141 0.09358999999999995 0.758654 0.09358999999999995 0.813782 0.09294899999999995 0.839423 0.09102600000000005 0.8625 0.07179500000000005 0.880449 0.06089699999999998 0.871474 0.052564000000000055 0.839423 0.039103 0.845833 0.018589999999999995 0.821474 0.028205000000000036 0.790705 0.048077000000000036 0.7625 0.05576899999999996 0.731731 0.06794900000000004 0.738141 0.085897 0.720192
0 0.06859000000000004 0.495833 0.059614999999999974 0.521474 0.05833299999999997 0.549679 0.05064100000000005 0.584295 0.037820999999999994 0.588141 0.011538000000000048 0.565064 0.005128000000000021 0.536859 0.035255999999999954 0.50609 0.047436000000000034 0.494551 0.04102600000000001 0.452244 0.035255999999999954 0.413782 0.03141000000000005 0.363782 0.05705099999999996 0.340705 0.062178999999999984 0.403526 0.07243599999999994 0.443269 0.07692299999999996 0.4625
0 0.883974 0.615064 0.888462 0.644551 0.9 0.663782 0.896154 0.690705 0.889103 0.725321 0.876282 0.759936 0.854487 0.757372 0.845513 0.698397 0.845513 0.657372 0.866026 0.61891
0 0.6608970000000001 0.617628 0.65 0.653526 0.644231 0.699679 0.641026 0.716346 0.612179 0.703526 0.608333 0.652244 0.5948720000000001 0.647115 0.603846 0.603526 0.622436 0.56891 0.644231 0.590705 0.648718 0.6125
0 0.638462 0.903526 0.641026 0.941987 0.639103 0.96891 0.644231 0.989423 0.622436 0.991987 0.612179 0.976603 0.5916669999999999 0.977885 0.588462 0.935577 0.573718 0.893269 0.5878209999999999 0.848397 0.5948720000000001 0.891987 0.603846 0.920192 0.620513 0.909936