0 0.10769200000000001 0.066346 0.11153800000000003 0.136859 0.12243599999999999 0.16891 0.125641 0.265064 0.11025600000000002 0.289423 0.06859000000000004 0.289423 0.035255999999999954 0.247115 0.030769000000000046 0.208654 0.02435900000000002 0.171474 0.002082999999999946 0.0875 0.005769000000000024 0.024038 0.030128000000000044 0.048397 0.055127999999999955 0.086859 0.08140999999999998 0.035577 0.10961500000000002 0.020192 0.11282099999999995 0.050962
0 0.24551299999999998 0.345833 0.29743600000000003 0.371474 0.32179500000000005 0.427885 0.34102600000000005 0.471474 0.353846 0.503526 0.35641 0.553526 0.332692 0.633013 0.336538 0.684295 0.34358999999999995 0.709936 0.32884599999999997 0.729167 0.313462 0.729167 0.291026 0.683013 0.25833300000000003 0.640705 0.23141 0.583013 0.20192299999999996 0.521474 0.18525599999999998 0.471474 0.19038500000000003 0.366346 0.209615 0.333013
0 0.18461499999999997 0.504808 0.19679500000000005 0.590705 0.24230799999999997 0.665064 0.27820500000000004 0.722756 0.29935900000000004 0.7625 0.27820500000000004 0.774038 0.249359 0.781731 0.22051299999999996 0.70609 0.17115400000000003 0.640705 0.144231 0.55609 0.146795 0.524038 0.17179500000000003 0.513782
0 0.07051300000000005 0.358654 0.09294899999999995 0.391987 0.09230799999999995 0.471474 0.083974 0.481731 0.06794900000000004 0.493269 0.05128200000000005 0.443269 0.059614999999999974 0.385577
0 0.454487 0.188141 0.495513 0.199679 0.501923 0.326603 0.504487 0.36891 0.516667 0.389423 0.540385 0.391987 0.5961540000000001 0.394551 0.601282 0.441987 0.588462 0.488141 0.580128 0.545833 0.5506409999999999 0.629167 0.54359 0.720192 0.516667 0.767628 0.498077 0.790705 0.48141 0.808654 0.435897 0.765064 0.416667 0.733013 0.44871799999999995 0.675321 0.461538 0.639423 0.460256 0.585577 0.40769200000000005 0.529167 0.4 0.465064 0.41153799999999996 0.266346 0.42307700000000004 0.221474 0.44294900000000004 0.180449
0 0.757692 0.052244 0.7621789999999999 0.125321 0.7403850000000001 0.161218 0.717949 0.195833 0.710897 0.238141 0.688462 0.249679 0.6717949999999999 0.252244 0.632692 0.175321 0.630769 0.131731 0.640385 0.080449 0.683333 0.044551 0.7141029999999999 0.036859 0.746795 0.049679
0 0.860897 0.021474 0.873077 0.104808 0.873718 0.154808 0.851923 0.298397 0.8403849999999999 0.325321 0.813462 0.35609 0.801282 0.383013 0.765385 0.344551 0.765385 0.250962 0.766667 0.236859 0.789103 0.163782 0.79359 0.115064 0.794231 0.035577 0.791667 0.009936 0.836538 0.009936
0 0.713462 0.731731 0.7032050000000001 0.695833 0.651923 0.658654 0.637821 0.680449 0.623718 0.707372 0.638462 0.76891 0.660256 0.820192 0.6596150000000001 0.844551 0.6551279999999999 0.872756 0.6910259999999999 0.789423 0.710256 0.75609
0 0.938462 0.983013 0.94359 0.927885 0.920513 0.890705 0.9083330000000001 0.920192 0.861538 0.924038 0.801282 0.96891 0.76859 0.974038 0.7621789999999999 0.991987 0.927564 0.995833
0 0.06602600000000003 0.666346 0.07499999999999996 0.690705 0.10641 0.683013 0.11410299999999995 0.681731 0.13269200000000003 0.739423 0.125 0.767628 0.11346199999999995 0.802244 0.13525600000000004 0.8125 0.14935900000000002 0.8625 0.15897399999999995 0.900962 0.16923100000000002 0.91891 0.146154 0.9625 0.09871799999999997 0.974038 0.07948699999999997 0.921474 0.07756399999999997 0.847115 0.07435899999999995 0.824038 0.05448699999999995 0.797115 0.035255999999999954 0.767628 0.019230999999999998 0.717628 0.014102999999999977 0.672756 0.02692300000000003 0.65609 0.055127999999999955 0.653526
0 0.02435900000000002 0.795833 0.04615400000000003 0.826603 0.04423100000000002 0.848397 0.04423100000000002 0.907372 0.04487200000000002 0.917628 0.033332999999999946 0.933013 0.004487000000000019 0.972756 0.003846000000000016 0.807372
0 0.785256 0.497115 0.779487 0.598397 0.776282 0.608654 0.764744 0.635577 0.755769 0.635577 0.737179 0.584295 0.7403850000000001 0.550962 0.762821 0.516346 0.767949 0.507372
0 0.38333300000000003 0.020192 0.392308 0.095833 0.38397400000000004 0.186859 0.36666699999999997 0.141987 0.36538499999999996 0.111218 0.34615399999999996 0.111218 0.30384599999999995 0.070192 0.30256400000000006 0.040705 0.312821 0.009936 0.376282 0.008654
0 0.875 0.470192 0.9083330000000001 0.490705 0.925641 0.527885 0.871795 0.576603 0.8628210000000001 0.60609 0.851282 0.559936 0.849359 0.485577 0.859615 0.471474
0 0.730128 0.871474 0.747436 0.871474 0.752564 0.944551 0.735897 0.965064 0.7006410000000001 0.952244 0.701282 0.925321 0.716026 0.867628