0 0.19102600000000003 0.0125 0.20256399999999997 0.033013 0.21410300000000004 0.020192 0.22692299999999999 0.022756 0.230769 0.044551 0.21602600000000005 0.072756 0.19999999999999996 0.134295 0.18333299999999997 0.170192 0.146795 0.198397 0.125641 0.213782 0.105769 0.241987 0.09358999999999995 0.227885 0.084615 0.195833 0.07820499999999997 0.159936 0.09294899999999995 0.107372 0.10705100000000001 0.05609 0.11346199999999995 0.020192 0.12115399999999998 0.008654 0.18397399999999997 0.009936
0 0.09551299999999996 0.017628 0.07051300000000005 0.048397 0.05192300000000005 0.070192 0.028205000000000036 0.074038 0.019230999999999998 0.089423 0.006410000000000027 0.057372 0.003846000000000016 0.009936 0.085897 0.00609
0 0.508974 0.11891 0.516667 0.159936 0.5576920000000001 0.193269 0.5743590000000001 0.244551 0.570513 0.30609 0.537821 0.31891 0.536538 0.349679 0.511538 0.367628 0.480769 0.389423 0.474359 0.403526 0.42948699999999995 0.343269 0.38653800000000005 0.293269 0.38589700000000005 0.257372 0.36217900000000003 0.235577 0.32628199999999996 0.217628 0.28205100000000005 0.190705 0.28461499999999995 0.140705 0.29871800000000004 0.095833 0.32884599999999997 0.104808 0.354487 0.045833 0.36282099999999995 0.004808 0.42243600000000003 0.004808 0.40833299999999995 0.06891 0.43205099999999996 0.113782 0.461538 0.115064 0.480769 0.084295 0.5083329999999999 0.081731 0.516026 0.084295
0 0.255128 0.274038 0.275 0.289423 0.255128 0.322756 0.269872 0.365064 0.264103 0.426603 0.24294899999999997 0.433013 0.21410300000000004 0.421474 0.210897 0.370192 0.19871799999999995 0.357372 0.19615400000000005 0.333013 0.18269199999999997 0.326603 0.17948699999999995 0.295833 0.19743599999999994 0.279167 0.23782099999999995 0.279167
0 0.23397400000000002 0.504808 0.25897400000000004 0.529167 0.265385 0.6125 0.287821 0.640705 0.272436 0.657372 0.314103 0.693269 0.32371799999999995 0.693269 0.333333 0.715064 0.335256 0.788141 0.34294899999999995 0.813782 0.33910300000000004 0.858654 0.32884599999999997 0.888141 0.28012800000000004 0.863782 0.23717900000000003 0.836859 0.20448699999999997 0.753526 0.16794900000000001 0.708654 0.13269200000000003 0.665064 0.13846199999999997 0.620192 0.16025599999999995 0.581731 0.18012799999999995 0.572756 0.21346200000000004 0.575321 0.21282100000000004 0.521474 0.21666700000000005 0.500962
0 0.085897 0.535577 0.09807699999999997 0.616346 0.09935899999999998 0.638141 0.084615 0.670192 0.05064100000000005 0.649679 0.032692000000000054 0.627885 0.02435900000000002 0.590705 0.05833299999999997 0.547115
0 0.526282 0.56891 0.548718 0.598397 0.562179 0.65609 0.542949 0.703526 0.539103 0.772756 0.5326919999999999 0.799679 0.515385 0.822756 0.49102599999999996 0.803526 0.44615400000000005 0.776603 0.415385 0.730449 0.415385 0.697115 0.40897399999999995 0.663782 0.394231 0.644551 0.38397400000000004 0.595833 0.40320500000000004 0.566346 0.42948699999999995 0.550962 0.480769 0.571474 0.5121789999999999 0.571474
0 0.6576919999999999 0.394551 0.663462 0.426603 0.6576919999999999 0.448397 0.649359 0.457372 0.648077 0.502244 0.617308 0.50609 0.6128210000000001 0.477885 0.610256 0.397115 0.628205 0.388141 0.6525639999999999 0.416346
0 0.777564 0.061218 0.767308 0.149679 0.759615 0.180449 0.769231 0.198397 0.744231 0.213782 0.736538 0.236859 0.761538 0.244551 0.7621789999999999 0.2625 0.7391030000000001 0.290705 0.719231 0.311218 0.697436 0.30609 0.685256 0.266346 0.679487 0.234295 0.696795 0.198397 0.705128 0.180449 0.7019230000000001 0.158654 0.7128209999999999 0.125321 0.701282 0.075321 0.729487 0.034295 0.758333 0.026603 0.774359 0.043269
0 0.935897 0.186859 0.946154 0.240705 0.933974 0.272756 0.927564 0.304808 0.896795 0.300962 0.885897 0.286859 0.863462 0.265064 0.8448720000000001 0.240705 0.838462 0.21891 0.846154 0.188141 0.869231 0.183013 0.895513 0.188141 0.921154 0.184295 0.928205 0.176603
0 0.791026 0.459936 0.792949 0.497115 0.809615 0.503526 0.825 0.502244 0.837179 0.530449 0.8391029999999999 0.591987 0.809615 0.647115 0.7858970000000001 0.676603 0.765385 0.670192 0.750641 0.611218 0.726282 0.599679 0.7128209999999999 0.5625 0.7128209999999999 0.529167 0.728205 0.470192 0.728846 0.449679 0.7608969999999999 0.467628 0.764103 0.467628
0 0.997436 0.200962 0.982051 0.194551 0.960256 0.193269 0.951282 0.220192 0.950641 0.243269 0.960897 0.263782 0.971154 0.274038 0.978846 0.297115 0.998077 0.309936
0 0.582051 0.011218 0.58141 0.041987 0.5769230000000001 0.061218 0.558333 0.065064 0.546154 0.065064 0.532051 0.041987 0.515385 0.009936 0.526923 0.00609 0.5756410000000001 0.00609
0 0.888462 0.422756 0.891026 0.445833 0.896795 0.459936 0.901282 0.480449 0.894231 0.498397 0.8871789999999999 0.531731 0.874359 0.572756 0.846795 0.545833 0.844231 0.50609 0.8435900000000001 0.448397 0.846154 0.425321 0.864744 0.424038 0.876282 0.41891
0 0.6 0.670192 0.604487 0.699679 0.6153850000000001 0.699679 0.626282 0.693269 0.639744 0.704808 0.64359 0.721474 0.637821 0.743269 0.639103 0.799679 0.64359 0.820192 0.628846 0.85609 0.620513 0.817628 0.611538 0.789423 0.596795 0.75609 0.58141 0.702244 0.580769 0.676603 0.5903849999999999 0.659936
0 0.020513000000000003 0.294551 0.04230800000000001 0.311218 0.05897399999999997 0.30609 0.055127999999999955 0.365064 0.04102600000000001 0.386859 0.03141000000000005 0.381731 0.023077000000000014 0.365064 0.006410000000000027 0.344551 0.0070510000000000295 0.320192