0 0.580769 0.422115 0.541026 0.44519200000000003 0.537821 0.49134599999999995 0.5685899999999999 0.538782 0.5891029999999999 0.540064 0.620513 0.49134599999999995 0.635256 0.460577 0.651282 0.422115 0.6980770000000001 0.422115 0.702564 0.37852600000000003 0.6948719999999999 0.30544899999999997 0.683333 0.252885 0.651282 0.23750000000000004 0.6166670000000001 0.273397 0.6128210000000001 0.33109 0.605128 0.38493599999999994 0.5916669999999999 0.433654
0 0.458974 0.458013 0.494231 0.42980799999999997 0.496154 0.40544899999999995 0.475 0.35929500000000003 0.46538500000000005 0.34647399999999995 0.44871799999999995 0.350321 0.41217899999999996 0.37852600000000003 0.41217899999999996 0.40288500000000005 0.42115400000000003 0.44519200000000003 0.455769 0.47211499999999995
0 0.99359 0.399038 0.969872 0.415705 0.942949 0.39391 0.908974 0.36314100000000005 0.872436 0.334936 0.830769 0.19775600000000004 0.839744 0.145192 0.848077 0.13109000000000004 0.872436 0.145192 0.913462 0.17596199999999995 0.951923 0.168269 0.971154 0.184936 0.971154 0.23365400000000003 0.967949 0.268269 0.979487 0.291346 0.995513 0.296474 0.999359 0.38365400000000005
0 0.819231 0.18108999999999997 0.832051 0.169551 0.830128 0.12467899999999998 0.832051 0.11057700000000004 0.837179 0.09391000000000005 0.850641 0.07083300000000003 0.8423080000000001 0.03365399999999996 0.8435900000000001 0.009295000000000053 0.758974 0.009295000000000053 0.748718 0.04519200000000001 0.73141 0.03365399999999996 0.7128209999999999 0.008013000000000048 0.6153850000000001 0.009295000000000053 0.604487 0.07596199999999997 0.583333 0.09134600000000004 0.5564100000000001 0.102885 0.542308 0.12339699999999998 0.536538 0.168269 0.5564100000000001 0.19134600000000002 0.610256 0.166987 0.6333329999999999 0.205449 0.6621790000000001 0.23365400000000003 0.679487 0.228526 0.692949 0.190064 0.70641 0.17211500000000002 0.7185900000000001 0.170833 0.763462 0.146474 0.777564 0.16442299999999999 0.804487 0.19519200000000003
0 0.440385 0.928526 0.5121789999999999 0.847756 0.546154 0.856731 0.5506409999999999 0.808013 0.524359 0.770833 0.50641 0.7413460000000001 0.495513 0.708013 0.486538 0.704167 0.45064099999999996 0.711859 0.38589700000000005 0.756731 0.34423099999999995 0.784936 0.32692299999999996 0.851603 0.332692 0.9041669999999999 0.379487 0.925962 0.40833299999999995 0.927244 0.42179500000000003 0.94391
0 0.275641 0.983654 0.275641 0.942628 0.273718 0.8644229999999999 0.263462 0.820833 0.25 0.7823720000000001 0.21794899999999995 0.810577 0.19743599999999994 0.827244 0.18012799999999995 0.8618589999999999 0.18461499999999997 0.947756 0.18910300000000002 0.973397 0.19359000000000004 0.992628 0.26089700000000005 0.991346
0 0.289103 0.788782 0.271154 0.705449 0.271154 0.640064 0.26859 0.584936 0.274359 0.5310900000000001 0.25769200000000003 0.458013 0.248718 0.41057699999999997 0.232051 0.399038 0.19871799999999995 0.40160300000000004 0.18012799999999995 0.458013 0.20640999999999998 0.568269 0.18910300000000002 0.6310899999999999 0.17692300000000005 0.608013 0.14935900000000002 0.5695509999999999 0.11923099999999998 0.560577 0.124359 0.623397 0.13333300000000003 0.661859 0.146795 0.697756 0.164744 0.758013 0.19679500000000005 0.747756 0.269231 0.713141 0.27820500000000004 0.758013
0 0.164103 0.969551 0.16794900000000001 0.856731 0.13910299999999998 0.7464740000000001 0.128205 0.670833 0.105128 0.642628 0.087179 0.642628 0.06794900000000004 0.713141 0.09423099999999995 0.811859 0.12115399999999998 0.891346 0.126923 0.928526 0.11282099999999995 0.978526 0.12083299999999997 1.0 0.142949 0.991346 0.15769200000000005 0.988782
0 0.02435900000000002 0.616987 0.05320499999999995 0.582372 0.05705099999999996 0.547756 0.06346200000000002 0.46442300000000003 0.06410300000000002 0.416987 0.03397399999999995 0.328526 0.026282000000000028 0.290064 0.001923000000000008 0.28365399999999996 0.003846000000000016 0.606731
0 0.23525600000000002 0.24903799999999998 0.295513 0.184936 0.335897 0.15673099999999995 0.38269200000000003 0.149038 0.42371800000000004 0.16057699999999997 0.378205 0.05929499999999999 0.36538499999999996 0.05032099999999995 0.32371799999999995 0.07596199999999997 0.310256 0.06570500000000001 0.32371799999999995 0.03621799999999997 0.32371799999999995 0.019550999999999985 0.32243599999999994 0.0067310000000000425 0.247436 0.0067310000000000425 0.208333 0.027244000000000046 0.208333 0.09391000000000005 0.21282100000000004 0.12339699999999998 0.19999999999999996 0.13365400000000005 0.18589699999999998 0.11570499999999995 0.16153799999999996 0.13749999999999996 0.146795 0.17724399999999996 0.15192300000000003 0.204167 0.18269199999999997 0.21955100000000005 0.208974 0.23750000000000004 0.21602600000000005 0.24134599999999995
0 0.857051 0.99391 0.861538 0.9041669999999999 0.839744 0.8644229999999999 0.874359 0.832372 0.878846 0.813141 0.873077 0.754167 0.871154 0.718269 0.832692 0.716987 0.817949 0.718269 0.808974 0.759295 0.7846150000000001 0.769551 0.770513 0.764423 0.7391030000000001 0.7208330000000001 0.708333 0.725962 0.6166670000000001 0.827244 0.623077 0.919551 0.625641 0.959295 0.641667 0.990064 0.842949 0.990064