0 0.32692299999999996 0.968269 0.349359 0.93109 0.36730799999999997 0.8836539999999999 0.36602599999999996 0.872115 0.398077 0.828526 0.42500000000000004 0.792628 0.44871799999999995 0.599038 0.42564100000000005 0.5298080000000001 0.416026 0.499038 0.401282 0.454167 0.380128 0.411859 0.348718 0.422115 0.329487 0.497756 0.335897 0.568269 0.32820499999999997 0.634936 0.32435899999999995 0.6541669999999999 0.30448699999999995 0.586218 0.288462 0.54391 0.275641 0.528526 0.23717900000000003 0.541346 0.246795 0.602885 0.24615399999999998 0.638782 0.23910299999999995 0.679808 0.230128 0.738782 0.25897400000000004 0.752885 0.276282 0.79391 0.309615 0.805449 0.32179500000000005 0.834936 0.31602600000000003 0.860577 0.29935900000000004 0.895192 0.291667 0.925962 0.29359 0.960577 0.30192300000000005 0.972115
0 0.27948700000000004 0.99391 0.288462 0.958013 0.26859 0.951603 0.246795 0.955449 0.22115399999999996 0.929808 0.208974 0.892628 0.208974 0.866987 0.21602600000000005 0.810577 0.20705099999999999 0.810577 0.18910300000000002 0.808013 0.18205099999999996 0.820833 0.17179500000000003 0.8426279999999999 0.166026 0.8875 0.16153799999999996 0.9028849999999999 0.15128200000000003 0.850321 0.15641000000000005 0.791346 0.15961499999999995 0.750321 0.163462 0.715705 0.15256400000000003 0.696474 0.144231 0.700321 0.10897400000000002 0.7233970000000001 0.09487199999999996 0.740064 0.062178999999999984 0.768269 0.085256 0.829808 0.10705100000000001 0.850321 0.10833300000000001 0.8644229999999999 0.09679499999999996 0.908013 0.09358999999999995 0.947756 0.09038500000000005 0.973397 0.07115400000000005 0.974679 0.05705099999999996 0.992628
0 0.037820999999999994 0.98109 0.04102600000000001 0.956731 0.04230800000000001 0.920833 0.02692300000000003 0.875962 0.027564000000000033 0.805449 0.04359000000000002 0.734936 0.06410300000000002 0.710577 0.06987200000000005 0.678526 0.039103 0.6285259999999999 0.030769000000000046 0.582372 0.020513000000000003 0.540064 0.003846000000000016 0.540064 0.0025640000000000107 0.991346 0.02948700000000004 0.992628
0 0.732051 0.984936 0.730128 0.954167 0.728846 0.89391 0.736538 0.8631409999999999 0.758974 0.828526 0.752564 0.7810900000000001 0.748718 0.7426280000000001 0.720513 0.686218 0.705128 0.699038 0.684615 0.734936 0.667949 0.758013 0.664103 0.7810900000000001 0.648077 0.784936 0.625 0.797756 0.611538 0.820833 0.610897 0.854167 0.612179 0.877244 0.586538 0.8836539999999999 0.624359 0.923397 0.64359 0.947756 0.6564099999999999 0.974679 0.6576919999999999 0.992628 0.724359 0.992628
0 0.917308 0.9875 0.901923 0.934936 0.896154 0.913141 0.891667 0.899038 0.877564 0.911859 0.876282 0.923397 0.85641 0.938782 0.85 0.964423 0.836538 0.991346 0.908974 0.99391
0 0.93141 0.991346 0.923077 0.961859 0.922436 0.918269 0.9288460000000001 0.920833 0.939744 0.920833 0.937821 0.9041669999999999 0.93141 0.859295 0.930769 0.808013 0.922436 0.755449 0.905769 0.716987 0.900641 0.69391 0.908974 0.670833 0.922436 0.665705 0.958333 0.661859 0.962179 0.661859 0.980128 0.699038 0.991026 0.7426280000000001 0.995513 0.784936 0.996795 0.818269 0.996795 0.8644229999999999 0.997436 0.99391
0 0.989103 0.5336540000000001 0.971154 0.499038 0.944872 0.47339699999999996 0.932692 0.47339699999999996 0.923718 0.416987 0.922436 0.41057699999999997 0.901282 0.42980799999999997 0.878205 0.38621799999999995 0.836538 0.33109 0.834615 0.288782 0.8628210000000001 0.28108999999999995 0.888462 0.325962 0.912179 0.36185900000000004 0.923077 0.354167 0.925641 0.30416699999999997 0.962179 0.28493599999999997 0.967949 0.299038 0.980128 0.34006400000000003 0.983974 0.34519200000000005 0.995513 0.32339700000000005 0.996795 0.40288500000000005 0.995513 0.500321
0 0.817949 0.729808 0.8403849999999999 0.699038 0.854487 0.674679 0.8416669999999999 0.627244 0.833974 0.5951919999999999 0.798718 0.602885 0.795513 0.64391 0.791026 0.677244 0.79359 0.702885 0.807051 0.716987
0 0.649359 0.665705 0.685256 0.625962 0.691667 0.597756 0.6743589999999999 0.538782 0.664744 0.546474 0.650641 0.58109 0.641667 0.6144229999999999 0.646154 0.649038
0 0.5673079999999999 0.288782 0.589744 0.25929500000000005 0.5916669999999999 0.21185900000000002 0.584615 0.17467900000000003 0.5782050000000001 0.15288500000000005 0.560897 0.14006399999999997 0.537821 0.18365399999999998 0.526923 0.19647400000000004 0.5480769999999999 0.25544900000000004
0 0.511538 0.17852599999999996 0.5096149999999999 0.12852600000000003 0.478205 0.083654 0.46987199999999996 0.101603 0.46538500000000005 0.12852600000000003 0.497436 0.168269
0 0.30833299999999997 0.36442300000000005 0.31794900000000004 0.32211500000000004 0.332692 0.23750000000000004 0.30640999999999996 0.1875 0.28076900000000005 0.21570500000000004 0.26282099999999997 0.270833 0.255769 0.30288499999999996 0.275 0.334936 0.30256400000000006 0.38365400000000005
0 0.17628200000000005 0.397756 0.22435899999999998 0.36057700000000004 0.229487 0.34903799999999996 0.19359000000000004 0.27724400000000005 0.19935899999999995 0.21955100000000005 0.17692300000000005 0.20288499999999998 0.162821 0.21057700000000001 0.142949 0.26057699999999995 0.146795 0.313141 0.15000000000000002 0.34647399999999995
0 0.02179500000000001 0.334936 0.06730800000000003 0.26057699999999995 0.08782100000000004 0.21442300000000003 0.030128000000000044 0.17724399999999996 0.015384999999999982 0.206731 0.0025640000000000107 0.23109000000000002 0.001923000000000008 0.32083300000000003 0.026282000000000028 0.34519200000000005
0 0.538462 0.850321 0.558333 0.838782 0.548718 0.799038 0.541026 0.7810900000000001 0.521795 0.783654 0.512821 0.804167 0.517308 0.8246789999999999
0 0.264103 0.13237200000000005 0.272436 0.08109 0.28141000000000005 0.06698700000000002 0.289744 0.019550999999999985 0.289103 0.005449000000000037 0.23589700000000002 0.005449000000000037 0.22435899999999998 0.07339700000000005 0.21858999999999995 0.11955099999999996 0.251923 0.12596200000000002