0 0.230128 0.964423 0.275 0.933654 0.289744 0.874679 0.271154 0.805449 0.24230799999999997 0.828526 0.21858999999999995 0.833654 0.211538 0.7605770000000001 0.17500000000000004 0.754167 0.13846199999999997 0.747756 0.11153800000000003 0.752885 0.05192300000000005 0.897756 0.04935900000000004 0.911859 0.11538499999999996 0.914423 0.15769200000000005 0.901603 0.18653799999999998 0.945192 0.19743599999999994 0.975962
0 0.533974 0.990064 0.496154 0.895192 0.503846 0.820833 0.46987199999999996 0.786218 0.462179 0.7631410000000001 0.45256399999999997 0.7464740000000001 0.42884599999999995 0.7631410000000001 0.42307700000000004 0.8003210000000001 0.416667 0.886218 0.42115400000000003 0.922115 0.42564100000000005 0.992628
0 0.738462 0.972115 0.833333 0.924679 0.810256 0.856731 0.79359 0.833654 0.758974 0.878526 0.723077 0.8375 0.7185900000000001 0.7798080000000001 0.675 0.7439100000000001 0.651923 0.729808 0.621795 0.774679 0.607692 0.813141 0.603846 0.856731 0.6583330000000001 0.916987 0.662821 0.990064 0.709615 0.982372
0 0.867308 0.840064 0.910897 0.809295 0.925641 0.766987 0.910256 0.618269 0.866026 0.583654 0.853846 0.563141 0.854487 0.54391 0.919872 0.482372 0.869231 0.432372 0.8403849999999999 0.419551 0.804487 0.40160300000000004 0.796154 0.338782 0.778205 0.351603 0.748077 0.40032100000000004 0.755128 0.44903800000000005 0.769231 0.479808 0.764103 0.5105770000000001 0.736538 0.541346 0.719231 0.596474 0.727564 0.664423 0.748077 0.674679 0.796795 0.599038 0.832692 0.68109 0.869872 0.692628 0.871795 0.7246790000000001 0.857692 0.754167 0.832051 0.815705 0.858333 0.852885
0 0.998718 0.5746789999999999 0.979487 0.556731 0.959615 0.565705 0.941667 0.499038 0.932051 0.456731 0.957051 0.399038 0.994872 0.38237200000000005 0.997436 0.413141
0 0.6814100000000001 0.5733969999999999 0.6814100000000001 0.549038 0.658974 0.499038 0.632692 0.520833 0.614744 0.5298080000000001 0.5948720000000001 0.536218 0.604487 0.578526 0.63141 0.577244 0.666667 0.5926279999999999
0 0.917949 0.31955100000000003 0.916026 0.26314099999999996 0.892949 0.23750000000000004 0.896795 0.1875 0.891667 0.12980800000000003 0.89359 0.11570499999999995 0.869231 0.12083299999999997 0.846154 0.11955099999999996 0.830128 0.13878199999999996 0.814744 0.206731 0.841026 0.27596200000000004 0.854487 0.316987 0.882051 0.292628 0.885897 0.29391 0.9076919999999999 0.32467900000000005
0 0.5769230000000001 0.38749999999999996 0.648718 0.355449 0.6320509999999999 0.30544899999999997 0.632692 0.24134599999999995 0.607051 0.149038 0.605128 0.09391000000000005 0.598718 0.04519200000000001 0.600641 0.004167000000000032 0.32179500000000005 0.011858999999999953 0.30640999999999996 0.13493599999999994 0.28461499999999995 0.18365399999999998 0.292949 0.272115 0.310256 0.306731 0.351282 0.266987 0.378205 0.18237199999999998 0.40769200000000005 0.12852600000000003 0.44423100000000004 0.13365400000000005 0.513462 0.09647399999999995 0.5333330000000001 0.09391000000000005 0.545513 0.10801300000000003 0.547436 0.12467899999999998 0.540385 0.15160300000000004 0.525 0.21955100000000005 0.523077 0.25673100000000004 0.5288459999999999 0.328526 0.548718 0.372115 0.570513 0.37980800000000003
0 0.394872 0.6336539999999999 0.376282 0.505449 0.374359 0.47211499999999995 0.330128 0.5349360000000001 0.30769199999999997 0.5323720000000001 0.28397399999999995 0.49262799999999995 0.22628199999999998 0.46826900000000005 0.21794899999999995 0.47083299999999995 0.19807699999999995 0.556731 0.166026 0.582372 0.125 0.659295 0.145513 0.677244 0.19230800000000003 0.655449 0.267949 0.6516029999999999 0.29935900000000004 0.656731 0.350641 0.6336539999999999
0 0.01474399999999998 0.7246790000000001 0.03461499999999995 0.664423 0.03397399999999995 0.640064 0.03461499999999995 0.6092949999999999 0.0025640000000000107 0.5554490000000001 0.0025640000000000107 0.7221150000000001
0 0.02179500000000001 0.34006400000000003 0.05128200000000005 0.30544899999999997 0.07884599999999997 0.299038 0.06666700000000003 0.24519199999999997 0.05384599999999995 0.22083299999999995 0.02435900000000002 0.17980799999999997 0.004487000000000019 0.17980799999999997 0.005769000000000024 0.32467900000000005
0 0.16025599999999995 0.190064 0.17500000000000004 0.13749999999999996 0.17051300000000003 0.05929499999999999 0.16859000000000002 0.011858999999999953 0.10320499999999999 0.019550999999999985 0.10641 0.08493600000000001 0.13076900000000002 0.13493599999999994 0.15384600000000004 0.188782 0.163462 0.20160299999999998