0 0.9269229999999999 0.975962 0.924359 0.927244 0.91859 0.896474 0.910897 0.8246789999999999 0.894231 0.784936 0.883333 0.783654 0.845513 0.805449 0.839744 0.791346 0.859615 0.736218 0.874359 0.709295 0.887821 0.704167 0.866026 0.656731 0.837821 0.606731 0.8243590000000001 0.564423 0.8038460000000001 0.560577 0.8006409999999999 0.6323719999999999 0.789103 0.709295 0.771154 0.790064 0.771795 0.832372 0.802564 0.868269 0.821795 0.866987 0.8256410000000001 0.901603 0.810897 0.954167 0.810897 0.995192 0.925 0.99391
0 0.7403850000000001 0.982372 0.712179 0.950321 0.696795 0.913141 0.692949 0.882372 0.685256 0.768269 0.6788460000000001 0.73109 0.660256 0.7439100000000001 0.6346149999999999 0.778526 0.611538 0.8016030000000001 0.6 0.833654 0.586538 0.875962 0.580128 0.99391 0.732051 0.991346
0 0.900641 0.502885 0.905128 0.422115 0.911538 0.352885 0.915385 0.315705 0.911538 0.28365399999999996 0.901923 0.26570499999999997 0.85641 0.24903799999999998 0.832692 0.268269 0.817949 0.314423 0.808974 0.36057700000000004 0.8038460000000001 0.40673099999999995 0.794872 0.44519200000000003 0.805769 0.475962 0.829487 0.509295 0.844231 0.536218 0.870513 0.5131410000000001
0 0.995513 0.48750000000000004 0.978205 0.44519200000000003 0.9673080000000001 0.452885 0.951923 0.433654 0.939103 0.38878199999999996 0.940385 0.28365399999999996 0.957051 0.26314099999999996 0.996154 0.20288499999999998
0 0.827564 0.22339699999999996 0.805769 0.190064 0.81859 0.15288500000000005 0.81859 0.14390999999999998 0.7814099999999999 0.09006400000000003 0.777564 0.08878200000000003 0.765385 0.13749999999999996 0.767308 0.188782 0.8051280000000001 0.24006400000000006 0.816667 0.24390999999999996
0 0.65 0.24903799999999998 0.685256 0.19262800000000002 0.705128 0.147756 0.703846 0.12467899999999998 0.690385 0.12083299999999997 0.639103 0.06698700000000002 0.601282 0.145192 0.6 0.1875 0.626923 0.21955100000000005 0.646795 0.23621800000000004
0 0.502564 0.355449 0.5108969999999999 0.28108999999999995 0.511538 0.24390999999999996 0.5121789999999999 0.21314100000000002 0.46923099999999995 0.227244 0.44294900000000004 0.23365400000000003 0.396795 0.24006400000000006 0.36666699999999997 0.23109000000000002 0.31794900000000004 0.19391000000000003 0.30897399999999997 0.24647399999999997 0.292949 0.318269 0.288462 0.354167 0.295513 0.38621799999999995 0.35641 0.40544899999999995 0.40897399999999995 0.39006399999999997 0.44999999999999996 0.37980800000000003 0.485897 0.372115
0 0.5333330000000001 0.661859 0.544231 0.616987 0.5083329999999999 0.599038 0.515385 0.563141 0.524359 0.540064 0.5506409999999999 0.5349360000000001 0.561538 0.516987 0.560256 0.456731 0.5326919999999999 0.442628 0.49359 0.451603 0.46282100000000004 0.497756 0.42371800000000004 0.547756 0.389103 0.5951919999999999 0.369231 0.642628 0.36666699999999997 0.684936 0.43205099999999996 0.7464740000000001 0.477564 0.713141 0.49102599999999996 0.678526 0.516026 0.661859
0 0.373077 0.565705 0.35 0.5913459999999999 0.267949 0.678526 0.255769 0.670833 0.21282100000000004 0.634936 0.19551300000000005 0.616987 0.17820499999999995 0.5926279999999999 0.14807700000000001 0.5349360000000001 0.15833299999999995 0.48621800000000004 0.18012799999999995 0.44519200000000003 0.232692 0.433654 0.270513 0.48621800000000004 0.292308 0.5541670000000001 0.29679500000000003 0.560577 0.333974 0.516987 0.34743599999999997 0.5323720000000001
0 0.497436 0.978526 0.47307699999999997 0.932372 0.48910299999999995 0.8618589999999999 0.455769 0.811859 0.44423100000000004 0.786218 0.41153799999999996 0.878526 0.40961499999999995 0.929808 0.398077 0.992628 0.496795 0.992628
0 0.34551299999999996 0.9708330000000001 0.360897 0.946474 0.36602599999999996 0.932372 0.36730799999999997 0.9028849999999999 0.38589700000000005 0.882372 0.388462 0.886218 0.38589700000000005 0.850321 0.378205 0.841346 0.34487199999999996 0.832372 0.30705099999999996 0.8426279999999999 0.29615400000000003 0.910577 0.29679500000000003 0.947756 0.30448699999999995 0.995192 0.337179 0.992628
0 0.18653799999999998 0.955449 0.22692299999999999 0.924679 0.24230799999999997 0.910577 0.255128 0.897756 0.21987199999999996 0.877244 0.22307699999999997 0.83109 0.22307699999999997 0.815705 0.211538 0.810577 0.20192299999999996 0.825962 0.18782100000000002 0.859295 0.18076899999999996 0.88109 0.15384600000000004 0.905449 0.13846199999999997 0.909295 0.125 0.914423 0.13653800000000005 0.941346 0.15961499999999995 0.956731
0 0.11217900000000003 0.979808 0.11923099999999998 0.950321 0.11153800000000003 0.906731 0.10320499999999999 0.879808 0.09743599999999997 0.878526 0.07820499999999997 0.869551 0.059614999999999974 0.833654 0.06602600000000003 0.805449 0.05128200000000005 0.808013 0.037820999999999994 0.841346 0.048077000000000036 0.924679 0.04871800000000004 0.965705 0.057691999999999966 0.905449 0.07051300000000005 0.875962 0.09102600000000005 0.896474 0.09679499999999996 0.911859 0.09230799999999995 0.947756 0.08846200000000004 0.972115 0.09551299999999996 0.990064
0 0.12307699999999999 0.7798080000000001 0.14871800000000002 0.738782 0.15961499999999995 0.7375 0.19294900000000004 0.732372 0.20448699999999997 0.728526 0.20705099999999999 0.705449 0.17179500000000003 0.666987 0.17564100000000005 0.6503209999999999 0.14871800000000002 0.6541669999999999 0.13397400000000004 0.670833 0.11474399999999996 0.713141 0.09230799999999995 0.7426280000000001 0.09166700000000005 0.764423 0.103846 0.773397
0 0.0070510000000000295 0.7413460000000001 0.023077000000000014 0.688782 0.06153799999999998 0.527244 0.057691999999999966 0.477244 0.03205100000000005 0.46955100000000005 0.019230999999999998 0.432372 0.02243600000000001 0.40160300000000004 0.012820999999999971 0.38749999999999996 0.003846000000000016 0.37980800000000003 0.0025640000000000107 0.7221150000000001
0 0.11346199999999995 0.28493599999999997 0.142949 0.229808 0.144231 0.209295 0.127564 0.19903800000000005 0.08269199999999999 0.22339699999999996 0.07435899999999995 0.252885 0.083974 0.269551 0.104487 0.27980799999999995