0 0.949359 0.982372 0.942949 0.909295 0.933974 0.772115 0.902564 0.736218 0.888462 0.7221150000000001 0.830128 0.764423 0.807051 0.777244 0.79359 0.840064 0.7814099999999999 0.908013 0.797436 0.992628 0.944231 0.995192
0 0.753205 0.8439099999999999 0.758333 0.786218 0.7608969999999999 0.718269 0.759615 0.684936 0.735256 0.634936 0.7153849999999999 0.619551 0.685897 0.6298079999999999 0.671154 0.678526 0.641667 0.714423 0.6346149999999999 0.802885 0.650641 0.847756 0.711538 0.825962
0 0.619231 0.764423 0.629487 0.7375 0.608974 0.645192 0.582692 0.622115 0.577564 0.579808 0.576282 0.538782 0.600641 0.5310900000000001 0.623718 0.523397 0.5974360000000001 0.455449 0.580769 0.49390999999999996 0.560256 0.46826900000000005 0.529487 0.48365400000000003 0.498077 0.538782 0.482051 0.600321 0.519231 0.623397 0.526282 0.675962 0.535256 0.702885 0.5589740000000001 0.7375 0.583333 0.701603 0.6166670000000001 0.734936
0 0.396154 0.586218 0.43397399999999997 0.559295 0.46474400000000005 0.522115 0.454487 0.48493600000000003 0.462179 0.42852599999999996 0.461538 0.414423 0.438462 0.397756 0.43269199999999997 0.414423 0.40897399999999995 0.463141 0.396795 0.47211499999999995 0.379487 0.5118590000000001 0.380769 0.5349360000000001 0.398077 0.599038
0 0.376282 0.834936 0.42307700000000004 0.810577 0.400641 0.738782 0.38525600000000004 0.7246790000000001 0.36346199999999995 0.709295 0.34807699999999997 0.669551 0.32564099999999996 0.638782 0.29679500000000003 0.6105769999999999 0.267308 0.618269 0.269231 0.638782 0.312179 0.692628 0.34679499999999996 0.733654 0.361538 0.768269 0.357051 0.8016030000000001 0.358333 0.838782
0 0.357692 0.978526 0.358974 0.924679 0.32179500000000005 0.916987 0.30897399999999997 0.977244 0.28076900000000005 0.959295 0.26025600000000004 0.950321 0.267949 0.905449 0.270513 0.849038 0.253205 0.8375 0.210897 0.910577 0.22371799999999997 0.996474 0.355769 0.995192
0 0.24230799999999997 0.477244 0.27692300000000003 0.43109 0.30576899999999996 0.40416700000000005 0.330769 0.34647399999999995 0.350641 0.336218 0.373718 0.32339700000000005 0.398718 0.20032099999999997 0.394872 0.147756 0.38782099999999997 0.0067310000000000425 0.333333 0.02596200000000004 0.30448699999999995 0.056730999999999976 0.29615400000000003 0.13493599999999994 0.30128200000000005 0.251603 0.292308 0.32467900000000005 0.24294899999999997 0.32467900000000005 0.17692300000000005 0.318269 0.15192300000000003 0.32467900000000005 0.15320500000000004 0.39391 0.13397400000000004 0.454167 0.18333299999999997 0.47211499999999995 0.233333 0.49390999999999996
0 0.10705100000000001 0.47467899999999996 0.04359000000000002 0.416987 0.05640999999999996 0.34903799999999996 0.09871799999999997 0.34903799999999996 0.124359 0.26185899999999995 0.103846 0.22211499999999995 0.11153800000000003 0.15929499999999996 0.08140999999999998 0.12596200000000002 0.062178999999999984 0.308013 0.04166700000000001 0.328526 0.006410000000000027 0.39006399999999997 0.0032050000000000134 0.46826900000000005 0.025000000000000022 0.46826900000000005 0.07051300000000005 0.49519199999999997 0.09743599999999997 0.497756
0 0.567949 0.23493600000000003 0.598077 0.1875 0.5974360000000001 0.13109000000000004 0.591026 0.10673100000000002 0.554487 0.054166999999999965 0.5576920000000001 0.0067310000000000425 0.5121789999999999 0.013140999999999958 0.514744 0.06442300000000001 0.503846 0.170833 0.537821 0.23621800000000004
0 0.864744 0.06698700000000002 0.85641 0.11057700000000004 0.837821 0.16185899999999998 0.7826919999999999 0.13365400000000005 0.745513 0.12596200000000002 0.728205 0.13365400000000005 0.7032050000000001 0.11698699999999995 0.6910259999999999 0.09391000000000005 0.724359 0.04519200000000001 0.730769 0.024679000000000006 0.7621789999999999 0.03365399999999996 0.790385 0.06698700000000002 0.8211539999999999 0.009295000000000053 0.857692 0.01826899999999998 0.866026 0.05288499999999996
0 0.7608969999999999 0.43109 0.770513 0.34262800000000004 0.775 0.28108999999999995 0.738462 0.32339700000000005 0.725641 0.36185900000000004 0.725 0.440064 0.755128 0.441346