0 0.479487 0.79391 0.485897 0.769551 0.516667 0.7605770000000001 0.5288459999999999 0.755449 0.519231 0.695192 0.501923 0.642628 0.483333 0.624679 0.44679500000000005 0.619551 0.43333299999999997 0.666987 0.43140999999999996 0.719551 0.416667 0.6875 0.40641000000000005 0.636218 0.40384600000000004 0.616987 0.419231 0.5695509999999999 0.43140999999999996 0.518269 0.401282 0.505449 0.357051 0.516987 0.32307699999999995 0.541346 0.30384599999999995 0.5721149999999999 0.28076900000000005 0.5913459999999999 0.291026 0.64391 0.30705099999999996 0.692628 0.30897399999999997 0.740064 0.353846 0.765705 0.43140999999999996 0.7810900000000001 0.45192299999999996 0.820833 0.46282100000000004 0.806731
0 0.42948699999999995 0.9875 0.43397399999999997 0.966987 0.45128199999999996 0.966987 0.461538 0.938782 0.46730799999999995 0.93109 0.46346200000000004 0.890064 0.460897 0.879808 0.419872 0.900321 0.38333300000000003 0.955449 0.360256 0.992628 0.42307700000000004 0.99391
0 0.23974399999999996 0.888782 0.249359 0.809295 0.25705100000000003 0.7810900000000001 0.271795 0.734936 0.28205100000000005 0.69391 0.28076900000000005 0.665705 0.269872 0.6528849999999999 0.23525600000000002 0.647756 0.20512799999999998 0.642628 0.15961499999999995 0.677244 0.14807700000000001 0.684936 0.15833299999999995 0.625962 0.16089699999999996 0.5913459999999999 0.12884600000000002 0.579808 0.11282099999999995 0.618269 0.05320499999999995 0.596474 0.03461499999999995 0.6131409999999999 0.02692300000000003 0.647756 0.016025999999999985 0.682372 0.008974000000000038 0.733654 0.027564000000000033 0.795192 0.06666700000000003 0.8016030000000001 0.10192299999999999 0.805449 0.11346199999999995 0.852885 0.12179499999999999 0.890064 0.15256400000000003 0.9028849999999999 0.210256 0.884936 0.22628199999999998 0.888782
0 0.629487 0.755449 0.637821 0.725962 0.664744 0.695192 0.670513 0.670833 0.682051 0.6298079999999999 0.676282 0.584936 0.667308 0.5503210000000001 0.640385 0.479808 0.58141 0.411859 0.498077 0.375962 0.43012799999999995 0.40801299999999996 0.477564 0.44647400000000004 0.5108969999999999 0.423397 0.5346150000000001 0.455449 0.54359 0.49262799999999995 0.575 0.538782 0.619872 0.5733969999999999 0.616026 0.636218 0.5903849999999999 0.668269 0.5903849999999999 0.710577 0.610256 0.7618590000000001
0 0.9269229999999999 0.841346 0.938462 0.783654 0.927564 0.750321 0.910256 0.708013 0.864744 0.7375 0.865385 0.764423 0.876923 0.822115 0.892949 0.852885 0.914103 0.838782
0 0.9480770000000001 0.5375 0.962821 0.5105770000000001 0.9666669999999999 0.49134599999999995 0.940385 0.39006399999999997 0.926282 0.356731 0.910897 0.32083300000000003 0.885256 0.36314100000000005 0.866667 0.40160300000000004 0.866026 0.456731 0.891667 0.459295 0.902564 0.5105770000000001 0.898077 0.542628 0.917308 0.5349360000000001
0 0.996795 0.879808 0.978846 0.836218 0.971795 0.797756 0.976923 0.716987 0.985897 0.672115 0.998718 0.660577
0 0.38397400000000004 0.26057699999999995 0.34038500000000005 0.24903799999999998 0.291026 0.26570499999999997 0.25641 0.30288499999999996 0.20640999999999998 0.358013 0.21730799999999995 0.25544900000000004 0.248718 0.12211499999999997 0.288462 0.07852599999999998 0.30448699999999995 0.009295000000000053 0.455769 0.0067310000000000425 0.460256 0.05929499999999999 0.476282 0.10673100000000002 0.46794899999999995 0.14134599999999997 0.43397399999999997 0.16057699999999997 0.40320500000000004 0.166987 0.388462 0.23365400000000003
0 0.619872 0.270833 0.592949 0.24519199999999997 0.5730770000000001 0.225962 0.536538 0.16185899999999998 0.5346150000000001 0.09775599999999995 0.55 0.0067310000000000425 0.6525639999999999 0.011858999999999953 0.651282 0.082372 0.6538459999999999 0.15032100000000004 0.639103 0.205449 0.6333329999999999 0.26057699999999995
0 0.18012799999999995 0.441346 0.15192300000000003 0.461859 0.10961500000000002 0.48109 0.084615 0.48109 0.032692000000000054 0.456731 0.001923000000000008 0.42724399999999996 0.006410000000000027 0.338782 0.06089699999999998 0.32339700000000005 0.09679499999999996 0.310577 0.141667 0.295192 0.15897399999999995 0.25929500000000005 0.17179500000000003 0.26314099999999996 0.17884599999999995 0.332372 0.18782100000000002 0.415705 0.18653799999999998 0.441346
0 0.105128 0.08493600000000001 0.07115400000000005 0.07596199999999997 0.050000000000000044 0.09262800000000004 0.030128000000000044 0.10673100000000002 0.012820999999999971 0.09519200000000005 0.003846000000000016 0.09391000000000005 0.005769000000000024 0.011858999999999953 0.11923099999999998 0.009295000000000053 0.11602599999999996 0.056730999999999976