0 0.230128 0.899038 0.25705100000000003 0.841346 0.275 0.7605770000000001 0.25961500000000004 0.6503209999999999 0.21666700000000005 0.6323719999999999 0.19551300000000005 0.586218 0.18397399999999997 0.48750000000000004 0.17628200000000005 0.44775600000000004 0.11923099999999998 0.46442300000000003 0.08974400000000005 0.46442300000000003 0.04615400000000003 0.5336540000000001 0.06730800000000003 0.625962 0.07884599999999997 0.69391 0.083974 0.7426280000000001 0.07628199999999996 0.799038 0.07243599999999994 0.828526 0.12051299999999998 0.820833 0.18012799999999995 0.899038 0.24038499999999996 0.905449
0 0.311538 0.815705 0.360256 0.768269 0.36794899999999997 0.750321 0.375 0.704167 0.390385 0.708013 0.401282 0.7605770000000001 0.391667 0.656731 0.36666699999999997 0.6516029999999999 0.34807699999999997 0.682372 0.314744 0.7451920000000001 0.292308 0.774679 0.27820500000000004 0.8016030000000001 0.30128200000000005 0.819551
0 0.30256400000000006 0.441346 0.358974 0.43109 0.38141 0.4375 0.38589700000000005 0.36314100000000005 0.375 0.32467900000000005 0.353846 0.29391 0.290385 0.273397 0.233333 0.24134599999999995 0.20576899999999998 0.26442299999999996 0.20256399999999997 0.440064 0.21730799999999995 0.46826900000000005 0.28141000000000005 0.48493600000000003 0.29679500000000003 0.46698700000000004 0.30897399999999997 0.44775600000000004
0 0.045513000000000026 0.34262800000000004 0.09038500000000005 0.28365399999999996 0.12948700000000002 0.28365399999999996 0.15576900000000005 0.252885 0.166026 0.21314100000000002 0.12115399999999998 0.11698699999999995 0.11025600000000002 0.07980799999999999 0.08012799999999998 0.09006400000000003 0.055127999999999955 0.14262799999999998 0.05128200000000005 0.19262800000000002 0.03717899999999996 0.26057699999999995 0.026282000000000028 0.32211500000000004 0.02884600000000004 0.355449
0 0.02948700000000004 0.749038 0.039103 0.6375 0.042949000000000015 0.5733969999999999 0.025641000000000025 0.528526 0.003846000000000016 0.5157050000000001 0.003846000000000016 0.732372 0.02243600000000001 0.7451920000000001
0 0.526282 0.979808 0.542949 0.901603 0.5576920000000001 0.810577 0.564103 0.73109 0.555769 0.679808 0.55 0.528526 0.540385 0.47467899999999996 0.521154 0.482372 0.47243599999999997 0.584936 0.45192299999999996 0.64391 0.419872 0.729808 0.40320500000000004 0.811859 0.392949 0.869551 0.40769200000000005 0.949038 0.414744 0.9875 0.435897 0.991346 0.44743599999999994 0.952885 0.476923 0.966987 0.500641 0.990064 0.520513 0.992628
0 0.697436 0.988782 0.709615 0.942628 0.7185900000000001 0.918269 0.6980770000000001 0.879808 0.694231 0.866987 0.664103 0.886218 0.6576919999999999 0.899038 0.647436 0.928526 0.641667 0.941346 0.6333329999999999 0.995192 0.688462 0.995192
0 0.858974 0.770833 0.880769 0.7451920000000001 0.890385 0.691346 0.85641 0.545192 0.825 0.49519199999999997 0.801282 0.45032099999999997 0.759615 0.48621800000000004 0.7198720000000001 0.5336540000000001 0.692949 0.6285259999999999 0.6948719999999999 0.7221150000000001 0.746154 0.768269 0.8 0.786218 0.837179 0.7810900000000001
0 0.953205 0.8016030000000001 0.961538 0.751603 0.957051 0.725962 0.942308 0.697756 0.941026 0.665705 0.922436 0.641346 0.914744 0.646474 0.904487 0.699038 0.905128 0.752885 0.916026 0.804167 0.944231 0.804167
0 0.996795 0.6298079999999999 0.987179 0.622115 0.969872 0.660577 0.973718 0.6092949999999999 0.965385 0.5939099999999999 0.951923 0.58109 0.926282 0.596474 0.910256 0.506731 0.900641 0.47467899999999996 0.9064099999999999 0.44519200000000003 0.998718 0.34006400000000003
0 0.646795 0.674679 0.645513 0.6144229999999999 0.642949 0.566987 0.627564 0.5349360000000001 0.607051 0.559295 0.607051 0.658013 0.610897 0.692628 0.623718 0.691346