0 0.271795 0.984936 0.253846 0.973397 0.24166699999999997 0.954167 0.22115399999999996 0.920833 0.20576899999999998 0.886218 0.20320499999999997 0.859295 0.22564099999999998 0.832372 0.23910299999999995 0.808013 0.24294899999999997 0.791346 0.228846 0.747756 0.208333 0.725962 0.19294900000000004 0.683654 0.20128199999999996 0.6285259999999999 0.21923099999999995 0.655449 0.24166699999999997 0.697756 0.246795 0.6503209999999999 0.253846 0.655449 0.272436 0.691346 0.28269200000000005 0.659295 0.28525599999999995 0.6375 0.24551299999999998 0.525962 0.233333 0.49006400000000006 0.210256 0.479808 0.19999999999999996 0.516987 0.17948699999999995 0.49262799999999995 0.162821 0.497756 0.13910299999999998 0.516987 0.125641 0.5695509999999999 0.11794899999999997 0.602885 0.11217900000000003 0.6310899999999999 0.09294899999999995 0.682372 0.09743599999999997 0.7233970000000001 0.11410299999999995 0.756731 0.12243599999999999 0.818269 0.124359 0.8875 0.11282099999999995 0.949038 0.11666699999999997 0.991346 0.25897400000000004 0.992628
0 0.577564 0.98109 0.557051 0.914423 0.5519229999999999 0.847756 0.541667 0.802885 0.500641 0.7439100000000001 0.484615 0.738782 0.460897 0.816987 0.437179 0.875962 0.42371800000000004 0.924679 0.42115400000000003 0.995192 0.564744 0.991346
0 0.6141030000000001 0.786218 0.608333 0.7413460000000001 0.627564 0.7233970000000001 0.641026 0.738782 0.662821 0.7233970000000001 0.6756409999999999 0.661859 0.685256 0.604167 0.685256 0.5746789999999999 0.6621790000000001 0.5157050000000001 0.617308 0.49262799999999995 0.609615 0.49390999999999996 0.58141 0.506731 0.5698719999999999 0.49134599999999995 0.572436 0.442628 0.5769230000000001 0.416987 0.5551280000000001 0.329808 0.533974 0.32083300000000003 0.539744 0.36826899999999996 0.5576920000000001 0.422115 0.5538460000000001 0.461859 0.524359 0.48493600000000003 0.501923 0.522115 0.483333 0.577244 0.499359 0.6131409999999999 0.511538 0.672115 0.5288459999999999 0.715705 0.594231 0.790064
0 0.8019229999999999 0.841346 0.826923 0.792628 0.850641 0.732372 0.858974 0.705449 0.85641 0.683654 0.817949 0.646474 0.791026 0.6375 0.787179 0.636218 0.789103 0.677244 0.791026 0.7208330000000001 0.761538 0.747756 0.753846 0.8016030000000001 0.7833330000000001 0.820833
0 0.989744 0.647756 0.958974 0.6375 0.941667 0.6323719999999999 0.921154 0.627244 0.889103 0.5951919999999999 0.855128 0.5733969999999999 0.833974 0.5516030000000001 0.821795 0.5118590000000001 0.8243590000000001 0.475962 0.833974 0.456731 0.8628210000000001 0.454167 0.887821 0.44391 0.903205 0.418269 0.94359 0.38749999999999996 0.945513 0.40673099999999995 0.953846 0.460577 0.964744 0.49647399999999997 0.987821 0.545192 0.997436 0.5926279999999999 0.998718 0.645192
0 0.997436 0.458013 0.980769 0.416987 0.980128 0.36826899999999996 0.970513 0.28493599999999997 0.996795 0.26314099999999996
0 0.995513 0.23237200000000002 0.969872 0.21057700000000001 0.959615 0.19775600000000004 0.948718 0.17339700000000002 0.939103 0.15673099999999995 0.921795 0.206731 0.907051 0.21057700000000001 0.897436 0.225962 0.885897 0.25416700000000003 0.867949 0.24134599999999995 0.852564 0.227244 0.825 0.190064 0.812821 0.15801299999999996 0.7993589999999999 0.11057700000000004 0.809615 0.06698700000000002 0.820513 0.02596200000000004 0.83141 0.0028850000000000264 0.866026 0.004167000000000032 0.8628210000000001 0.09519200000000005 0.873077 0.147756 0.891026 0.168269 0.896795 0.11570499999999995 0.896154 0.07596199999999997 0.891026 0.03621799999999997 0.896795 0.004167000000000032 0.942949 0.009295000000000053 0.942308 0.09134600000000004 0.958974 0.07211500000000004 0.977564 0.09519200000000005 0.998077 0.14262799999999998
0 0.746795 0.06570500000000001 0.726282 0.07339700000000005 0.7032050000000001 0.09134600000000004 0.689744 0.12724400000000002 0.686538 0.06442300000000001 0.662821 0.07852599999999998 0.635256 0.12211499999999997 0.624359 0.10801300000000003 0.622436 0.005449000000000037 0.765385 0.004167000000000032 0.760256 0.024679000000000006 0.766667 0.04006399999999999 0.767308 0.063141
0 0.13269200000000003 0.411859 0.15705100000000005 0.38621799999999995 0.18076899999999996 0.351603 0.19615400000000005 0.318269 0.20320499999999997 0.30288499999999996 0.19935899999999995 0.27724400000000005 0.19871799999999995 0.24903799999999998 0.21346200000000004 0.168269 0.228846 0.14006399999999997 0.26089700000000005 0.11826899999999996 0.28525599999999995 0.11442300000000005 0.28333299999999995 0.0067310000000000425 0.10192299999999999 0.005449000000000037 0.10128199999999998 0.063141 0.10064099999999998 0.13749999999999996 0.09615399999999996 0.184936 0.085256 0.21185900000000002 0.086538 0.250321 0.10064099999999998 0.296474 0.10705100000000001 0.325962 0.12243599999999999 0.377244
0 0.03653799999999996 0.588782 0.050000000000000044 0.5695509999999999 0.06410300000000002 0.566987 0.07820499999999997 0.540064 0.055127999999999955 0.506731 0.04615400000000003 0.502885 0.032692000000000054 0.506731 0.0025640000000000107 0.46955100000000005 0.0032050000000000134 0.5746789999999999 0.023718000000000017 0.575962
0 0.019872 0.40544899999999995 0.04487200000000002 0.434936 0.04230800000000001 0.36442300000000005 0.04230800000000001 0.26314099999999996 0.035255999999999954 0.208013 0.028205000000000036 0.19262800000000002 0.033332999999999946 0.11314100000000005 0.03397399999999995 0.08493600000000001 0.05064100000000005 0.07596199999999997 0.06859000000000004 0.08750000000000002 0.06987200000000005 0.051602999999999954 0.06923100000000004 0.008013000000000048 0.0032050000000000134 0.005449000000000037 0.0025640000000000107 0.39006399999999997 0.013461999999999974 0.39134599999999997