0 0.14102599999999998 0.98109 0.13910299999999998 0.914423 0.15705100000000005 0.819551 0.11474399999999996 0.773397 0.09358999999999995 0.775962 0.07692299999999996 0.8233969999999999 0.07307699999999995 0.986218 0.126282 0.992628
0 0.40512800000000004 0.984936 0.457051 0.905449 0.48910299999999995 0.868269 0.49359 0.815705 0.44166700000000003 0.795192 0.38589700000000005 0.814423 0.33910300000000004 0.849038 0.287821 0.922115 0.266667 0.923397 0.22115399999999996 0.932372 0.210897 0.94391 0.19679500000000005 0.99391 0.388462 0.979808
0 0.705769 0.984936 0.739744 0.954167 0.7378210000000001 0.895192 0.757692 0.856731 0.710897 0.805449 0.6910259999999999 0.788782 0.6608970000000001 0.790064 0.641667 0.852885 0.639103 0.908013 0.639103 0.938782 0.6583330000000001 0.960577 0.683333 0.966987 0.698718 0.978526
0 0.8403849999999999 0.859295 0.855769 0.777244 0.846795 0.704167 0.902564 0.666987 0.917308 0.647756 0.88141 0.5900639999999999 0.846154 0.638782 0.821795 0.706731 0.796154 0.804167 0.792949 0.8426279999999999 0.833974 0.866987
0 0.438462 0.727244 0.44615400000000005 0.686218 0.47243599999999997 0.665705 0.50641 0.659295 0.5493589999999999 0.5951919999999999 0.546154 0.5695509999999999 0.530769 0.536218 0.49294899999999997 0.523397 0.483974 0.541346 0.484615 0.5733969999999999 0.46474400000000005 0.563141 0.46282100000000004 0.49647399999999997 0.44551300000000005 0.42724399999999996 0.44871799999999995 0.39134599999999997 0.42307700000000004 0.375962 0.40256400000000003 0.40673099999999995 0.392308 0.37083299999999997 0.38205100000000003 0.418269 0.358333 0.48750000000000004 0.353846 0.602885 0.264103 0.5310900000000001 0.253205 0.46698700000000004 0.271795 0.34134600000000004 0.248077 0.17467900000000003 0.208974 0.011858999999999953 0.17692300000000005 0.01826899999999998 0.16794900000000001 0.12724400000000002 0.17051300000000003 0.20288499999999998 0.17756400000000006 0.291346 0.16153799999999996 0.34775599999999995 0.15512800000000004 0.34647399999999995 0.13461500000000004 0.26570499999999997 0.07179500000000005 0.327244 0.05833299999999997 0.399038 0.05064100000000005 0.463141 0.08205099999999999 0.536218 0.17243600000000003 0.6105769999999999 0.210256 0.565705 0.22628199999999998 0.579808 0.30705099999999996 0.6285259999999999 0.360256 0.716987 0.41217899999999996 0.7221150000000001
0 0.371795 0.41057699999999997 0.396795 0.36185900000000004 0.380128 0.29391 0.378205 0.272115 0.351923 0.274679 0.357692 0.24390999999999996 0.336538 0.26314099999999996 0.32499999999999996 0.316987 0.34551299999999996 0.36314100000000005
0 0.539103 0.32083300000000003 0.561538 0.332372 0.5589740000000001 0.299038 0.5538460000000001 0.26185899999999995 0.5711539999999999 0.24006400000000006 0.5756410000000001 0.20288499999999998 0.5673079999999999 0.169551 0.560256 0.15288500000000005 0.541026 0.13493599999999994 0.516667 0.16057699999999997 0.495513 0.19903800000000005 0.46602600000000005 0.24775599999999998 0.503846 0.30416699999999997 0.5275639999999999 0.32211500000000004
0 0.689103 0.519551 0.710256 0.460577 0.6993590000000001 0.436218 0.705128 0.373397 0.7185900000000001 0.329808 0.705769 0.30032099999999995 0.678205 0.325962 0.660256 0.36314100000000005 0.649359 0.414423 0.641667 0.451603 0.637821 0.5323720000000001 0.662821 0.5118590000000001
0 0.81859 0.605449 0.838462 0.564423 0.830128 0.536218 0.814103 0.525962 0.789744 0.546474 0.797436 0.5900639999999999 0.809615 0.608013
0 0.989744 0.504167 0.950641 0.509295 0.91859 0.5105770000000001 0.907051 0.460577 0.9288460000000001 0.423397 0.929487 0.40160300000000004 0.960256 0.38878199999999996 0.983974 0.396474 0.996795 0.43109 0.998077 0.48878200000000005
0 0.991667 0.783654 0.955128 0.818269 0.9480770000000001 0.852885 0.982692 0.872115 0.994872 0.869551 0.998718 0.791346
0 0.785256 0.23109000000000002 0.815385 0.22211499999999995 0.814103 0.145192 0.812821 0.10673100000000002 0.807692 0.03365399999999996 0.820513 0.013140999999999958 0.704487 0.001603000000000021 0.689103 0.04006399999999999 0.6948719999999999 0.09006400000000003 0.755769 0.17980799999999997 0.760256 0.21442300000000003 0.76859 0.24519199999999997 0.7801279999999999 0.23878200000000005
0 0.495513 0.07724399999999998 0.44807699999999995 0.15416700000000005 0.42628200000000005 0.165705 0.396154 0.188782 0.372436 0.18365399999999998 0.35641 0.12596200000000002 0.335256 0.032371999999999956 0.315385 0.013140999999999958 0.476923 0.0028850000000000264 0.48717900000000003 0.041345999999999994 0.5 0.06570500000000001
0 0.03141000000000005 0.764423 0.07051300000000005 0.750321 0.09102600000000005 0.696474 0.08269199999999999 0.618269 0.050000000000000044 0.684936 0.019872 0.679808 0.0025640000000000107 0.711859 0.0025640000000000107 0.7605770000000001