0 0.538462 0.88109 0.544872 0.822115 0.500641 0.729808 0.46923099999999995 0.713141 0.42371800000000004 0.686218 0.36602599999999996 0.664423 0.34679499999999996 0.7221150000000001 0.376282 0.813141 0.43205099999999996 0.934936 0.500641 0.895192
0 0.267949 0.996474 0.27820500000000004 0.920833 0.21346200000000004 0.9028849999999999 0.19359000000000004 0.923397 0.17500000000000004 0.99391
0 0.255769 0.7823720000000001 0.27948700000000004 0.715705 0.30384599999999995 0.636218 0.310897 0.615705 0.28717899999999996 0.584936 0.24487199999999998 0.5721149999999999 0.22051299999999996 0.565705 0.19230800000000003 0.5336540000000001 0.17820499999999995 0.5554490000000001 0.162821 0.6131409999999999 0.15064100000000002 0.627244 0.16859000000000002 0.708013 0.17435900000000004 0.758013 0.19294900000000004 0.770833 0.23525600000000002 0.7798080000000001
0 0.917949 0.950321 0.9076919999999999 0.88109 0.903846 0.866987 0.883333 0.825962 0.867949 0.7875 0.869231 0.749038 0.860897 0.733654 0.852564 0.7464740000000001 0.8416669999999999 0.791346 0.834615 0.805449 0.8403849999999999 0.840064 0.860256 0.870833 0.837821 0.922115 0.859615 0.964423 0.889744 0.978526 0.910256 0.954167
0 0.797436 0.965705 0.820513 0.927244 0.81859 0.865705 0.825 0.799038 0.817308 0.747756 0.795513 0.702885 0.7846150000000001 0.668269 0.748077 0.666987 0.7211540000000001 0.679808 0.690385 0.634936 0.664103 0.684936 0.657051 0.73109 0.650641 0.7618590000000001 0.684615 0.7810900000000001 0.7429490000000001 0.820833 0.769872 0.827244 0.785256 0.879808 0.769872 0.913141 0.766667 0.952885 0.771795 0.99391
0 0.995513 0.965705 0.989103 0.986218 0.978205 0.992628 0.957692 0.975962 0.953846 0.952885 0.971154 0.905449 0.996154 0.878526 0.998077 0.950321
0 0.992308 0.536218 0.980769 0.520833 0.963462 0.549038 0.935897 0.5516030000000001 0.896795 0.536218 0.937179 0.478526 0.937821 0.456731 0.9288460000000001 0.40929499999999996 0.914744 0.38237200000000005 0.892308 0.374679 0.867949 0.34262800000000004 0.875641 0.28365399999999996 0.900641 0.306731 0.914744 0.27724400000000005 0.914744 0.22467899999999996 0.915385 0.18365399999999998 0.927564 0.08750000000000002 0.934615 0.06698700000000002 0.960256 0.043910000000000005 1.0 0.023397 0.992308 0.17596199999999995 0.980128 0.17852599999999996 0.973077 0.12724400000000002 0.965385 0.14390999999999998 0.95641 0.184936 0.941026 0.25673100000000004 0.937821 0.327244 0.955769 0.34134600000000004 0.9666669999999999 0.32211500000000004 0.973718 0.40288500000000005 0.976923 0.414423 0.987179 0.438782 0.997436 0.455449 0.995513 0.524679
0 0.859615 0.674679 0.898077 0.655449 0.885256 0.58109 0.842949 0.508013 0.830769 0.5913459999999999 0.823718 0.641346 0.866026 0.686218
0 0.5769230000000001 0.37852600000000003 0.619872 0.31955100000000003 0.5916669999999999 0.27724400000000005 0.585897 0.25673100000000004 0.5673079999999999 0.25416700000000003 0.54359 0.28237199999999996 0.523077 0.30288499999999996 0.526282 0.416987 0.5346150000000001 0.334936 0.554487 0.358013
0 0.42756400000000006 0.24519199999999997 0.47307699999999997 0.22083299999999995 0.485256 0.19519200000000003 0.505769 0.12467899999999998 0.515385 0.11570499999999995 0.500641 0.04775600000000002 0.47307699999999997 0.009295000000000053 0.43205099999999996 0.07852599999999998 0.40384600000000004 0.09519200000000005 0.38525600000000004 0.14134599999999997 0.372436 0.17852599999999996 0.373718 0.24519199999999997 0.390385 0.24006400000000006
0 0.352564 0.575962 0.36538499999999996 0.5131410000000001 0.36282099999999995 0.42980799999999997 0.330769 0.46442300000000003 0.313462 0.452885 0.30320499999999995 0.42467900000000003 0.28205100000000005 0.432372 0.292949 0.48365400000000003 0.30512799999999995 0.527244 0.31859000000000004 0.558013 0.33974400000000005 0.547756 0.34679499999999996 0.583654
0 0.267949 0.419551 0.273718 0.374679 0.24551299999999998 0.373397 0.232692 0.37980800000000003 0.22307699999999997 0.355449 0.22179499999999996 0.32467900000000005 0.22051299999999996 0.297756 0.19230800000000003 0.272115 0.20192299999999996 0.21442300000000003 0.20192299999999996 0.18108999999999997 0.17820499999999995 0.12339699999999998 0.11538499999999996 0.169551 0.085897 0.208013 0.06666700000000003 0.21185900000000002 0.040385000000000004 0.266987 0.03717899999999996 0.306731 0.07371799999999995 0.333654 0.11602599999999996 0.332372 0.13589700000000005 0.332372 0.12948700000000002 0.26442299999999996 0.14807700000000001 0.2875 0.17756400000000006 0.295192 0.19230800000000003 0.333654 0.208974 0.36057700000000004 0.21666700000000005 0.411859 0.228846 0.434936 0.23910299999999995 0.45032099999999997
0 0.370513 0.019550999999999985 0.357051 0.054166999999999965 0.348718 0.102885 0.330128 0.07596199999999997 0.314744 0.082372 0.292308 0.08493600000000001 0.28012800000000004 0.008013000000000048 0.360897 0.0067310000000000425
0 0.004487000000000019 0.11698699999999995 0.039103 0.06955100000000003 0.07820499999999997 0.011858999999999953 0.01730799999999999 0.009295000000000053 0.004487000000000019 0.04519200000000001