0 0.36794899999999997 0.841346 0.415385 0.783654 0.47243599999999997 0.663141 0.458333 0.6285259999999999 0.399359 0.545192 0.380769 0.524679 0.375641 0.451603 0.38141 0.441346 0.36217900000000003 0.415705 0.310897 0.413141 0.29359 0.423397 0.27820500000000004 0.442628 0.273718 0.5105770000000001 0.31923100000000004 0.5157050000000001 0.32499999999999996 0.5503210000000001 0.29743600000000003 0.5939099999999999 0.272436 0.620833 0.250641 0.656731 0.24102599999999996 0.674679 0.210897 0.692628 0.17884599999999995 0.701603 0.15897399999999995 0.7233970000000001 0.13141000000000003 0.7823720000000001 0.13717900000000005 0.849038 0.145513 0.8836539999999999 0.19166700000000003 0.897756 0.247436 0.836218 0.28012800000000004 0.804167 0.30128200000000005 0.874679
0 0.803205 0.979808 0.8403849999999999 0.884936 0.81859 0.772115 0.852564 0.711859 0.897436 0.690064 0.9096150000000001 0.6875 0.9269229999999999 0.769551 0.941026 0.846474 0.998718 0.869551 0.996795 0.672115 0.965385 0.649038 0.944231 0.624679 0.925641 0.5913459999999999 0.875 0.509295 0.821795 0.500321 0.805769 0.520833 0.807051 0.575962 0.828846 0.627244 0.81859 0.655449 0.798718 0.692628 0.773077 0.73109 0.7608969999999999 0.766987 0.729487 0.772115 0.7173080000000001 0.756731 0.707051 0.759295 0.6961539999999999 0.813141 0.667949 0.856731 0.647436 0.910577 0.677564 0.992628 0.797436 0.991346
0 0.6358969999999999 0.750321 0.642949 0.709295 0.637821 0.649038 0.628205 0.624679 0.613462 0.604167 0.594231 0.578526 0.5903849999999999 0.546474 0.589744 0.509295 0.5878209999999999 0.49647399999999997 0.583333 0.42852599999999996 0.579487 0.40032100000000004 0.5660259999999999 0.38365400000000005 0.533974 0.38621799999999995 0.510256 0.40416700000000005 0.486538 0.477244 0.510256 0.5105770000000001 0.544872 0.5323720000000001 0.553205 0.601603 0.523077 0.5746789999999999 0.5 0.565705 0.48846199999999995 0.5951919999999999 0.54359 0.688782 0.583974 0.7413460000000001 0.608974 0.773397
0 0.862179 0.41057699999999997 0.864744 0.32211500000000004 0.862179 0.295192 0.848718 0.252885 0.832051 0.18108999999999997 0.8211539999999999 0.15032100000000004 0.788462 0.169551 0.761538 0.18108999999999997 0.741026 0.188782 0.7224360000000001 0.225962 0.696795 0.266987 0.6814100000000001 0.268269 0.666026 0.336218 0.703846 0.392628 0.751282 0.34006400000000003 0.767308 0.329808 0.7621789999999999 0.38237200000000005 0.763462 0.39134599999999997 0.801282 0.399038 0.825 0.36698699999999995 0.838462 0.40288500000000005
0 0.998718 0.40032100000000004 0.985897 0.374679 0.978846 0.36185900000000004 0.973077 0.351603 0.958333 0.38365400000000005 0.959615 0.40416700000000005 0.939744 0.38878199999999996 0.933974 0.334936 0.950641 0.32467900000000005 0.965385 0.292628 0.971154 0.272115 0.958974 0.23878200000000005 0.950641 0.21314100000000002 0.953205 0.165705 0.95641 0.13621799999999995 0.998718 0.11826899999999996
0 0.8416669999999999 0.010576999999999948 0.819231 0.05032099999999995 0.801282 0.07211500000000004 0.75 0.042628 0.735256 0.023397 0.726923 0.0067310000000000425
0 0.28012800000000004 0.28365399999999996 0.330769 0.21185900000000002 0.350641 0.17211500000000002 0.329487 0.12980800000000003 0.31794900000000004 0.11955099999999996 0.295513 0.184936 0.267308 0.21442300000000003 0.267308 0.16057699999999997 0.25769200000000003 0.169551 0.248077 0.227244 0.24038499999999996 0.252885 0.270513 0.27852600000000005
0 0.11794899999999997 0.6503209999999999 0.18076899999999996 0.620833 0.15256400000000003 0.546474 0.15320500000000004 0.49390999999999996 0.11923099999999998 0.509295 0.06602600000000003 0.58109 0.085256 0.6516029999999999
0 0.11987199999999998 0.227244 0.144231 0.169551 0.147436 0.14262799999999998 0.142949 0.07211500000000004 0.12115399999999998 0.023397 0.10192299999999999 0.03365399999999996 0.09038500000000005 0.08493600000000001 0.07564099999999996 0.16057699999999997 0.07692299999999996 0.184936 0.085256 0.208013 0.11538499999999996 0.209295
0 0.08333299999999999 0.986218 0.08333299999999999 0.897756 0.087179 0.786218 0.07051300000000005 0.7875 0.048077000000000036 0.8003210000000001 0.004487000000000019 0.829808 0.0032050000000000134 0.991346 0.06923100000000004 0.991346
0 0.5769230000000001 0.977244 0.5923080000000001 0.906731 0.555769 0.856731 0.541667 0.8644229999999999 0.5096149999999999 0.9041669999999999 0.494231 0.9375 0.460256 0.923397 0.413462 0.925962 0.38397400000000004 0.992628 0.5743590000000001 0.992628
0 0.982051 0.011858999999999953 0.964744 0.024679000000000006 0.958974 0.029807999999999946 0.945513 0.046474000000000015 0.932051 0.041345999999999994 0.915385 0.01570499999999997 0.911538 0.004167000000000032 0.976923 0.0028850000000000264
0 0.510256 0.09647399999999995 0.523077 0.05032099999999995 0.521795 0.03365399999999996 0.526923 0.0067310000000000425 0.461538 0.0028850000000000264 0.47307699999999997 0.027244000000000046 0.49294899999999997 0.07852599999999998 0.496795 0.101603
0 0.248718 0.061859 0.253205 0.051602999999999954 0.263462 0.02596200000000004 0.263462 0.005449000000000037 0.21923099999999995 0.0028850000000000264 0.21923099999999995 0.019550999999999985 0.228205 0.042628 0.23589700000000002 0.05544899999999997