0 0.646795 0.919551 0.713462 0.849038 0.696795 0.7413460000000001 0.6717949999999999 0.64391 0.671154 0.5131410000000001 0.649359 0.40032100000000004 0.64359 0.375962 0.641667 0.291346 0.637821 0.28365399999999996 0.601282 0.26314099999999996 0.580769 0.34134600000000004 0.510256 0.40032100000000004 0.501923 0.432372 0.485897 0.497756 0.41089699999999996 0.666987 0.41153799999999996 0.729808 0.476923 0.925962 0.503846 0.974679 0.5371790000000001 0.969551 0.594231 0.928526 0.607051 0.918269 0.625 0.901603
0 0.853205 0.978526 0.849359 0.886218 0.817308 0.8375 0.8 0.7823720000000001 0.780769 0.658013 0.748718 0.5349360000000001 0.723077 0.502885 0.75 0.36826899999999996 0.753205 0.352885 0.745513 0.34647399999999995 0.712179 0.40032100000000004 0.663462 0.392628 0.663462 0.36955099999999996 0.6525639999999999 0.306731 0.640385 0.27852600000000005 0.627564 0.26057699999999995 0.6153850000000001 0.22339699999999996 0.671154 0.24775599999999998 0.696795 0.24647399999999997 0.8019229999999999 0.288782 0.9 0.288782 0.923077 0.318269 0.963462 0.38109000000000004 0.998077 0.456731 0.99359 0.751603 0.978205 0.860577 0.973718 0.919551 0.978846 0.995192 0.857051 0.995192
0 0.358974 0.860577 0.380769 0.778526 0.373077 0.7208330000000001 0.375641 0.669551 0.335897 0.708013 0.315385 0.755449 0.295513 0.802885 0.294231 0.832372 0.313462 0.838782 0.34294899999999995 0.8375
0 0.23397400000000002 0.982372 0.20512799999999998 0.8439099999999999 0.19615400000000005 0.777244 0.18333299999999997 0.700321 0.167308 0.6541669999999999 0.14359 0.688782 0.12948700000000002 0.788782 0.11346199999999995 0.766987 0.06346200000000002 0.711859 0.038461999999999996 0.7375 0.003846000000000016 0.802885 0.005128000000000021 0.983654 0.020513000000000003 0.958013 0.062178999999999984 0.975962 0.09871799999999997 0.947756 0.125641 0.958013 0.11987199999999998 0.997756 0.229487 0.997756
0 0.057691999999999966 0.601603 0.06089699999999998 0.5323720000000001 0.09551299999999996 0.46698700000000004 0.11538499999999996 0.42596199999999995 0.126282 0.413141 0.13076900000000002 0.413141 0.144231 0.479808 0.16987200000000002 0.5375 0.18525599999999998 0.46570500000000004 0.18333299999999997 0.423397 0.15192300000000003 0.40160300000000004 0.141667 0.356731 0.146154 0.352885 0.17500000000000004 0.36057700000000004 0.17179500000000003 0.25544900000000004 0.15000000000000002 0.21698700000000004 0.141667 0.205449 0.09999999999999998 0.184936 0.07115400000000005 0.17467900000000003 0.030128000000000044 0.188782 0.0025640000000000107 0.17724399999999996 0.004487000000000019 0.338782 0.012820999999999971 0.336218 0.05384599999999995 0.34391000000000005 0.05897399999999997 0.373397 0.05320499999999995 0.395192 0.045513000000000026 0.416987 0.040385000000000004 0.5375 0.03205100000000005 0.579808 0.026282000000000028 0.596474 0.039744 0.6092949999999999
0 0.294872 0.291346 0.30833299999999997 0.24006400000000006 0.34807699999999997 0.20160299999999998 0.38397400000000004 0.19391000000000003 0.41153799999999996 0.18108999999999997 0.42115400000000003 0.170833 0.42243600000000003 0.15160300000000004 0.416026 0.11698699999999995 0.40705100000000005 0.08878200000000003 0.394872 0.043910000000000005 0.38653800000000005 0.013140999999999958 0.34551299999999996 0.023397 0.34230799999999995 0.07083300000000003 0.34038500000000005 0.13365400000000005 0.32756399999999997 0.15801299999999996 0.314103 0.12467899999999998 0.312179 0.08750000000000002 0.30769199999999997 0.07083300000000003 0.27884600000000004 0.07596199999999997 0.255128 0.03493599999999997 0.25 0.0067310000000000425 0.21923099999999995 0.010576999999999948 0.228846 0.05544899999999997 0.21858999999999995 0.13237200000000005 0.21730799999999995 0.18365399999999998 0.232692 0.24903799999999998 0.26153800000000005 0.2875
0 0.30769199999999997 0.518269 0.36602599999999996 0.44775600000000004 0.40833299999999995 0.423397 0.43269199999999997 0.422115 0.474359 0.41057699999999997 0.48717900000000003 0.37980800000000003 0.48782099999999995 0.311859 0.476282 0.291346 0.43140999999999996 0.310577 0.34743599999999997 0.351603 0.30833299999999997 0.39391 0.25705100000000003 0.44903800000000005 0.248077 0.48750000000000004 0.29807700000000004 0.525962
0 0.996154 0.15032100000000004 0.987179 0.13109000000000004 0.976923 0.11698699999999995 0.983333 0.082372 0.984615 0.06442300000000001 0.983333 0.05032099999999995 0.978846 0.032371999999999956 0.973077 0.0067310000000000425 0.998718 0.001603000000000021
0 0.803205 0.08750000000000002 0.773718 0.083654 0.744231 0.04519200000000001 0.771795 0.004167000000000032 0.892949 0.004167000000000032 0.862179 0.032371999999999956 0.853846 0.054166999999999965 0.851923 0.06442300000000001 0.830769 0.06442300000000001 0.823718 0.07083300000000003 0.814103 0.08750000000000002
0 0.565385 0.016986999999999974 0.533974 0.05544899999999997 0.512821 0.063141 0.495513 0.05544899999999997 0.486538 0.043910000000000005 0.483333 0.008013000000000048 0.553205 0.0028850000000000264
0 0.20192299999999996 0.07980799999999999 0.18717899999999998 0.11314100000000005 0.15256400000000003 0.10929500000000003 0.13589700000000005 0.102885 0.13525600000000004 0.07596199999999997 0.13461500000000004 0.05929499999999999 0.125 0.04775600000000002 0.12115399999999998 0.010576999999999948 0.147436 0.005449000000000037 0.15961499999999995 0.03749999999999998 0.18589699999999998 0.05032099999999995 0.18974400000000002 0.056730999999999976