0 0.996154 0.659295 0.983333 0.673397 0.9666669999999999 0.69391 0.940385 0.6375 0.932692 0.615705 0.914744 0.624679 0.888462 0.6118589999999999 0.873718 0.582372 0.860897 0.502885 0.883333 0.48109 0.900641 0.502885 0.905769 0.504167 0.901282 0.415705 0.935897 0.41057699999999997 0.949359 0.42596199999999995 0.999359 0.505449
0 0.5371790000000001 0.665705 0.577564 0.5900639999999999 0.585897 0.561859 0.603846 0.506731 0.605128 0.433654 0.605128 0.414423 0.600641 0.411859 0.620513 0.36185900000000004 0.622436 0.34262800000000004 0.617308 0.250321 0.552564 0.252885 0.562821 0.318269 0.58141 0.34775599999999995 0.5923080000000001 0.413141 0.5480769999999999 0.42980799999999997 0.530769 0.459295 0.46730799999999995 0.5349360000000001 0.47115399999999996 0.6092949999999999 0.473718 0.641346 0.480769 0.682372 0.514744 0.678526
0 0.478846 0.896474 0.494231 0.890064 0.5108969999999999 0.8375 0.48717900000000003 0.738782 0.44487200000000005 0.7464740000000001 0.40769200000000005 0.809295 0.40576900000000005 0.840064 0.42307700000000004 0.859295 0.44423100000000004 0.896474 0.45128199999999996 0.991346 0.498077 0.99391 0.485897 0.936218 0.480769 0.924679
0 0.83141 0.860577 0.866026 0.88109 0.855128 0.79391 0.8435900000000001 0.7631410000000001 0.817308 0.7875 0.796154 0.854167 0.8 0.8875
0 0.416026 0.764423 0.434615 0.691346 0.40961499999999995 0.6285259999999999 0.40512800000000004 0.600321 0.392308 0.582372 0.354487 0.584936 0.27884600000000004 0.6118589999999999 0.26089700000000005 0.575962 0.269231 0.500321 0.294872 0.40288500000000005 0.252564 0.42724399999999996 0.227564 0.460577 0.20128199999999996 0.5118590000000001 0.20576899999999998 0.565705 0.21858999999999995 0.665705 0.24038499999999996 0.791346 0.30064100000000005 0.7605770000000001 0.33910300000000004 0.754167 0.396795 0.7605770000000001
0 0.357692 0.984936 0.35641 0.924679 0.354487 0.856731 0.355769 0.822115 0.34358999999999995 0.818269 0.332051 0.841346 0.31987200000000005 0.890064 0.29679500000000003 0.934936 0.28525599999999995 0.99391 0.34358999999999995 0.991346
0 0.208974 0.975962 0.166667 0.942628 0.15769200000000005 0.928526 0.162821 0.890064 0.14935900000000002 0.869551 0.10705100000000001 0.8016030000000001 0.09551299999999996 0.768269 0.06089699999999998 0.727244 0.0025640000000000107 0.691346 0.0032050000000000134 0.99391 0.20576899999999998 0.9875
0 0.166667 0.528526 0.17051300000000003 0.47083299999999995 0.18589699999999998 0.432372 0.19423100000000004 0.42467900000000003 0.210256 0.34262800000000004 0.248718 0.24390999999999996 0.228205 0.19391000000000003 0.21602600000000005 0.186218 0.17115400000000003 0.229808 0.164744 0.20288499999999998 0.11794899999999997 0.15929499999999996 0.09679499999999996 0.225962 0.086538 0.27980799999999995 0.11346199999999995 0.325962 0.127564 0.34903799999999996 0.142308 0.433654 0.142949 0.458013 0.127564 0.509295 0.14102599999999998 0.54391 0.16217899999999996 0.561859
0 0.530769 0.37083299999999997 0.529487 0.329808 0.516026 0.291346 0.505769 0.225962 0.515385 0.19647400000000004 0.49294899999999997 0.17852599999999996 0.462179 0.21826900000000005 0.458974 0.24647399999999997 0.43397399999999997 0.252885 0.414103 0.268269 0.455128 0.34134600000000004 0.513462 0.34903799999999996 0.525 0.37852600000000003
0 0.012179000000000051 0.45032099999999997 0.040385000000000004 0.40673099999999995 0.04679500000000003 0.34134600000000004 0.03589699999999996 0.31955100000000003 0.02948700000000004 0.24775599999999998 0.004487000000000019 0.208013 0.0032050000000000134 0.458013
0 0.48782099999999995 0.06955100000000003 0.519872 0.04775600000000002 0.496795 0.011858999999999953 0.49038499999999996 0.004167000000000032 0.44166700000000003 0.0003210000000000157 0.434615 0.046474000000000015 0.45256399999999997 0.09903799999999996 0.477564 0.082372