0 0.27756400000000003 0.98109 0.27692300000000003 0.910577 0.24230799999999997 0.946474 0.27820500000000004 0.810577 0.28269200000000005 0.766987 0.267308 0.716987 0.21987199999999996 0.664423 0.21730799999999995 0.6298079999999999 0.21282100000000004 0.5746789999999999 0.19294900000000004 0.6118589999999999 0.15961499999999995 0.716987 0.13717900000000005 0.788782 0.146154 0.852885 0.13333300000000003 0.897756 0.11282099999999995 0.925962 0.10641 0.959295 0.11858999999999997 0.992628 0.267949 0.991346
0 0.476282 0.975962 0.46858999999999995 0.9041669999999999 0.47307699999999997 0.8375 0.437821 0.792628 0.416026 0.805449 0.399359 0.901603 0.373077 0.99391 0.478205 0.99391
0 0.628846 0.983654 0.619872 0.952885 0.601923 0.955449 0.570513 0.959295 0.555769 0.945192 0.540385 0.961859 0.524359 0.996474 0.623077 0.997756
0 0.790385 0.8644229999999999 0.7826919999999999 0.799038 0.789103 0.765705 0.794872 0.7233970000000001 0.796154 0.675962 0.794231 0.583654 0.791026 0.5516030000000001 0.775 0.527244 0.758333 0.540064 0.732692 0.578526 0.7211540000000001 0.622115 0.708974 0.627244 0.696795 0.6105769999999999 0.690385 0.563141 0.645513 0.588782 0.6371789999999999 0.627244 0.660256 0.68109 0.6621790000000001 0.7413460000000001 0.7141029999999999 0.813141 0.745513 0.8233969999999999 0.770513 0.850321
0 0.6346149999999999 0.901603 0.637821 0.872115 0.655769 0.827244 0.646795 0.786218 0.639103 0.774679 0.627564 0.7605770000000001 0.598077 0.784936 0.573718 0.840064 0.5673079999999999 0.870833 0.592949 0.8875
0 0.607692 0.5900639999999999 0.608333 0.541346 0.621795 0.44647400000000004 0.6 0.40673099999999995 0.583333 0.377244 0.5564100000000001 0.356731 0.5493589999999999 0.356731 0.5358970000000001 0.396474 0.537821 0.478526 0.537821 0.5516030000000001 0.539744 0.6298079999999999 0.562821 0.616987 0.585256 0.5516030000000001 0.592949 0.5746789999999999
0 0.48717900000000003 0.597756 0.501282 0.5926279999999999 0.507692 0.541346 0.5096149999999999 0.499038 0.485897 0.48750000000000004 0.46923099999999995 0.527244 0.44359000000000004 0.582372 0.46794899999999995 0.602885 0.478846 0.597756
0 0.30256400000000006 0.677244 0.34487199999999996 0.604167 0.359615 0.5708329999999999 0.33910300000000004 0.5336540000000001 0.329487 0.505449 0.30192300000000005 0.497756 0.29359 0.48493600000000003 0.269231 0.459295 0.264103 0.461859 0.23846199999999995 0.559295 0.23717900000000003 0.634936 0.25961500000000004 0.625962 0.287821 0.665705
0 0.09358999999999995 0.636218 0.11474399999999996 0.638782 0.12884600000000002 0.69391 0.13589700000000005 0.679808 0.13910299999999998 0.5939099999999999 0.13525600000000004 0.565705 0.103846 0.508013 0.07051300000000005 0.477244 0.06153799999999998 0.508013 0.07243599999999994 0.5554490000000001 0.07051300000000005 0.583654 0.06346200000000002 0.6092949999999999 0.06538500000000003 0.6285259999999999
0 0.06089699999999998 0.982372 0.03717899999999996 0.906731 0.04615400000000003 0.866987 0.032692000000000054 0.849038 0.0025640000000000107 0.802885 0.0025640000000000107 0.992628 0.05384599999999995 0.992628
0 0.972436 0.99391 0.958974 0.952885 0.951923 0.940064 0.965385 0.913141 0.979487 0.911859 0.998077 0.915705 0.998077 0.995192
0 0.973077 0.8618589999999999 0.98141 0.783654 0.978205 0.734936 0.955128 0.755449 0.958974 0.8003210000000001 0.945513 0.819551 0.939103 0.832372 0.951282 0.8644229999999999 0.959615 0.878526 0.9673080000000001 0.878526
0 0.992949 0.15544899999999995 0.964744 0.15416700000000005 0.957051 0.17339700000000002 0.939103 0.24262799999999995 0.917308 0.169551 0.91859 0.11057700000000004 0.908974 0.06057699999999999 0.9666669999999999 0.06826900000000002 0.991667 0.08493600000000001 0.996154 0.11570499999999995
0 0.5538460000000001 0.25416700000000003 0.585256 0.17852599999999996 0.61859 0.041345999999999994 0.614744 0.010576999999999948 0.5564100000000001 0.01826899999999998 0.5333330000000001 0.056730999999999976 0.5108969999999999 0.061859 0.482692 0.09134600000000004 0.475 0.15929499999999996 0.46410300000000004 0.208013 0.49230799999999997 0.21570500000000004 0.505128 0.268269 0.544231 0.25673100000000004
0 0.30512799999999995 0.313141 0.28461499999999995 0.21698700000000004 0.288462 0.17339700000000002 0.27756400000000003 0.145192 0.28333299999999995 0.08750000000000002 0.25769200000000003 0.056730999999999976 0.255128 0.12467899999999998 0.24551299999999998 0.21698700000000004 0.25 0.29391 0.253205 0.299038
0 0.16153799999999996 0.33109 0.22115399999999996 0.336218 0.20512799999999998 0.296474 0.209615 0.250321 0.20576899999999998 0.229808 0.17179500000000003 0.26570499999999997 0.14359 0.32467900000000005
0 0.01474399999999998 0.5310900000000001 0.02692300000000003 0.49647399999999997 0.033332999999999946 0.38878199999999996 0.025000000000000022 0.34647399999999995 0.0032050000000000134 0.31955100000000003 0.0025640000000000107 0.509295
0 0.08076899999999998 0.30544899999999997 0.06859000000000004 0.228526 0.06666700000000003 0.12596200000000002 0.05576899999999996 0.042628 0.05064100000000005 0.022114999999999996 0.0012820000000000054 0.0067310000000000425 0.003846000000000016 0.266987 0.04615400000000003 0.286218 0.06730800000000003 0.297756
0 0.7128209999999999 0.34134600000000004 0.710256 0.295192 0.723077 0.2875 0.744231 0.23109000000000002 0.748077 0.21314100000000002 0.750641 0.1875 0.726923 0.204167 0.695513 0.24262799999999995 0.687179 0.272115 0.692949 0.31955100000000003 0.704487 0.350321