0 0.888462 0.758013 0.8198719999999999 0.6541669999999999 0.80641 0.6131409999999999 0.807051 0.5900639999999999 0.798718 0.561859 0.769872 0.5528850000000001 0.767949 0.58109 0.757051 0.624679 0.764103 0.6516029999999999 0.775 0.686218 0.774359 0.7426280000000001 0.795513 0.805449 0.839744 0.834936 0.855128 0.832372 0.883974 0.786218 0.894231 0.768269
0 0.7403850000000001 0.546474 0.7833330000000001 0.5336540000000001 0.783974 0.524679 0.785256 0.49006400000000006 0.791667 0.46955100000000005 0.767949 0.456731 0.753846 0.4375 0.729487 0.423397 0.7153849999999999 0.414423 0.692949 0.47339699999999996 0.691667 0.508013 0.6935899999999999 0.5310900000000001 0.7153849999999999 0.5708329999999999 0.728846 0.5516030000000001
0 0.6141030000000001 0.5939099999999999 0.648077 0.5695509999999999 0.629487 0.528526 0.60641 0.47211499999999995 0.603205 0.434936 0.637821 0.40288500000000005 0.647436 0.38878199999999996 0.667949 0.36442300000000005 0.685256 0.316987 0.6839740000000001 0.23237200000000002 0.665385 0.26314099999999996 0.635256 0.2875 0.596795 0.327244 0.58141 0.372115 0.58141 0.396474 0.5275639999999999 0.43109 0.524359 0.44519200000000003 0.521795 0.49262799999999995 0.524359 0.5900639999999999 0.551282 0.596474 0.585897 0.565705 0.5923080000000001 0.565705 0.603205 0.584936
0 0.94359 0.36826899999999996 0.958974 0.34006400000000003 0.962179 0.318269 0.958974 0.288782 0.939744 0.18365399999999998 0.937821 0.15801299999999996 0.942308 0.15288500000000005 0.955769 0.16185899999999998 0.962179 0.14390999999999998 0.989744 0.12724400000000002 0.994231 0.11570499999999995 0.962821 0.05801299999999998 0.946795 0.024679000000000006 0.927564 0.013140999999999958 0.9083330000000001 0.023397 0.926282 0.09006400000000003 0.921154 0.11442300000000005 0.891667 0.12596200000000002 0.875 0.12467899999999998 0.851282 0.168269 0.847436 0.21955100000000005 0.844231 0.27724400000000005 0.857692 0.34262800000000004 0.884615 0.352885 0.900641 0.36442300000000005 0.929487 0.36570499999999995
0 0.996795 0.566987 0.973077 0.522115 0.938462 0.5323720000000001 0.920513 0.5708329999999999 0.933974 0.608013 0.951923 0.623397 0.960897 0.6516029999999999 0.946795 0.691346 0.9480770000000001 0.709295 0.951923 0.7631410000000001 0.95 0.7810900000000001 0.937179 0.797756 0.925641 0.849038 0.913462 0.884936 0.920513 0.919551 0.9480770000000001 0.934936 0.982051 0.925962 0.998077 0.922115
0 0.817949 0.24262799999999995 0.808974 0.188782 0.837821 0.19647400000000004 0.796154 0.15929499999999996 0.776923 0.19134600000000002 0.7801279999999999 0.21698700000000004 0.808333 0.251603
0 0.823718 0.08750000000000002 0.841026 0.09519200000000005 0.859615 0.09006400000000003 0.857692 0.03878199999999998 0.863462 0.03493599999999997 0.880128 0.05032099999999995 0.882051 0.03108999999999995 0.88141 0.009295000000000053 0.807051 0.0067310000000000425 0.79359 0.042628 0.792308 0.09262800000000004 0.8019229999999999 0.09647399999999995
0 0.42500000000000004 0.47467899999999996 0.437179 0.44391 0.44423100000000004 0.442628 0.457692 0.454167 0.46730799999999995 0.40673099999999995 0.476282 0.373397 0.47307699999999997 0.36057700000000004 0.461538 0.325962 0.44102600000000003 0.318269 0.439744 0.28493599999999997 0.435897 0.252885 0.414103 0.266987 0.398077 0.26570499999999997 0.34743599999999997 0.252885 0.336538 0.25929500000000005 0.315385 0.306731 0.31923100000000004 0.37083299999999997 0.329487 0.416987 0.337179 0.42980799999999997 0.36794899999999997 0.396474 0.40384600000000004 0.416987 0.40641000000000005 0.419551 0.391667 0.455449 0.394231 0.46442300000000003 0.40897399999999995 0.47339699999999996
0 0.18461499999999997 0.354167 0.208333 0.34775599999999995 0.250641 0.313141 0.251923 0.26442299999999996 0.254487 0.208013 0.26089700000000005 0.18365399999999998 0.265385 0.16314099999999998 0.27692300000000003 0.147756 0.32692299999999996 0.13365400000000005 0.34166700000000005 0.147756 0.360897 0.14134599999999997 0.36474399999999996 0.11057700000000004 0.36538499999999996 0.02596200000000004 0.373077 0.005449000000000037 0.011538000000000048 0.001603000000000021 0.004487000000000019 0.310577 0.042949000000000015 0.286218 0.083974 0.23237200000000002 0.09487199999999996 0.24262799999999995 0.126923 0.32083300000000003 0.15128200000000003 0.334936
0 0.128205 0.955449 0.13846199999999997 0.875962 0.12051299999999998 0.791346 0.105128 0.752885 0.07820499999999997 0.775962 0.06666700000000003 0.8451919999999999 0.07371799999999995 0.892628 0.052564000000000055 0.923397 0.03205100000000005 0.954167 0.020513000000000003 0.991346 0.13205100000000003 0.99391
0 0.30192300000000005 0.9028849999999999 0.31987200000000005 0.896474 0.33782100000000004 0.854167 0.348718 0.816987 0.34166700000000005 0.784936 0.33141 0.768269 0.30640999999999996 0.7798080000000001 0.290385 0.825962 0.292308 0.8644229999999999 0.292308 0.892628
0 0.003846000000000016 0.6516029999999999 0.025641000000000025 0.623397 0.025000000000000022 0.601603 0.025000000000000022 0.5695509999999999 0.02692300000000003 0.559295 0.010897000000000046 0.5721149999999999 0.0025640000000000107 0.5900639999999999