0 0.142308 0.983654 0.10961500000000002 0.93109 0.085897 0.899038 0.05192300000000005 0.872115 0.03461499999999995 0.855449 0.004487000000000019 0.814423 0.004487000000000019 0.991346 0.13076900000000002 0.992628
0 0.16859000000000002 0.922115 0.212179 0.8836539999999999 0.20256399999999997 0.832372 0.18653799999999998 0.818269 0.17564100000000005 0.8003210000000001 0.14935900000000002 0.795192 0.11538499999999996 0.805449 0.11089700000000002 0.750321 0.083974 0.759295 0.085897 0.805449 0.09230799999999995 0.870833 0.13653800000000005 0.8836539999999999
0 0.396795 0.986218 0.400641 0.9028849999999999 0.391667 0.868269 0.388462 0.8375 0.40897399999999995 0.809295 0.438462 0.816987 0.46282100000000004 0.7823720000000001 0.439744 0.725962 0.40705100000000005 0.727244 0.417949 0.646474 0.44551300000000005 0.618269 0.46794899999999995 0.5541670000000001 0.498718 0.5323720000000001 0.542308 0.499038 0.5769230000000001 0.460577 0.5698719999999999 0.373397 0.564103 0.3375 0.5358970000000001 0.37852600000000003 0.48782099999999995 0.42467900000000003 0.44679500000000005 0.46826900000000005 0.41025599999999995 0.522115 0.40576900000000005 0.563141 0.36282099999999995 0.5939099999999999 0.34743599999999997 0.625962 0.314744 0.705449 0.30064100000000005 0.7451920000000001 0.30000000000000004 0.820833 0.32307699999999995 0.872115 0.334615 0.899038 0.34102600000000005 0.965705 0.34294899999999995 0.992628 0.38653800000000005 0.99391
0 0.621154 0.89391 0.65 0.811859 0.648718 0.700321 0.624359 0.673397 0.610897 0.696474 0.603205 0.7810900000000001 0.605128 0.850321 0.610256 0.8875
0 0.955769 0.947756 0.941026 0.849038 0.932692 0.775962 0.910897 0.751603 0.884615 0.7375 0.861538 0.795192 0.845513 0.764423 0.812179 0.797756 0.816667 0.899038 0.8211539999999999 0.9375 0.859615 0.952885 0.896795 0.951603 0.912821 0.954167
0 0.835897 0.747756 0.833333 0.642628 0.828205 0.579808 0.825 0.48493600000000003 0.797436 0.46570500000000004 0.765385 0.506731 0.744231 0.584936 0.736538 0.640064 0.7378210000000001 0.696474 0.7621789999999999 0.727244 0.807692 0.754167 0.828846 0.752885
0 0.991026 0.40160300000000004 0.929487 0.37083299999999997 0.897436 0.315705 0.861538 0.19903800000000005 0.862179 0.10801300000000003 0.854487 0.06442300000000001 0.821795 0.046474000000000015 0.775641 0.05801299999999998 0.777564 0.008013000000000048 0.997436 0.0067310000000000425 0.996795 0.09391000000000005 0.978205 0.07083300000000003 0.9673080000000001 0.07467900000000005 0.963462 0.12852600000000003 0.98141 0.145192 0.997436 0.13365400000000005 0.998077 0.38749999999999996
0 0.645513 0.518269 0.728205 0.47339699999999996 0.695513 0.42467900000000003 0.677564 0.42596199999999995 0.657051 0.38878199999999996 0.654487 0.36955099999999996 0.6333329999999999 0.395192 0.621795 0.44391 0.61859 0.47467899999999996 0.638462 0.49134599999999995
0 0.6743589999999999 0.10801300000000003 0.689103 0.05032099999999995 0.723718 0.032371999999999956 0.717949 0.009295000000000053 0.624359 0.009295000000000053 0.638462 0.05801299999999998 0.650641 0.09775599999999995 0.6730769999999999 0.12083299999999997
0 0.51859 0.10801300000000003 0.5467949999999999 0.042628 0.554487 0.010576999999999948 0.44487200000000005 0.004167000000000032 0.44487200000000005 0.06698700000000002 0.457051 0.09519200000000005 0.49294899999999997 0.06442300000000001 0.505128 0.08109
0 0.28653799999999996 0.21185900000000002 0.34038500000000005 0.18237199999999998 0.36666699999999997 0.09519200000000005 0.349359 0.05801299999999998 0.329487 0.0067310000000000425 0.22115399999999996 0.008013000000000048 0.23397400000000002 0.05929499999999999 0.265385 0.08109 0.273077 0.09647399999999995 0.250641 0.15160300000000004 0.25705100000000003 0.19903800000000005
0 0.20064099999999996 0.556731 0.22564099999999998 0.528526 0.21602600000000005 0.463141 0.20576899999999998 0.44775600000000004 0.18205099999999996 0.44391 0.16025599999999995 0.475962 0.15833299999999995 0.5310900000000001 0.17307700000000004 0.559295 0.19102600000000003 0.560577
0 0.11025600000000002 0.525962 0.125641 0.505449 0.147436 0.44647400000000004 0.13974399999999998 0.413141 0.11217900000000003 0.373397 0.13910299999999998 0.329808 0.15897399999999995 0.295192 0.17756400000000006 0.25929500000000005 0.19935899999999995 0.204167 0.19551300000000005 0.101603 0.18269199999999997 0.0067310000000000425 0.005769000000000024 0.009295000000000053 0.004487000000000019 0.39391 0.04359000000000002 0.32211500000000004 0.06282100000000002 0.306731 0.07820499999999997 0.311859 0.08205099999999999 0.36955099999999996 0.05897399999999997 0.45032099999999997 0.05897399999999997 0.477244 0.09615399999999996 0.502885
0 0.20128199999999996 0.672115 0.232051 0.663141 0.254487 0.660577 0.248077 0.618269 0.18012799999999995 0.596474 0.19038500000000003 0.655449