0 0.008974000000000038 0.936218 0.07628199999999996 0.856731 0.10705100000000001 0.851603 0.144231 0.805449 0.126923 0.736218 0.10833300000000001 0.686218 0.086538 0.668269 0.06282100000000002 0.695192 0.027564000000000033 0.751603 0.005128000000000021 0.769551 0.0032050000000000134 0.919551
0 0.412821 0.991346 0.42179500000000003 0.960577 0.44423100000000004 0.9028849999999999 0.47179499999999996 0.791346 0.457051 0.7605770000000001 0.45128199999999996 0.749038 0.41859 0.764423 0.396154 0.811859 0.352564 0.868269 0.313462 0.918269 0.31859000000000004 0.9708330000000001 0.336538 0.995192
0 0.616026 0.7810900000000001 0.6333329999999999 0.777244 0.639744 0.710577 0.641667 0.641346 0.6179490000000001 0.616987 0.575 0.6375 0.5660259999999999 0.691346 0.569231 0.749038 0.596795 0.773397
0 0.994231 0.751603 0.944231 0.7464740000000001 0.916026 0.774679 0.890385 0.796474 0.876282 0.838782 0.883333 0.852885 0.85 0.88109 0.777564 0.911859 0.746795 0.93109 0.689744 0.933654 0.670513 0.914423 0.710256 0.818269 0.767308 0.7810900000000001 0.809615 0.732372 0.812821 0.64391 0.773718 0.601603 0.75 0.5554490000000001 0.787179 0.49390999999999996 0.8230770000000001 0.458013 0.8628210000000001 0.478526 0.866026 0.542628 0.900641 0.568269 0.920513 0.5926279999999999 0.946795 0.584936 0.997436 0.5528850000000001 0.996795 0.718269
0 0.7846150000000001 0.47083299999999995 0.812179 0.416987 0.836538 0.38237200000000005 0.848077 0.30160299999999995 0.8435900000000001 0.274679 0.842949 0.22211499999999995 0.823718 0.17211500000000002 0.814744 0.100321 0.817949 0.03365399999999996 0.8051280000000001 0.010576999999999948 0.583974 0.004167000000000032 0.5730770000000001 0.082372 0.5698719999999999 0.13878199999999996 0.5974360000000001 0.15544899999999995 0.607051 0.205449 0.5698719999999999 0.23493600000000003 0.542308 0.27852600000000005 0.5538460000000001 0.39391 0.533974 0.475962 0.5333330000000001 0.522115 0.555769 0.520833 0.621795 0.4375 0.624359 0.291346 0.642949 0.21826900000000005 0.642949 0.186218 0.666026 0.204167 0.679487 0.26185899999999995 0.675 0.36826899999999996 0.6769229999999999 0.42852599999999996 0.673718 0.523397 0.710897 0.49134599999999995 0.76859 0.48750000000000004
0 0.996154 0.27596200000000004 0.985897 0.25673100000000004 0.967949 0.21955100000000005 0.91859 0.102885 0.899359 0.014422999999999964 0.996154 0.009295000000000053 0.998077 0.21442300000000003
0 0.43269199999999997 0.18108999999999997 0.49038499999999996 0.13878199999999996 0.544231 0.10801300000000003 0.5589740000000001 0.07724399999999998 0.564744 0.032371999999999956 0.541667 0.004167000000000032 0.45641 0.005449000000000037 0.40769200000000005 0.06570500000000001 0.40705100000000005 0.13109000000000004 0.419872 0.16314099999999998 0.43076899999999996 0.19391000000000003
0 0.399359 0.5875 0.45064099999999996 0.5336540000000001 0.435897 0.46442300000000003 0.42179500000000003 0.336218 0.40897399999999995 0.310577 0.352564 0.311859 0.32820499999999997 0.423397 0.32564099999999996 0.49519199999999997 0.32115400000000005 0.545192 0.354487 0.575962 0.375641 0.5900639999999999
0 0.288462 0.299038 0.313462 0.28237199999999996 0.329487 0.24134599999999995 0.33846200000000004 0.208013 0.34679499999999996 0.169551 0.33910300000000004 0.13237200000000005 0.292949 0.13493599999999994 0.292949 0.16314099999999998 0.29743600000000003 0.209295 0.272436 0.270833 0.269872 0.288782
0 0.030769000000000046 0.38493599999999994 0.045513000000000026 0.28493599999999997 0.04935900000000004 0.24262799999999995 0.033332999999999946 0.20160299999999998 0.0025640000000000107 0.20032099999999997 0.0032050000000000134 0.397756
0 0.20448699999999997 0.149038 0.253846 0.11826899999999996 0.275641 0.09262800000000004 0.26859 0.06826900000000002 0.26217900000000005 0.046474000000000015 0.248077 0.01570499999999997 0.141667 0.011858999999999953 0.11666699999999997 0.07596199999999997 0.07756399999999997 0.07083300000000003 0.04679500000000003 0.07852599999999998 0.04359000000000002 0.146474 0.05320499999999995 0.190064 0.07179500000000005 0.21442300000000003 0.11089700000000002 0.170833 0.12948700000000002 0.13365400000000005 0.16987200000000002 0.12724400000000002