0 0.0070510000000000295 0.438782 0.02884600000000004 0.42724399999999996 0.05705099999999996 0.42852599999999996 0.10256399999999999 0.422115 0.10641 0.413141 0.11217900000000003 0.36314100000000005 0.126282 0.30160299999999995 0.13846199999999997 0.392628 0.15641000000000005 0.32211500000000004 0.15769200000000005 0.274679 0.124359 0.26570499999999997 0.144231 0.20288499999999998 0.15256400000000003 0.204167 0.17435900000000004 0.228526 0.208333 0.250321 0.229487 0.252885 0.23397400000000002 0.17211500000000002 0.22692299999999999 0.041345999999999994 0.22051299999999996 0.01570499999999997 0.0032050000000000134 0.008013000000000048 0.0025640000000000107 0.423397
0 0.20576899999999998 0.48750000000000004 0.24230799999999997 0.48109 0.253205 0.48365400000000003 0.25897400000000004 0.49262799999999995 0.263462 0.5310900000000001 0.264744 0.549038 0.29359 0.5541670000000001 0.314744 0.5336540000000001 0.32692299999999996 0.520833 0.329487 0.46955100000000005 0.33910300000000004 0.422115 0.32628199999999996 0.40160300000000004 0.30448699999999995 0.38621799999999995 0.29615400000000003 0.354167 0.247436 0.34647399999999995 0.21666700000000005 0.333654 0.211538 0.32083300000000003 0.18782100000000002 0.358013 0.15833299999999995 0.40032100000000004 0.17307700000000004 0.45032099999999997 0.19230800000000003 0.48621800000000004
0 0.41859 0.696474 0.440385 0.660577 0.47051299999999996 0.664423 0.496795 0.677244 0.502564 0.615705 0.476923 0.558013 0.473718 0.528526 0.480128 0.49006400000000006 0.502564 0.461859 0.540385 0.396474 0.547436 0.36955099999999996 0.5564100000000001 0.308013 0.5121789999999999 0.34006400000000003 0.496795 0.38237200000000005 0.47243599999999997 0.422115 0.44807699999999995 0.456731 0.43333299999999997 0.478526 0.40897399999999995 0.499038 0.398077 0.538782 0.38653800000000005 0.616987 0.38717900000000005 0.658013 0.397436 0.6875
0 0.588462 0.642628 0.6141030000000001 0.624679 0.641667 0.6118589999999999 0.650641 0.605449 0.651282 0.566987 0.6583330000000001 0.540064 0.6128210000000001 0.5298080000000001 0.583974 0.504167 0.557051 0.556731 0.5538460000000001 0.608013 0.576282 0.6298079999999999
0 0.730769 0.9041669999999999 0.753205 0.865705 0.753846 0.832372 0.707051 0.764423 0.704487 0.715705 0.694231 0.677244 0.658974 0.6310899999999999 0.655769 0.622115 0.632692 0.6375 0.628205 0.678526 0.626282 0.736218 0.65 0.841346 0.6621790000000001 0.870833 0.675 0.891346 0.713462 0.919551 0.7185900000000001 0.919551
0 0.872436 0.990064 0.894872 0.950321 0.919231 0.896474 0.914103 0.847756 0.914103 0.805449 0.914744 0.775962 0.911538 0.736218 0.885256 0.700321 0.867308 0.674679 0.857051 0.649038 0.819231 0.6144229999999999 0.807692 0.6118589999999999 0.794872 0.674679 0.7993589999999999 0.686218 0.8243590000000001 0.73109 0.8256410000000001 0.766987 0.8211539999999999 0.815705 0.81859 0.850321 0.810897 0.873397 0.798718 0.911859 0.785256 0.952885 0.782051 0.992628 0.866026 0.996474
0 0.992308 0.64391 0.979487 0.6118589999999999 0.969872 0.5926279999999999 0.961538 0.556731 0.947436 0.499038 0.952564 0.438782 0.958333 0.41057699999999997 0.971795 0.40544899999999995 0.976282 0.40544899999999995 0.997436 0.436218 0.998718 0.625962
0 0.998077 0.859295 0.973718 0.8375 0.9666669999999999 0.820833 0.975641 0.783654 0.980769 0.7426280000000001 0.985256 0.7233970000000001 0.998077 0.710577
0 0.89359 0.441346 0.9096150000000001 0.43109 0.9096150000000001 0.418269 0.9083330000000001 0.38749999999999996 0.9076919999999999 0.35929500000000003 0.898718 0.34134600000000004 0.883333 0.333654 0.874359 0.375962
0 0.798718 0.460577 0.822436 0.44775600000000004 0.8230770000000001 0.397756 0.8198719999999999 0.34775599999999995 0.807051 0.27596200000000004 0.833333 0.227244 0.841026 0.21057700000000001 0.8416669999999999 0.19134600000000002 0.807051 0.13493599999999994 0.796795 0.12467899999999998 0.775641 0.19134600000000002 0.754487 0.19519200000000003 0.745513 0.204167 0.723718 0.22467899999999996 0.725 0.24262799999999995 0.7128209999999999 0.30160299999999995 0.7128209999999999 0.334936 0.713462 0.38109000000000004 0.724359 0.411859 0.745513 0.44519200000000003 0.7801279999999999 0.455449 0.789103 0.46570500000000004
0 0.17692300000000005 0.982372 0.19551300000000005 0.964423 0.20576899999999998 0.94391 0.21538500000000005 0.886218 0.21666700000000005 0.872115 0.19166700000000003 0.858013 0.16923100000000002 0.874679 0.16025599999999995 0.9041669999999999 0.15897399999999995 0.940064 0.15448700000000004 0.9708330000000001 0.14102599999999998 0.966987 0.13076900000000002 0.984936 0.126282 0.992628 0.17371800000000004 0.99391
0 0.670513 0.325962 0.6826920000000001 0.292628 0.6826920000000001 0.27724400000000005 0.6743589999999999 0.250321 0.657051 0.25673100000000004 0.641667 0.266987 0.641667 0.27980799999999995 0.655769 0.30544899999999997 0.660256 0.318269
0 0.679487 0.21185900000000002 0.687179 0.18237199999999998 0.7141029999999999 0.188782 0.725641 0.18237199999999998 0.723718 0.11698699999999995 0.726923 0.09134600000000004 0.713462 0.05544899999999997 0.7019230000000001 0.046474000000000015 0.690385 0.06698700000000002 0.6743589999999999 0.07596199999999997 0.660256 0.09134600000000004 0.651282 0.14134599999999997 0.651923 0.17467900000000003 0.660256 0.190064 0.669872 0.21314100000000002
0 0.991667 0.26442299999999996 0.983333 0.266987 0.96859 0.252885 0.953205 0.26057699999999995 0.946795 0.274679 0.945513 0.23237200000000002 0.940385 0.18365399999999998 0.917308 0.204167 0.903846 0.18365399999999998 0.9096150000000001 0.12211499999999997 0.928205 0.08493600000000001 0.9480770000000001 0.06826900000000002 0.976923 0.061859 0.995513 0.027244000000000046 0.995513 0.225962