0 0.896154 0.995192 0.879487 0.932372 0.886538 0.879808 0.899359 0.852885 0.917308 0.829808 0.9288460000000001 0.786218 0.930769 0.733654 0.9083330000000001 0.734936 0.810897 0.7451920000000001 0.7826919999999999 0.7451920000000001 0.7826919999999999 0.758013 0.782051 0.820833 0.764103 0.992628
0 0.678205 0.961859 0.6826920000000001 0.875962 0.6730769999999999 0.838782 0.6333329999999999 0.814423 0.64359 0.758013 0.641667 0.728526 0.621154 0.708013 0.5769230000000001 0.7233970000000001 0.565385 0.7439100000000001 0.525 0.719551 0.525 0.709295 0.501282 0.710577 0.48974399999999996 0.718269 0.473718 0.749038 0.44935899999999995 0.805449 0.40769200000000005 0.99391 0.6 0.992628 0.639103 0.958013 0.66859 0.959295
0 0.773718 0.738782 0.792308 0.69391 0.79359 0.646474 0.8051280000000001 0.605449 0.8019229999999999 0.5913459999999999 0.776923 0.583654 0.728846 0.568269 0.691667 0.556731 0.6980770000000001 0.48621800000000004 0.7153849999999999 0.42852599999999996 0.769872 0.3375 0.773718 0.309295 0.769872 0.272115 0.760256 0.204167 0.752564 0.19134600000000002 0.725641 0.22083299999999995 0.664103 0.311859 0.630769 0.38109000000000004 0.621154 0.436218 0.6333329999999999 0.509295 0.636538 0.558013 0.6333329999999999 0.616987 0.642308 0.696474 0.651923 0.719551 0.671154 0.705449 0.705769 0.732372 0.720513 0.7413460000000001
0 0.22564099999999998 0.936218 0.263462 0.899038 0.24487199999999998 0.7875 0.230769 0.695192 0.21923099999999995 0.5733969999999999 0.207692 0.44519200000000003 0.20384599999999997 0.42852599999999996 0.19999999999999996 0.39134599999999997 0.19615400000000005 0.373397 0.17371800000000004 0.36698699999999995 0.125641 0.373397 0.11217900000000003 0.419551 0.12115399999999998 0.4375 0.145513 0.434936 0.15128200000000003 0.455449 0.146795 0.502885 0.141667 0.545192 0.15576900000000005 0.5875 0.14359 0.634936 0.123718 0.668269 0.103846 0.695192 0.09358999999999995 0.7426280000000001 0.11025600000000002 0.832372 0.142308 0.93109 0.211538 0.94391
0 0.11666699999999997 0.9875 0.10961500000000002 0.947756 0.10769200000000001 0.924679 0.08012799999999998 0.833654 0.05064100000000005 0.8003210000000001 0.04615400000000003 0.79391 0.011538000000000048 0.811859 0.0025640000000000107 0.859295 0.0032050000000000134 0.992628
0 0.11346199999999995 0.6131409999999999 0.11602599999999996 0.5541670000000001 0.10192299999999999 0.49390999999999996 0.057691999999999966 0.504167 0.07628199999999996 0.42980799999999997 0.07115400000000005 0.356731 0.06538500000000003 0.328526 0.07115400000000005 0.30032099999999995 0.12307699999999999 0.310577 0.12884600000000002 0.291346 0.12307699999999999 0.225962 0.09423099999999995 0.16314099999999998 0.05897399999999997 0.10544900000000001 0.005769000000000024 0.146474 0.0025640000000000107 0.37083299999999997 0.018589999999999995 0.358013 0.028205000000000036 0.37852600000000003 0.021154000000000006 0.40929499999999996 0.003846000000000016 0.42980799999999997 0.003846000000000016 0.663141 0.023718000000000017 0.670833 0.03589699999999996 0.6285259999999999 0.04871800000000004 0.623397 0.07115400000000005 0.578526 0.07948699999999997 0.568269 0.09294899999999995 0.5951919999999999
0 0.40641000000000005 0.659295 0.42115400000000003 0.5900639999999999 0.43140999999999996 0.536218 0.438462 0.49647399999999997 0.440385 0.397756 0.44807699999999995 0.38749999999999996 0.498077 0.438782 0.519872 0.40160300000000004 0.532051 0.356731 0.511538 0.291346 0.498077 0.251603 0.48974399999999996 0.21955100000000005 0.46282100000000004 0.20160299999999998 0.43076899999999996 0.188782 0.40897399999999995 0.190064 0.38205100000000003 0.22211499999999995 0.36346199999999995 0.23365400000000003 0.351923 0.251603 0.348718 0.290064 0.36474399999999996 0.34903799999999996 0.36794899999999997 0.36955099999999996 0.34166700000000005 0.413141 0.329487 0.440064 0.32243599999999994 0.502885 0.34294899999999995 0.5349360000000001 0.36730799999999997 0.5503210000000001 0.39359 0.605449 0.34423099999999995 0.679808 0.34358999999999995 0.701603 0.369872 0.702885 0.395513 0.690064
0 0.521154 0.083654 0.542308 0.061859 0.561538 0.061859 0.5698719999999999 0.03365399999999996 0.5756410000000001 0.0067310000000000425 0.476923 0.005449000000000037 0.483974 0.04006399999999999 0.498718 0.09134600000000004
0 0.29743600000000003 0.34391000000000005 0.292949 0.297756 0.27948700000000004 0.269551 0.271795 0.252885 0.271795 0.24390999999999996 0.24102599999999996 0.291346 0.23397400000000002 0.310577 0.24551299999999998 0.31955100000000003 0.26282099999999997 0.309295 0.275641 0.316987 0.27820500000000004 0.34903799999999996 0.28141000000000005 0.358013 0.290385 0.35929500000000003
0 0.275 0.209295 0.28333299999999995 0.19262800000000002 0.290385 0.15801299999999996 0.272436 0.09647399999999995 0.23141 0.09391000000000005 0.22307699999999997 0.12211499999999997 0.24487199999999998 0.17724399999999996 0.25769200000000003 0.204167
0 0.992308 0.768269 0.98141 0.7413460000000001 0.990385 0.68109 0.973077 0.678526 0.937179 0.700321 0.920513 0.697756 0.911538 0.6336539999999999 0.9 0.6144229999999999 0.875641 0.582372 0.873718 0.46826900000000005 0.870513 0.458013 0.865385 0.441346 0.889744 0.418269 0.937179 0.395192 0.951282 0.40801299999999996 0.953205 0.36185900000000004 0.946795 0.34006400000000003 0.9288460000000001 0.336218 0.904487 0.33109 0.892308 0.295192 0.894872 0.24775599999999998 0.905769 0.228526 0.912821 0.205449 0.937821 0.190064 0.969231 0.19903800000000005 0.998718 0.21185900000000002 0.995513 0.399038 0.979487 0.37083299999999997 0.978846 0.432372 0.982051 0.456731 0.982051 0.49390999999999996 0.977564 0.528526 0.962821 0.540064 0.965385 0.565705 0.996154 0.584936 0.997436 0.754167
0 0.22435899999999998 0.05288499999999996 0.21538500000000005 0.016986999999999974 0.211538 0.004167000000000032 0.10192299999999999 0.0067310000000000425 0.10064099999999998 0.05032099999999995 0.10641 0.08493600000000001 0.124359 0.05288499999999996 0.167308 0.07596199999999997 0.17756400000000006 0.08878200000000003 0.20256399999999997 0.03749999999999998 0.21346200000000004 0.04519200000000001