0 0.21923099999999995 0.961859 0.24358999999999997 0.8875 0.271154 0.8426279999999999 0.28461499999999995 0.7426280000000001 0.22499999999999998 0.682372 0.19935899999999995 0.669551 0.16794900000000001 0.675962 0.15833299999999995 0.755449 0.145513 0.829808 0.09935899999999998 0.8836539999999999 0.127564 0.918269 0.16089699999999996 0.916987 0.14807700000000001 0.965705 0.15000000000000002 0.9875 0.19294900000000004 0.982372 0.21538500000000005 0.979808
0 0.10128199999999998 0.98109 0.09038500000000005 0.897756 0.07564099999999996 0.884936 0.028205000000000036 0.927244 0.01474399999999998 0.946474 0.04230800000000001 0.990064 0.08974400000000005 0.997756
0 0.32243599999999994 0.813141 0.370513 0.836218 0.40256400000000003 0.83109 0.414103 0.8003210000000001 0.420513 0.772115 0.42564100000000005 0.7605770000000001 0.435897 0.769551 0.44871799999999995 0.8439099999999999 0.47051299999999996 0.822115 0.46794899999999995 0.752885 0.45384599999999997 0.701603 0.439103 0.673397 0.44102600000000003 0.596474 0.417949 0.5105770000000001 0.392308 0.49390999999999996 0.370513 0.519551 0.36794899999999997 0.5900639999999999 0.36346199999999995 0.638782 0.34166700000000005 0.666987 0.33910300000000004 0.695192 0.348718 0.7221150000000001 0.30705099999999996 0.7810900000000001 0.313462 0.811859
0 0.525641 0.949038 0.523718 0.9041669999999999 0.519872 0.879808 0.525641 0.854167 0.539744 0.816987 0.547436 0.7875 0.540385 0.727244 0.505769 0.7208330000000001 0.485897 0.755449 0.47307699999999997 0.805449 0.46923099999999995 0.838782 0.46794899999999995 0.860577 0.474359 0.884936 0.47051299999999996 0.918269 0.45384599999999997 0.914423 0.458333 0.947756 0.479487 0.950321 0.496795 0.964423 0.508974 0.942628
0 0.721795 0.886218 0.736538 0.83109 0.746795 0.783654 0.754487 0.7618590000000001 0.758974 0.752885 0.773077 0.769551 0.785256 0.7208330000000001 0.7833330000000001 0.677244 0.796154 0.670833 0.825 0.666987 0.828846 0.6285259999999999 0.8211539999999999 0.5913459999999999 0.79359 0.601603 0.769872 0.623397 0.763462 0.674679 0.745513 0.655449 0.754487 0.58109 0.710256 0.49134599999999995 0.6826920000000001 0.463141 0.641026 0.463141 0.573718 0.506731 0.55 0.559295 0.5711539999999999 0.664423 0.637821 0.774679 0.664103 0.840064 0.6358969999999999 0.859295 0.654487 0.918269 0.671154 0.942628 0.694231 0.918269
0 0.926282 0.9875 0.896795 0.933654 0.914103 0.895192 0.875 0.827244 0.8628210000000001 0.777244 0.8423080000000001 0.7426280000000001 0.826282 0.750321 0.804487 0.7798080000000001 0.8051280000000001 0.832372 0.8243590000000001 0.874679 0.85 0.878526 0.8628210000000001 0.905449 0.851282 0.951603 0.828846 0.973397 0.815385 0.990064 0.917308 0.996474
0 0.544231 0.5375 0.548718 0.477244 0.552564 0.44647400000000004 0.55 0.42724399999999996 0.515385 0.42980799999999997 0.46602600000000005 0.438782 0.48910299999999995 0.508013 0.500641 0.5310900000000001
0 0.548718 0.351603 0.566667 0.25929500000000005 0.5878209999999999 0.15929499999999996 0.589744 0.11442300000000005 0.585897 0.09647399999999995 0.5467949999999999 0.100321 0.521154 0.11185900000000004 0.48141 0.08750000000000002 0.461538 0.05544899999999997 0.476923 0.008013000000000048 0.396154 0.010576999999999948 0.4 0.051602999999999954 0.40320500000000004 0.09903799999999996 0.375 0.15160300000000004 0.34230799999999995 0.22083299999999995 0.33846200000000004 0.291346 0.36474399999999996 0.36826899999999996 0.398077 0.38621799999999995 0.438462 0.36442300000000005 0.478846 0.313141 0.513462 0.356731
0 0.15320500000000004 0.58109 0.10641 0.5541670000000001 0.07820499999999997 0.501603 0.09935899999999998 0.414423 0.11602599999999996 0.37980800000000003 0.13846199999999997 0.40416700000000005 0.142308 0.456731 0.17179500000000003 0.536218 0.17115400000000003 0.5926279999999999
0 0.06089699999999998 0.7618590000000001 0.104487 0.727244 0.11666699999999997 0.736218 0.11923099999999998 0.669551 0.08140999999999998 0.6541669999999999 0.05640999999999996 0.641346 0.042949000000000015 0.691346 0.04679500000000003 0.736218
0 0.012179000000000051 0.7439100000000001 0.02884600000000004 0.68109 0.040385000000000004 0.622115 0.04102600000000001 0.588782 0.039103 0.563141 0.016025999999999985 0.579808 0.003846000000000016 0.599038 0.003846000000000016 0.725962
0 0.14038499999999998 0.36955099999999996 0.16794900000000001 0.351603 0.19230800000000003 0.30288499999999996 0.20320499999999997 0.20032099999999997 0.20640999999999998 0.15160300000000004 0.164744 0.083654 0.12307699999999999 0.027244000000000046 0.11987199999999998 0.009295000000000053 0.05448699999999995 0.008013000000000048 0.07051300000000005 0.06057699999999999 0.10192299999999999 0.10929500000000003 0.10641 0.14134599999999997 0.07435899999999995 0.17980799999999997 0.03653799999999996 0.21442300000000003 0.04423100000000002 0.34903799999999996 0.08076899999999998 0.36826899999999996 0.11538499999999996 0.35929500000000003
0 0.22564099999999998 0.6105769999999999 0.264744 0.566987 0.255128 0.516987 0.248077 0.46570500000000004 0.23653800000000003 0.451603 0.22179499999999996 0.44775600000000004 0.17820499999999995 0.5349360000000001 0.18012799999999995 0.5695509999999999 0.18782100000000002 0.606731 0.19102600000000003 0.6131409999999999
0 0.875 0.292628 0.820513 0.31955100000000003 0.803205 0.314423 0.783974 0.28108999999999995 0.76859 0.24134599999999995 0.764744 0.21826900000000005 0.766667 0.15032100000000004 0.774359 0.13749999999999996 0.7801279999999999 0.12339699999999998 0.7826919999999999 0.09391000000000005 0.764744 0.07339700000000005 0.753205 0.011858999999999953 0.8211539999999999 0.013140999999999958 0.898077 0.009295000000000053 0.888462 0.07980799999999999 0.884615 0.15929499999999996 0.885256 0.268269
0 0.889103 0.670833 0.912821 0.601603 0.910256 0.5733969999999999 0.895513 0.5503210000000001 0.8871789999999999 0.542628 0.866667 0.577244 0.862179 0.46442300000000003 0.859615 0.432372 0.836538 0.415705 0.81859 0.461859 0.826923 0.545192 0.85 0.5939099999999999 0.85 0.624679 0.861538 0.6541669999999999
0 0.989744 0.38365400000000005 0.976923 0.374679 0.937821 0.475962 0.905769 0.48878200000000005 0.9288460000000001 0.325962 0.917308 0.225962 0.914744 0.20160299999999998 0.93141 0.19647400000000004 0.971795 0.186218 0.953846 0.10544900000000001 0.950641 0.046474000000000015 0.975 0.010576999999999948 0.997436 0.009295000000000053 0.998077 0.36185900000000004
0 0.7006410000000001 0.11314100000000005 0.703846 0.05801299999999998 0.672436 0.023397 0.653205 0.0067310000000000425 0.630769 0.009295000000000053 0.63141 0.07596199999999997 0.642308 0.10673100000000002 0.6621790000000001 0.13365400000000005 0.694231 0.12596200000000002