0 0.375 0.995192 0.247436 0.999038 0.19679500000000005 0.956731 0.17115400000000003 0.9041669999999999 0.147436 0.8439099999999999 0.11858999999999997 0.851603 0.07435899999999995 0.925962 0.06474400000000002 0.995192 0.0032050000000000134 0.995192 0.003846000000000016 0.728526 0.030769000000000046 0.7375 0.04359000000000002 0.740064 0.04871800000000004 0.715705 0.03141000000000005 0.69391 0.019230999999999998 0.6118589999999999 0.09102600000000005 0.5375 0.10961500000000002 0.6105769999999999 0.13589700000000005 0.7221150000000001 0.17500000000000004 0.6516029999999999 0.228846 0.625962 0.28461499999999995 0.6310899999999999 0.32692299999999996 0.674679 0.335897 0.7618590000000001 0.357692 0.8451919999999999 0.373718 0.906731 0.373718 0.954167
0 0.917308 0.7413460000000001 0.853846 0.805449 0.822436 0.8644229999999999 0.807051 0.869551 0.796795 0.820833 0.7833330000000001 0.786218 0.761538 0.777244 0.755128 0.813141 0.730128 0.816987 0.730769 0.7439100000000001 0.7198720000000001 0.690064 0.691667 0.599038 0.6551279999999999 0.40032100000000004 0.670513 0.33109 0.691667 0.299038 0.719231 0.34391000000000005 0.733974 0.44519200000000003 0.764744 0.5695509999999999 0.778846 0.674679 0.810897 0.6118589999999999 0.8423080000000001 0.579808 0.889744 0.5503210000000001 0.9096150000000001 0.605449 0.912179 0.658013 0.946154 0.655449 0.961538 0.718269 0.91859 0.719551
0 0.995513 0.318269 0.988462 0.334936 0.974359 0.375962 0.916667 0.36185900000000004 0.891026 0.23750000000000004 0.863462 0.205449 0.869231 0.26185899999999995 0.875641 0.315705 0.851923 0.33109 0.80641 0.32083300000000003 0.786538 0.292628 0.769872 0.21185900000000002 0.795513 0.15160300000000004 0.796795 0.08750000000000002 0.795513 0.02083299999999999 0.81859 0.02083299999999999 0.857692 0.05801299999999998 0.887821 0.07852599999999998 0.921154 0.14134599999999997 0.960256 0.145192 0.997436 0.11570499999999995 0.997436 0.297756
0 0.762821 0.19903800000000005 0.732692 0.225962 0.676282 0.204167 0.66859 0.17596199999999995 0.680769 0.04006399999999999 0.6801280000000001 0.004167000000000032 0.780769 0.004167000000000032 0.785256 0.054166999999999965 0.787821 0.10801300000000003 0.778846 0.13621799999999995 0.770513 0.16442299999999999
0 0.591026 0.26570499999999997 0.583333 0.21442300000000003 0.565385 0.17852599999999996 0.544231 0.13749999999999996 0.5326919999999999 0.12083299999999997 0.477564 0.10929500000000003 0.44935899999999995 0.12724400000000002 0.45384599999999997 0.17852599999999996 0.43012799999999995 0.21185900000000002 0.417308 0.228526 0.44551300000000005 0.316987 0.479487 0.358013 0.499359 0.334936 0.536538 0.356731 0.5480769999999999 0.296474 0.58141 0.29391
0 0.16089699999999996 0.36442300000000005 0.18525599999999998 0.30032099999999995 0.19999999999999996 0.24903799999999998 0.17756400000000006 0.17467900000000003 0.16923100000000002 0.145192 0.162821 0.11955099999999996 0.12051299999999998 0.08493600000000001 0.04359000000000002 0.01570499999999997 0.004487000000000019 0.02083299999999999 0.004487000000000019 0.413141 0.015384999999999982 0.45032099999999997 0.035255999999999954 0.48878200000000005 0.07051300000000005 0.455449 0.09358999999999995 0.423397 0.07884599999999997 0.30032099999999995 0.04359000000000002 0.315705 0.025641000000000025 0.266987 0.023718000000000017 0.17852599999999996 0.030128000000000044 0.169551 0.126923 0.270833 0.144872 0.314423
0 0.910897 0.984936 0.9 0.955449 0.86859 0.932372 0.853205 0.941346 0.835897 0.99391 0.904487 0.995192
0 0.621154 0.04006399999999999 0.602564 0.054166999999999965 0.579487 0.06955100000000003 0.545513 0.082372 0.528205 0.07083300000000003 0.526282 0.023397 0.5301279999999999 0.005449000000000037 0.626923 0.004167000000000032
0 0.47115399999999996 0.604167 0.475 0.563141 0.482051 0.5131410000000001 0.47243599999999997 0.479808 0.45064099999999996 0.454167 0.439744 0.44903800000000005 0.439744 0.479808 0.416667 0.549038 0.42435900000000004 0.5939099999999999
0 0.288462 0.266987 0.32115400000000005 0.26570499999999997 0.330769 0.26442299999999996 0.31730800000000003 0.21570500000000004 0.30064100000000005 0.13621799999999995 0.271795 0.12467899999999998 0.25961500000000004 0.15801299999999996 0.252564 0.27596200000000004
0 0.567949 0.882372 0.635256 0.775962 0.611538 0.673397 0.60641 0.6310899999999999 0.599359 0.577244 0.577564 0.561859 0.561538 0.578526 0.5769230000000001 0.64391 0.5961540000000001 0.668269 0.596795 0.68109 0.5878209999999999 0.7208330000000001 0.5480769999999999 0.786218 0.529487 0.870833 0.522436 0.895192 0.54359 0.896474
0 0.46346200000000004 0.927244 0.475 0.833654 0.47115399999999996 0.727244 0.47179499999999996 0.702885 0.45256399999999997 0.716987 0.42820499999999995 0.910577 0.44230800000000003 0.9375