0 0.620513 0.816987 0.642308 0.7464740000000001 0.608333 0.711859 0.592949 0.684936 0.589744 0.625962 0.591026 0.5926279999999999 0.5974360000000001 0.560577 0.5480769999999999 0.44391 0.517308 0.415705 0.480769 0.411859 0.46602600000000005 0.44775600000000004 0.478205 0.497756 0.479487 0.541346 0.46987199999999996 0.6118589999999999 0.46923099999999995 0.668269 0.473718 0.83109 0.494872 0.827244 0.548718 0.834936 0.5782050000000001 0.806731 0.604487 0.819551 0.6320509999999999 0.816987
0 0.75641 0.759295 0.8006409999999999 0.7208330000000001 0.808974 0.688782 0.7814099999999999 0.618269 0.7403850000000001 0.602885 0.7403850000000001 0.549038 0.707692 0.564423 0.6935899999999999 0.649038 0.705769 0.728526 0.7141029999999999 0.788782 0.750641 0.778526
0 0.987179 0.838782 0.959615 0.820833 0.95 0.836218 0.944231 0.860577 0.924359 0.88109 0.914744 0.828526 0.905128 0.791346 0.889744 0.7798080000000001 0.894231 0.8246789999999999 0.899359 0.8836539999999999 0.8641030000000001 0.916987 0.836538 0.860577 0.832692 0.790064 0.846154 0.727244 0.882692 0.673397 0.917308 0.670833 0.962821 0.729808 0.996795 0.751603 0.996154 0.808013 0.992949 0.83109
0 0.9083330000000001 0.48109 0.873718 0.5131410000000001 0.8423080000000001 0.5144230000000001 0.8230770000000001 0.5503210000000001 0.80641 0.47467899999999996 0.804487 0.433654 0.827564 0.327244 0.871795 0.36314100000000005 0.894872 0.41057699999999997 0.9064099999999999 0.44647400000000004 0.915385 0.477244
0 0.9269229999999999 0.16442299999999999 0.885256 0.17339700000000002 0.830128 0.21698700000000004 0.805769 0.205449 0.780769 0.146474 0.813462 0.09647399999999995 0.835897 0.005449000000000037 0.953846 0.004167000000000032 0.953205 0.06698700000000002 0.944231 0.09775599999999995 0.940385 0.16057699999999997
0 0.760256 0.336218 0.775641 0.27980799999999995 0.764103 0.23365400000000003 0.754487 0.184936 0.708974 0.225962 0.686538 0.24390999999999996 0.673718 0.26057699999999995 0.672436 0.318269 0.678205 0.33109 0.716026 0.327244 0.747436 0.334936
0 0.65 0.352885 0.639103 0.28365399999999996 0.649359 0.24134599999999995 0.666667 0.206731 0.648718 0.18108999999999997 0.639744 0.19647400000000004 0.619231 0.23493600000000003 0.610256 0.33109 0.628846 0.36442300000000005
0 0.5333330000000001 0.274679 0.5506409999999999 0.19903800000000005 0.577564 0.18108999999999997 0.6 0.147756 0.617308 0.08878200000000003 0.6371789999999999 0.07339700000000005 0.637821 0.0067310000000000425 0.455128 0.0067310000000000425 0.46474400000000005 0.07596199999999997 0.44551300000000005 0.11185900000000004 0.44423100000000004 0.20032099999999997 0.439103 0.252885 0.44615400000000005 0.26314099999999996 0.476923 0.252885 0.49102599999999996 0.2875 0.498718 0.30416699999999997 0.5314099999999999 0.297756
0 0.22115399999999996 0.44647400000000004 0.24102599999999996 0.40416700000000005 0.26153800000000005 0.34775599999999995 0.255128 0.292628 0.255769 0.251603 0.22307699999999997 0.22467899999999996 0.21346200000000004 0.274679 0.19166700000000003 0.329808 0.17628200000000005 0.38878199999999996 0.18140999999999996 0.42596199999999995 0.21410300000000004 0.44903800000000005
0 0.09038500000000005 0.7451920000000001 0.08782100000000004 0.675962 0.10128199999999998 0.6375 0.07564099999999996 0.602885 0.03653799999999996 0.601603 0.008974000000000038 0.6285259999999999 0.010256000000000043 0.68109 0.04230800000000001 0.709295 0.06089699999999998 0.7221150000000001 0.07628199999999996 0.7426280000000001 0.08782100000000004 0.765705
0 0.06089699999999998 0.536218 0.04871800000000004 0.505449 0.05064100000000005 0.463141 0.03141000000000005 0.47211499999999995 0.003846000000000016 0.504167 0.006410000000000027 0.582372 0.03717899999999996 0.558013 0.06474400000000002 0.556731
0 0.103846 0.36314100000000005 0.14038499999999998 0.336218 0.13974399999999998 0.19519200000000003 0.162821 0.205449 0.18269199999999997 0.228526 0.19551300000000005 0.19647400000000004 0.18012799999999995 0.13878199999999996 0.17756400000000006 0.09006400000000003 0.19871799999999995 0.004167000000000032 0.05128200000000005 0.013140999999999958 0.08910300000000004 0.07596199999999997 0.10769200000000001 0.12467899999999998 0.09487199999999996 0.21185900000000002 0.06410300000000002 0.17852599999999996 0.05384599999999995 0.12083299999999997 0.042949000000000015 0.09647399999999995 0.016025999999999985 0.11185900000000004 0.015384999999999982 0.22467899999999996 0.017948999999999993 0.24519199999999997 0.02243600000000001 0.31955100000000003 0.038461999999999996 0.38749999999999996 0.07435899999999995 0.34262800000000004
0 0.32820499999999997 0.982372 0.309615 0.882372 0.24358999999999997 0.938782 0.251282 0.996474 0.32051300000000005 0.995192