0 0.291026 0.874679 0.289103 0.752885 0.28333299999999995 0.668269 0.27820500000000004 0.5939099999999999 0.314744 0.6092949999999999 0.32371799999999995 0.618269 0.33782100000000004 0.575962 0.292949 0.5105770000000001 0.26089700000000005 0.47211499999999995 0.21282100000000004 0.49006400000000006 0.207692 0.547756 0.18653799999999998 0.599038 0.16859000000000002 0.725962 0.20320499999999997 0.725962 0.23846199999999995 0.851603 0.27948700000000004 0.873397
0 0.369231 0.888782 0.414744 0.8631409999999999 0.43397399999999997 0.846474 0.414103 0.772115 0.41217899999999996 0.738782 0.380128 0.792628 0.352564 0.809295 0.355769 0.859295 0.33141 0.900321 0.375 0.896474
0 0.5935900000000001 0.905449 0.577564 0.8233969999999999 0.578846 0.661859 0.5698719999999999 0.6131409999999999 0.563462 0.546474 0.5564100000000001 0.48109 0.544872 0.416987 0.511538 0.454167 0.480128 0.455449 0.46666700000000005 0.328526 0.435256 0.36955099999999996 0.419872 0.44775600000000004 0.379487 0.5310900000000001 0.42884599999999995 0.5349360000000001 0.47179499999999996 0.5118590000000001 0.485897 0.549038 0.483974 0.646474 0.49359 0.702885 0.508974 0.752885 0.5121789999999999 0.804167 0.523077 0.866987 0.5519229999999999 0.901603
0 0.744231 0.7810900000000001 0.759615 0.733654 0.759615 0.695192 0.758333 0.6528849999999999 0.7608969999999999 0.6092949999999999 0.757692 0.5913459999999999 0.742308 0.5746789999999999 0.7224360000000001 0.600321 0.7 0.6118589999999999 0.687179 0.5708329999999999 0.671154 0.5503210000000001 0.6576919999999999 0.558013 0.664744 0.622115 0.671154 0.665705 0.704487 0.716987 0.728205 0.791346
0 0.669231 0.395192 0.7 0.31955100000000003 0.7416670000000001 0.21185900000000002 0.744872 0.17339700000000002 0.726282 0.07852599999999998 0.705769 0.023397 0.655769 0.05288499999999996 0.628846 0.05288499999999996 0.608333 0.05801299999999998 0.5891029999999999 0.09775599999999995 0.608974 0.16314099999999998 0.610256 0.227244 0.610897 0.268269 0.598077 0.316987 0.610897 0.39006399999999997 0.644231 0.43109 0.642949 0.372115 0.669872 0.37083299999999997
0 0.794872 0.34775599999999995 0.802564 0.286218 0.815385 0.272115 0.8198719999999999 0.25544900000000004 0.809615 0.23109000000000002 0.7621789999999999 0.21698700000000004 0.748718 0.266987 0.738462 0.34519200000000005 0.75641 0.34903799999999996 0.775 0.332372
0 0.941667 0.6118589999999999 0.952564 0.49006400000000006 0.952564 0.42980799999999997 0.948718 0.306731 0.917949 0.308013 0.905769 0.375962 0.9 0.5105770000000001 0.897436 0.5375 0.883333 0.577244 0.897436 0.620833
0 0.40512800000000004 0.351603 0.414103 0.27852600000000005 0.41025599999999995 0.23109000000000002 0.391026 0.22211499999999995 0.36859 0.27596200000000004 0.333974 0.351603 0.33974400000000005 0.37083299999999997 0.379487 0.34647399999999995
0 0.18974400000000002 0.15544899999999995 0.18782100000000002 0.09903799999999996 0.22371799999999997 0.041345999999999994 0.23589700000000002 0.03365399999999996 0.23397400000000002 0.0028850000000000264 0.11794899999999997 0.005449000000000037 0.125641 0.07211500000000004 0.15641000000000005 0.10929500000000003 0.167308 0.12980800000000003 0.18269199999999997 0.166987
0 0.353846 0.13365400000000005 0.334615 0.07467900000000005 0.30769199999999997 0.043910000000000005 0.28333299999999995 0.04775600000000002 0.27884600000000004 0.09006400000000003 0.30000000000000004 0.14134599999999997 0.31666700000000003 0.14262799999999998 0.34166700000000005 0.13109000000000004
0 0.11858999999999997 0.706731 0.13589700000000005 0.634936 0.13717900000000005 0.604167 0.11987199999999998 0.5900639999999999 0.11089700000000002 0.597756 0.09038500000000005 0.6541669999999999 0.08846200000000004 0.691346 0.10833300000000001 0.697756
0 0.762821 0.979808 0.777564 0.950321 0.8243590000000001 0.93109 0.835256 0.900321 0.855128 0.855449 0.852564 0.805449 0.8391029999999999 0.797756 0.759615 0.865705 0.737179 0.886218 0.7153849999999999 0.934936 0.720513 0.986218 0.755128 0.992628