0 0.16794900000000001 0.508013 0.19102600000000003 0.44903800000000005 0.19294900000000004 0.34647399999999995 0.19230800000000003 0.30416699999999997 0.147436 0.30032099999999995 0.11410299999999995 0.315705 0.08269199999999999 0.36185900000000004 0.05064100000000005 0.42724399999999996 0.04935900000000004 0.456731 0.07628199999999996 0.497756 0.123718 0.5105770000000001 0.144231 0.46955100000000005 0.16153799999999996 0.49134599999999995
0 0.25 0.884936 0.26859 0.852885 0.30512799999999995 0.756731 0.29935900000000004 0.728526 0.289103 0.692628 0.22371799999999997 0.683654 0.208333 0.677244 0.18076899999999996 0.659295 0.123718 0.7208330000000001 0.09935899999999998 0.690064 0.06794900000000004 0.7451920000000001 0.07051300000000005 0.792628 0.11217900000000003 0.822115 0.13269200000000003 0.818269 0.14807700000000001 0.9041669999999999 0.15641000000000005 0.945192 0.19743599999999994 0.954167 0.21538500000000005 0.946474 0.23717900000000003 0.909295
0 0.460897 0.966987 0.501282 0.927244 0.48910299999999995 0.897756 0.474359 0.868269 0.461538 0.840064 0.435256 0.79391 0.413462 0.7618590000000001 0.40384600000000004 0.7413460000000001 0.38333300000000003 0.729808 0.354487 0.7810900000000001 0.355128 0.836218 0.34294899999999995 0.888782 0.33910300000000004 0.941346 0.373718 0.954167 0.42756400000000006 0.940064
0 0.619231 0.736218 0.6358969999999999 0.708013 0.623718 0.615705 0.619231 0.584936 0.596795 0.423397 0.5769230000000001 0.34903799999999996 0.5346150000000001 0.272115 0.521154 0.24775599999999998 0.478205 0.297756 0.45064099999999996 0.36698699999999995 0.478846 0.396474 0.554487 0.504167 0.535256 0.622115 0.557051 0.68109 0.604487 0.701603 0.604487 0.740064 0.601282 0.797756 0.619231 0.8003210000000001 0.629487 0.768269
0 0.766667 0.890064 0.771795 0.832372 0.792949 0.8003210000000001 0.817308 0.725962 0.83141 0.690064 0.812179 0.646474 0.787821 0.608013 0.767949 0.565705 0.748718 0.528526 0.687179 0.5118590000000001 0.687179 0.568269 0.696795 0.728526 0.7006410000000001 0.778526 0.7032050000000001 0.814423 0.725641 0.847756 0.758333 0.890064
0 0.935897 0.991346 0.941026 0.924679 0.939103 0.905449 0.898718 0.891346 0.894231 0.884936 0.892949 0.751603 0.901282 0.710577 0.930128 0.702885 0.921154 0.7798080000000001 0.926282 0.833654 0.954487 0.836218 0.964103 0.838782 0.978846 0.868269 0.989103 0.899038 0.998718 0.916987 0.996795 0.990064
0 0.930128 0.588782 0.932051 0.541346 0.917949 0.48621800000000004 0.914744 0.44519200000000003 0.929487 0.40929499999999996 0.925 0.36442300000000005 0.882051 0.40673099999999995 0.870513 0.42852599999999996 0.846795 0.392628 0.794872 0.395192 0.7846150000000001 0.49134599999999995 0.827564 0.509295 0.860897 0.5105770000000001 0.870513 0.549038 0.880128 0.577244 0.894872 0.582372 0.916667 0.5913459999999999
0 0.787821 0.292628 0.792308 0.25801300000000005 0.850641 0.27980799999999995 0.873077 0.252885 0.847436 0.19134600000000002 0.817308 0.09134600000000004 0.801282 0.024679000000000006 0.7833330000000001 0.008013000000000048 0.726923 0.024679000000000006 0.7019230000000001 0.029807999999999946 0.667308 0.101603 0.671154 0.169551 0.703846 0.19775600000000004 0.734615 0.186218 0.735897 0.21955100000000005 0.73141 0.27852600000000005 0.767308 0.295192 0.786538 0.30544899999999997
0 0.42628200000000005 0.39006399999999997 0.434615 0.314423 0.46410300000000004 0.251603 0.485897 0.19391000000000003 0.494231 0.15160300000000004 0.46987199999999996 0.15929499999999996 0.42884599999999995 0.17339700000000002 0.390385 0.22083299999999995 0.38333300000000003 0.26057699999999995 0.34294899999999995 0.36057700000000004 0.30833299999999997 0.40673099999999995 0.28269200000000005 0.40288500000000005 0.24551299999999998 0.441346 0.291026 0.44903800000000005 0.34166700000000005 0.42980799999999997 0.378846 0.414423 0.416667 0.419551
0 0.497436 0.740064 0.516026 0.683654 0.49294899999999997 0.658013 0.458333 0.665705 0.47307699999999997 0.586218 0.482692 0.561859 0.483333 0.501603 0.44615400000000005 0.501603 0.42884599999999995 0.5118590000000001 0.394231 0.583654 0.391667 0.6092949999999999 0.43333299999999997 0.647756 0.43012799999999995 0.705449 0.459615 0.709295
0 0.05897399999999997 0.978526 0.07435899999999995 0.952885 0.09551299999999996 0.915705 0.07948699999999997 0.838782 0.07115400000000005 0.827244 0.045513000000000026 0.799038 0.01730799999999999 0.819551 0.0025640000000000107 0.819551 0.0070510000000000295 0.877244 0.012820999999999971 0.923397 0.012820999999999971 0.968269 0.033332999999999946 0.990064 0.05128200000000005 0.99391
0 0.992949 0.582372 0.989103 0.505449 0.971154 0.475962 0.973718 0.422115 0.982051 0.37980800000000003 0.996154 0.350321 0.997436 0.5336540000000001
0 0.271795 0.269551 0.30576899999999996 0.25544900000000004 0.34038500000000005 0.291346 0.332051 0.208013 0.29743600000000003 0.17467900000000003 0.273718 0.14006399999999997 0.254487 0.12211499999999997 0.22307699999999997 0.18365399999999998 0.21602600000000005 0.24006400000000006 0.230769 0.26057699999999995 0.250641 0.27724400000000005