0 0.047436000000000034 0.979808 0.06602600000000003 0.929808 0.048077000000000036 0.891346 0.083974 0.809295 0.13269200000000003 0.796474 0.15384600000000004 0.775962 0.126923 0.713141 0.10064099999999998 0.664423 0.086538 0.656731 0.0032050000000000134 0.710577 0.0032050000000000134 0.992628 0.023718000000000017 0.974679
0 0.020513000000000003 0.5516030000000001 0.04871800000000004 0.506731 0.07051300000000005 0.477244 0.142949 0.454167 0.21730799999999995 0.40929499999999996 0.20320499999999997 0.358013 0.17307700000000004 0.310577 0.16025599999999995 0.25801300000000005 0.06410300000000002 0.25673100000000004 0.003846000000000016 0.250321 0.001923000000000008 0.536218
0 0.24615399999999998 0.892628 0.264744 0.829808 0.26217900000000005 0.765705 0.23974399999999996 0.697756 0.232692 0.661859 0.21858999999999995 0.773397 0.22371799999999997 0.840064 0.22628199999999998 0.897756
0 0.40705100000000005 0.996474 0.398077 0.924679 0.41153799999999996 0.866987 0.435897 0.852885 0.45384599999999997 0.79391 0.485256 0.668269 0.507692 0.5323720000000001 0.44551300000000005 0.500321 0.40384600000000004 0.605449 0.392949 0.641346 0.38269200000000003 0.668269 0.349359 0.64391 0.335256 0.6131409999999999 0.309615 0.6503209999999999 0.312179 0.716987 0.330769 0.774679 0.33846200000000004 0.896474 0.33910300000000004 0.992628
0 0.661538 0.929808 0.658974 0.891346 0.669872 0.8439099999999999 0.6596150000000001 0.791346 0.654487 0.764423 0.5660259999999999 0.734936 0.5108969999999999 0.7246790000000001 0.482051 0.8003210000000001 0.48717900000000003 0.860577 0.462179 0.901603 0.44999999999999996 0.945192 0.44423100000000004 0.99391 0.5698719999999999 0.992628 0.5948720000000001 0.946474 0.616026 0.920833 0.627564 0.920833 0.632692 0.927244 0.638462 0.954167 0.648718 0.992628 0.710897 0.977244 0.667308 0.945192
0 0.989103 0.7875 0.945513 0.797756 0.866026 0.822115 0.81859 0.79391 0.822436 0.708013 0.869872 0.640064 0.934615 0.560577 0.969231 0.527244 0.979487 0.5118590000000001 0.996795 0.516987 0.997436 0.772115
0 0.901282 0.42467900000000003 0.930128 0.416987 0.944231 0.38749999999999996 0.875 0.28365399999999996 0.867949 0.24262799999999995 0.851282 0.19391000000000003 0.833974 0.18237199999999998 0.828846 0.170833 0.8006409999999999 0.26057699999999995 0.782051 0.372115 0.796154 0.40160300000000004 0.8416669999999999 0.4375 0.879487 0.44647400000000004
0 0.833974 0.16442299999999999 0.838462 0.09519200000000005 0.857051 0.02852600000000005 0.860256 0.009295000000000053 0.7416670000000001 0.011858999999999953 0.776923 0.09903799999999996 0.8019229999999999 0.15032100000000004 0.815385 0.17724399999999996
0 0.6923079999999999 0.25544900000000004 0.705769 0.146474 0.6993590000000001 0.09134600000000004 0.6961539999999999 0.027244000000000046 0.7128209999999999 0.005449000000000037 0.496154 0.005449000000000037 0.47307699999999997 0.056730999999999976 0.42564100000000005 0.05929499999999999 0.40320500000000004 0.05801299999999998 0.439103 0.165705 0.459615 0.15673099999999995 0.539744 0.09647399999999995 0.5698719999999999 0.09903799999999996 0.617308 0.227244 0.636538 0.26185899999999995 0.664103 0.26570499999999997
0 0.998077 0.23109000000000002 0.978205 0.21698700000000004 0.96859 0.15801299999999996 0.964103 0.145192 0.951282 0.11185900000000004 0.952564 0.07083300000000003 0.966026 0.03365399999999996 0.979487 0.013140999999999958 0.994231 0.008013000000000048 1.0 0.16185899999999998
0 0.336538 0.475962 0.391667 0.47211499999999995 0.41025599999999995 0.266987 0.390385 0.23750000000000004 0.335256 0.290064 0.314103 0.299038 0.333974 0.21314100000000002 0.332051 0.12467899999999998 0.30576899999999996 0.10929500000000003 0.29359 0.05929499999999999 0.274359 0.03749999999999998 0.25705100000000003 0.03493599999999997 0.251282 0.12083299999999997 0.263462 0.20288499999999998 0.26282099999999997 0.27852600000000005 0.26025600000000004 0.34262800000000004 0.310256 0.42467900000000003 0.32435899999999995 0.47339699999999996
0 0.018589999999999995 0.188782 0.037820999999999994 0.14262799999999998 0.05384599999999995 0.16057699999999997 0.057691999999999966 0.16057699999999997 0.06923100000000004 0.09006400000000003 0.07051300000000005 0.07083300000000003 0.06410300000000002 0.06057699999999999 0.035255999999999954 0.024679000000000006 0.02435900000000002 0.03878199999999998 0.010256000000000043 0.061859 0.008974000000000038 0.11057700000000004 0.008333000000000035 0.14390999999999998