0 0.06346200000000002 0.913141 0.09743599999999997 0.840064 0.103846 0.769551 0.09807699999999997 0.708013 0.07051300000000005 0.696474 0.04423100000000002 0.728526 0.0025640000000000107 0.7798080000000001 0.001923000000000008 0.900321 0.02179500000000001 0.9041669999999999 0.028205000000000036 0.929808 0.042949000000000015 0.924679
0 0.20705099999999999 0.914423 0.227564 0.865705 0.19230800000000003 0.791346 0.210256 0.7451920000000001 0.24358999999999997 0.715705 0.275 0.679808 0.28333299999999995 0.615705 0.309615 0.5695509999999999 0.27948700000000004 0.48365400000000003 0.274359 0.436218 0.208974 0.373397 0.19679500000000005 0.3375 0.18846200000000002 0.31955100000000003 0.16217899999999996 0.34262800000000004 0.13461500000000004 0.40801299999999996 0.105769 0.438782 0.08910300000000004 0.395192 0.07628199999999996 0.350321 0.06923100000000004 0.32467900000000005 0.059614999999999974 0.272115 0.05576899999999996 0.250321 0.030128000000000044 0.24647399999999997 0.012179000000000051 0.30032099999999995 0.004487000000000019 0.415705 0.03141000000000005 0.44775600000000004 0.03397399999999995 0.49647399999999997 0.023077000000000014 0.578526 0.025000000000000022 0.640064 0.04871800000000004 0.68109 0.08140999999999998 0.64391 0.11538499999999996 0.645192 0.146795 0.699038 0.18525599999999998 0.749038 0.15256400000000003 0.790064 0.17115400000000003 0.93109
0 0.392308 0.625962 0.419872 0.6092949999999999 0.44230800000000003 0.5695509999999999 0.45641 0.504167 0.44423100000000004 0.418269 0.420513 0.40801299999999996 0.42948699999999995 0.334936 0.43012799999999995 0.30416699999999997 0.40512800000000004 0.251603 0.369231 0.22339699999999996 0.349359 0.225962 0.34102600000000005 0.266987 0.32115400000000005 0.311859 0.29807700000000004 0.36057700000000004 0.29935900000000004 0.44647400000000004 0.376923 0.49006400000000006 0.36346199999999995 0.5298080000000001 0.357692 0.602885 0.36666699999999997 0.624679
0 0.558333 0.518269 0.583974 0.502885 0.621154 0.49390999999999996 0.6320509999999999 0.458013 0.64359 0.39134599999999997 0.6608970000000001 0.34134600000000004 0.669872 0.30288499999999996 0.64359 0.25673100000000004 0.610897 0.23365400000000003 0.591026 0.21826900000000005 0.571795 0.229808 0.5538460000000001 0.292628 0.5346150000000001 0.373397 0.523077 0.416987 0.520513 0.458013 0.524359 0.506731 0.5467949999999999 0.516987
0 0.778846 0.536218 0.776923 0.48109 0.7814099999999999 0.44519200000000003 0.790385 0.38878199999999996 0.773077 0.286218 0.7621789999999999 0.26057699999999995 0.749359 0.24134599999999995 0.745513 0.26185899999999995 0.749359 0.309295 0.728846 0.314423 0.7173080000000001 0.268269 0.6980770000000001 0.252885 0.685256 0.27596200000000004 0.684615 0.338782 0.695513 0.37980800000000003 0.723718 0.438782 0.733333 0.48621800000000004 0.7416670000000001 0.536218 0.7858970000000001 0.538782 0.7846150000000001 0.527244
0 0.749359 0.23237200000000002 0.775 0.21314100000000002 0.787179 0.17596199999999995 0.786538 0.13109000000000004 0.771154 0.082372 0.780769 0.043910000000000005 0.759615 0.016986999999999974 0.745513 0.04775600000000002 0.730128 0.063141 0.696795 0.05544899999999997 0.691667 0.146474 0.7 0.184936 0.727564 0.20160299999999998 0.734615 0.21185900000000002 0.734615 0.25544900000000004
0 0.998718 0.777244 0.983974 0.727244 0.961538 0.716987 0.937821 0.566987 0.925 0.5105770000000001 0.917308 0.47211499999999995 0.896154 0.452885 0.8448720000000001 0.397756 0.837179 0.316987 0.846154 0.299038 0.869872 0.306731 0.899359 0.315705 0.920513 0.316987 0.945513 0.315705 0.958974 0.32083300000000003 0.998077 0.334936
0 0.907051 0.046474000000000015 0.864744 0.07083300000000003 0.857051 0.07211500000000004 0.827564 0.056730999999999976 0.803205 0.04519200000000001 0.7826919999999999 0.0067310000000000425 0.894872 0.009295000000000053
0 0.478846 0.21698700000000004 0.497436 0.15544899999999995 0.478205 0.11442300000000005 0.460256 0.09134600000000004 0.44102600000000003 0.05801299999999998 0.44871799999999995 0.01826899999999998 0.43333299999999997 0.011858999999999953 0.42628200000000005 0.049038000000000026 0.394231 0.029807999999999946 0.380128 0.022114999999999996 0.371154 0.02083299999999999 0.36346199999999995 0.027244000000000046 0.378205 0.09775599999999995 0.396795 0.12980800000000003 0.40705100000000005 0.13493599999999994 0.42371800000000004 0.13621799999999995 0.436538 0.166987 0.460256 0.23493600000000003
0 0.30512799999999995 0.13878199999999996 0.33846200000000004 0.10544900000000001 0.34294899999999995 0.08493600000000001 0.350641 0.061859 0.351282 0.04006399999999999 0.355769 0.0067310000000000425 0.24358999999999997 0.005449000000000037 0.253205 0.051602999999999954 0.24615399999999998 0.10416700000000001 0.25 0.12980800000000003 0.276282 0.13237200000000005
0 0.13782099999999997 0.13493599999999994 0.15064100000000002 0.09775599999999995 0.18846200000000002 0.08109 0.18333299999999997 0.009295000000000053 0.038461999999999996 0.009295000000000053 0.033332999999999946 0.082372 0.040385000000000004 0.12596200000000002 0.09871799999999997 0.146474 0.10064099999999998 0.11442300000000005 0.08782100000000004 0.082372 0.09487199999999996 0.043910000000000005 0.11923099999999998 0.09134600000000004 0.11346199999999995 0.13493599999999994