0 0.32692299999999996 0.986218 0.30576899999999996 0.947756 0.264744 0.955449 0.23653800000000003 0.911859 0.24166699999999997 0.878526 0.24038499999999996 0.795192 0.210256 0.79391 0.18782100000000002 0.7810900000000001 0.15833299999999995 0.872115 0.11987199999999998 0.934936 0.09807699999999997 0.946474 0.09166700000000005 0.996474 0.24487199999999998 0.992628 0.31859000000000004 0.996474
0 0.664103 0.997756 0.654487 0.924679 0.638462 0.890064 0.617308 0.820833 0.598077 0.799038 0.569231 0.818269 0.535256 0.856731 0.51859 0.888782 0.524359 0.940064 0.542949 0.98109 0.5698719999999999 0.947756 0.5891029999999999 0.951603 0.5916669999999999 0.995192
0 0.001923000000000008 0.958013 0.0032050000000000134 0.8016030000000001 0.025641000000000025 0.810577 0.05705099999999996 0.846474 0.07051300000000005 0.874679 0.07628199999999996 0.911859 0.04871800000000004 0.922115 0.03397399999999995 0.9375 0.01730799999999999 0.952885
0 0.29935900000000004 0.714423 0.29743600000000003 0.677244 0.315385 0.683654 0.335897 0.679808 0.34615399999999996 0.640064 0.33910300000000004 0.586218 0.314103 0.5298080000000001 0.314744 0.5144230000000001 0.311538 0.46442300000000003 0.28012800000000004 0.44775600000000004 0.27948700000000004 0.5144230000000001 0.248077 0.636218 0.264103 0.663141 0.27756400000000003 0.672115 0.273077 0.704167 0.273077 0.725962 0.28461499999999995 0.727244
0 0.551282 0.7221150000000001 0.565385 0.677244 0.570513 0.6118589999999999 0.5538460000000001 0.536218 0.519872 0.518269 0.498077 0.48493600000000003 0.48782099999999995 0.455449 0.483333 0.5118590000000001 0.462179 0.527244 0.455769 0.542628 0.43076899999999996 0.564423 0.42307700000000004 0.624679 0.43012799999999995 0.659295 0.46730799999999995 0.655449 0.483333 0.634936 0.504487 0.606731 0.517308 0.6323719999999999 0.522436 0.702885
0 0.7391030000000001 0.747756 0.746154 0.699038 0.755128 0.691346 0.773718 0.696474 0.764744 0.634936 0.7621789999999999 0.623397 0.7814099999999999 0.620833 0.808974 0.6131409999999999 0.835256 0.5913459999999999 0.842949 0.5746789999999999 0.862179 0.527244 0.898718 0.536218 0.944231 0.463141 0.917308 0.40929499999999996 0.905128 0.40032100000000004 0.875 0.418269 0.851282 0.434936 0.783974 0.48365400000000003 0.7801279999999999 0.506731 0.757692 0.48109 0.737179 0.497756 0.730769 0.501603 0.6980770000000001 0.5375 0.6923079999999999 0.5900639999999999 0.679487 0.664423 0.6935899999999999 0.732372 0.726282 0.7439100000000001
0 0.6371789999999999 0.5310900000000001 0.637821 0.48109 0.644231 0.42596199999999995 0.664744 0.39134599999999997 0.651923 0.35929500000000003 0.626923 0.36442300000000005 0.6128210000000001 0.40544899999999995 0.601282 0.436218 0.605128 0.482372 0.642308 0.497756
0 0.503205 0.44903800000000005 0.499359 0.40929499999999996 0.46858999999999995 0.39134599999999997 0.460897 0.314423 0.462179 0.24390999999999996 0.486538 0.20288499999999998 0.496154 0.165705 0.49166699999999997 0.09775599999999995 0.44999999999999996 0.11570499999999995 0.435256 0.15032100000000004 0.42820499999999995 0.20032099999999997 0.40384600000000004 0.24006400000000006 0.38525600000000004 0.328526 0.394872 0.352885 0.419872 0.38109000000000004 0.439103 0.40160300000000004 0.459615 0.40288500000000005 0.47051299999999996 0.451603
0 0.32051300000000005 0.34903799999999996 0.32628199999999996 0.295192 0.30897399999999997 0.266987 0.30833299999999997 0.24262799999999995 0.30000000000000004 0.17339700000000002 0.30320499999999995 0.14134599999999997 0.27820500000000004 0.11314100000000005 0.25705100000000003 0.11057700000000004 0.23782099999999995 0.19262800000000002 0.22371799999999997 0.24519199999999997 0.18076899999999996 0.33109 0.15769200000000005 0.40416700000000005 0.167308 0.36442300000000005 0.18397399999999997 0.36057700000000004 0.19487200000000005 0.392628 0.21666700000000005 0.420833 0.23974399999999996 0.40160300000000004 0.248718 0.329808 0.266026 0.32083300000000003 0.271795 0.34775599999999995 0.273077 0.377244 0.30064100000000005 0.36570499999999995 0.314103 0.34134600000000004 0.32756399999999997 0.34647399999999995
0 0.6910259999999999 0.25673100000000004 0.679487 0.20032099999999997 0.666026 0.17852599999999996 0.6564099999999999 0.15160300000000004 0.65 0.13109000000000004 0.6371789999999999 0.14006399999999997 0.6333329999999999 0.19519200000000003 0.6333329999999999 0.24006400000000006 0.648718 0.26185899999999995 0.662821 0.270833
0 0.867308 0.22083299999999995 0.835897 0.16057699999999997 0.817949 0.11057700000000004 0.787179 0.09006400000000003 0.764103 0.13493599999999994 0.7391030000000001 0.188782 0.741026 0.23109000000000002 0.847436 0.229808
0 0.994231 0.414423 0.969231 0.411859 0.971154 0.38237200000000005 0.991667 0.311859 0.999359 0.26185899999999995
0 0.99359 0.665705 0.9673080000000001 0.642628 0.96859 0.620833 0.980769 0.5721149999999999 0.994231 0.501603 0.997436 0.636218