0 0.905769 0.99391 0.997436 0.99391 0.997436 0.641346 0.962821 0.677244 0.946795 0.738782 0.9480770000000001 0.827244 0.934615 0.8631409999999999 0.903205 0.895192 0.905769 0.940064
0 0.728846 0.996474 0.580769 0.99391 0.566667 0.920833 0.540385 0.778526 0.569231 0.702885 0.5961540000000001 0.656731 0.604487 0.5951919999999999 0.608333 0.541346 0.641026 0.48493600000000003 0.682051 0.455449 0.764103 0.440064 0.817308 0.46955100000000005 0.9096150000000001 0.5157050000000001 0.9480770000000001 0.528526 0.930769 0.5926279999999999 0.913462 0.6375 0.912821 0.729808 0.9096150000000001 0.819551 0.903846 0.8451919999999999 0.8403849999999999 0.900321 0.7846150000000001 0.936218 0.753205 0.947756
0 0.46602600000000005 0.905449 0.47243599999999997 0.828526 0.515385 0.759295 0.5506409999999999 0.660577 0.5467949999999999 0.620833 0.515385 0.5695509999999999 0.498718 0.5298080000000001 0.475641 0.536218 0.44102600000000003 0.5939099999999999 0.412821 0.625962 0.377564 0.675962 0.353846 0.796474 0.32371799999999995 0.820833 0.31794900000000004 0.733654 0.291667 0.749038 0.30576899999999996 0.8875 0.311538 0.9041669999999999 0.380769 0.891346 0.45384599999999997 0.9028849999999999
0 0.11730799999999997 0.992628 0.13012800000000002 0.932372 0.11282099999999995 0.8836539999999999 0.07756399999999997 0.8631409999999999 0.039103 0.841346 0.010897000000000046 0.850321 0.06282100000000002 0.913141 0.07756399999999997 0.942628 0.062178999999999984 0.997756
0 0.32756399999999997 0.5349360000000001 0.34679499999999996 0.451603 0.38782099999999997 0.37083299999999997 0.380128 0.26185899999999995 0.374359 0.09647399999999995 0.361538 0.03878199999999998 0.30705099999999996 0.08493600000000001 0.28076900000000005 0.09134600000000004 0.28525599999999995 0.14262799999999998 0.32756399999999997 0.251603 0.333333 0.299038 0.269872 0.40288500000000005 0.252564 0.499038 0.289744 0.559295 0.314744 0.541346
0 0.22499999999999998 0.568269 0.24423099999999998 0.49390999999999996 0.230128 0.456731 0.17884599999999995 0.458013 0.167308 0.540064 0.19230800000000003 0.549038
0 0.12243599999999999 0.478526 0.14102599999999998 0.38621799999999995 0.14807700000000001 0.34391000000000005 0.15897399999999995 0.310577 0.19551300000000005 0.26570499999999997 0.24166699999999997 0.250321 0.248718 0.186218 0.233333 0.15288500000000005 0.18525599999999998 0.09647399999999995 0.16153799999999996 0.09647399999999995 0.14359 0.190064 0.13461500000000004 0.2875 0.07628199999999996 0.27596200000000004 0.023077000000000014 0.36955099999999996 0.048077000000000036 0.458013 0.09871799999999997 0.47467899999999996
0 0.996795 0.21057700000000001 0.996154 0.043910000000000005 0.971795 0.083654 0.941667 0.08493600000000001 0.928205 0.07083300000000003 0.910897 0.03365399999999996 0.879487 0.008013000000000048 0.807051 0.005449000000000037 0.760256 0.061859 0.735256 0.08750000000000002 0.744231 0.12980800000000003 0.75 0.21314100000000002 0.749359 0.30544899999999997 0.776282 0.328526 0.7993589999999999 0.329808 0.825 0.25416700000000003 0.857051 0.19134600000000002 0.878846 0.17724399999999996 0.9096150000000001 0.18365399999999998 0.921795 0.273397 0.946795 0.40929499999999996 0.978205 0.37852600000000003 0.982692 0.30544899999999997 0.975 0.23878200000000005
0 0.498718 0.184936 0.519231 0.17596199999999995 0.511538 0.12211499999999997 0.502564 0.102885 0.47307699999999997 0.10416700000000001 0.46794899999999995 0.12211499999999997 0.47179499999999996 0.15288500000000005 0.480769 0.16185899999999998
0 0.006410000000000027 0.24903799999999998 0.028205000000000036 0.18108999999999997 0.042949000000000015 0.15416700000000005 0.05128200000000005 0.09134600000000004 0.05064100000000005 0.0028850000000000264 0.027564000000000033 0.016986999999999974 0.0025640000000000107 0.056730999999999976
0 0.42179500000000003 0.509295 0.457692 0.49134599999999995 0.42884599999999995 0.44391 0.437179 0.38237200000000005 0.42115400000000003 0.358013 0.38589700000000005 0.397756 0.388462 0.413141 0.419231 0.478526
0 0.05448699999999995 0.7823720000000001 0.07307699999999995 0.674679 0.04423100000000002 0.669551 0.020513000000000003 0.669551 0.02243600000000001 0.728526 0.02692300000000003 0.7605770000000001