0 0.329487 0.816987 0.36474399999999996 0.7375 0.357051 0.672115 0.358974 0.5746789999999999 0.32371799999999995 0.586218 0.295513 0.47467899999999996 0.287821 0.438782 0.275 0.38493599999999994 0.207692 0.38109000000000004 0.17564100000000005 0.396474 0.14807700000000001 0.45032099999999997 0.15256400000000003 0.518269 0.167308 0.5939099999999999 0.17564100000000005 0.672115 0.16025599999999995 0.725962 0.15512800000000004 0.802885 0.19487200000000005 0.751603 0.247436 0.7875 0.292308 0.818269
0 0.392949 0.733654 0.44615400000000005 0.700321 0.46282100000000004 0.69391 0.48782099999999995 0.686218 0.496795 0.6144229999999999 0.478846 0.584936 0.44359000000000004 0.596474 0.40641000000000005 0.6503209999999999 0.38397400000000004 0.661859 0.370513 0.702885 0.377564 0.7246790000000001
0 0.617308 0.9028849999999999 0.627564 0.827244 0.6320509999999999 0.7810900000000001 0.6320509999999999 0.695192 0.633974 0.606731 0.644872 0.5541670000000001 0.648077 0.508013 0.6371789999999999 0.460577 0.626282 0.422115 0.577564 0.454167 0.551282 0.508013 0.529487 0.606731 0.496154 0.795192 0.497436 0.868269 0.503846 0.969551 0.536538 0.940064 0.535256 0.897756 0.558333 0.882372 0.6 0.908013
0 0.210256 0.983654 0.209615 0.896474 0.210256 0.852885 0.18397399999999997 0.847756 0.15576900000000005 0.846474 0.13205100000000003 0.859295 0.11346199999999995 0.9028849999999999 0.085256 0.995192 0.20064099999999996 0.997756
0 0.11282099999999995 0.669551 0.13910299999999998 0.519551 0.13782099999999997 0.46698700000000004 0.13525600000000004 0.44647400000000004 0.10192299999999999 0.43109 0.06089699999999998 0.432372 0.0025640000000000107 0.420833 0.003846000000000016 0.5900639999999999 0.06987200000000005 0.659295 0.10256399999999999 0.664423
0 0.32756399999999997 0.38493599999999994 0.401282 0.38365400000000005 0.462179 0.374679 0.49038499999999996 0.354167 0.494872 0.306731 0.46666700000000005 0.24134599999999995 0.44999999999999996 0.209295 0.40512800000000004 0.1875 0.34487199999999996 0.168269 0.31794900000000004 0.12980800000000003 0.30640999999999996 0.19903800000000005 0.294231 0.309295 0.30640999999999996 0.39006399999999997
0 0.973077 0.691346 0.917308 0.686218 0.876282 0.713141 0.8448720000000001 0.669551 0.807051 0.6516029999999999 0.780769 0.619551 0.76859 0.5926279999999999 0.782051 0.523397 0.782051 0.49006400000000006 0.833333 0.42852599999999996 0.887821 0.44519200000000003 0.945513 0.48878200000000005 0.976282 0.546474 0.976282 0.6092949999999999 0.976282 0.672115
0 0.813462 0.988782 0.780769 0.949038 0.796795 0.891346 0.812821 0.858013 0.8 0.815705 0.74359 0.795192 0.725 0.847756 0.726923 0.914423 0.729487 0.9708330000000001 0.725641 0.991346 0.801282 0.995192
0 0.15192300000000003 0.26314099999999996 0.17500000000000004 0.21314100000000002 0.23717900000000003 0.17596199999999995 0.248077 0.10673100000000002 0.230769 0.07467900000000005 0.22051299999999996 0.022114999999999996 0.17307700000000004 0.009295000000000053 0.17051300000000003 0.06057699999999999 0.15576900000000005 0.11314100000000005 0.13846199999999997 0.165705 0.12243599999999999 0.228526 0.11923099999999998 0.272115 0.13846199999999997 0.272115
0 0.10192299999999999 0.272115 0.09102600000000005 0.186218 0.04679500000000003 0.206731 0.027564000000000033 0.15288500000000005 0.014102999999999977 0.09006400000000003 0.003846000000000016 0.082372 0.003846000000000016 0.23237200000000002 0.038461999999999996 0.250321 0.08269199999999999 0.266987
0 0.11025600000000002 0.02596200000000004 0.11346199999999995 0.07211500000000004 0.08076899999999998 0.07467900000000005 0.052564000000000055 0.06570500000000001 0.04230800000000001 0.03621799999999997 0.05192300000000005 0.0028850000000000264 0.09358999999999995 0.01570499999999997