0 0.21730799999999995 0.699038 0.22499999999999998 0.649038 0.23461500000000002 0.645192 0.25 0.661859 0.24615399999999998 0.6131409999999999 0.247436 0.5913459999999999 0.271795 0.558013 0.32499999999999996 0.579808 0.312821 0.48493600000000003 0.30384599999999995 0.438782 0.30128200000000005 0.36826899999999996 0.28717899999999996 0.32339700000000005 0.266667 0.30032099999999995 0.249359 0.334936 0.232051 0.308013 0.22499999999999998 0.24647399999999997 0.22499999999999998 0.21955100000000005 0.20256399999999997 0.21185900000000002 0.19679500000000005 0.228526 0.18846200000000002 0.310577 0.19679500000000005 0.37083299999999997 0.19615400000000005 0.416987 0.19423100000000004 0.48750000000000004 0.18974400000000002 0.5298080000000001 0.18397399999999997 0.540064 0.17051300000000003 0.564423 0.18076899999999996 0.5913459999999999 0.166667 0.6310899999999999 0.14871800000000002 0.64391 0.13525600000000004 0.684936 0.15769200000000005 0.696474
0 0.46538500000000005 0.992628 0.476923 0.942628 0.46794899999999995 0.93109 0.454487 0.884936 0.43397399999999997 0.868269 0.43397399999999997 0.829808 0.41025599999999995 0.732372 0.395513 0.734936 0.370513 0.7451920000000001 0.357692 0.751603 0.34487199999999996 0.770833 0.33974400000000005 0.815705 0.32115400000000005 0.815705 0.29743600000000003 0.7875 0.23910299999999995 0.751603 0.23717900000000003 0.7618590000000001 0.24102599999999996 0.8246789999999999 0.24102599999999996 0.882372 0.250641 0.868269 0.28141000000000005 0.865705 0.32371799999999995 0.875962 0.33846200000000004 0.924679 0.36217900000000003 0.909295 0.378205 0.891346 0.398718 0.928526 0.4 0.960577 0.38269200000000003 0.995192
0 0.5288459999999999 0.8875 0.544231 0.841346 0.5673079999999999 0.811859 0.588462 0.804167 0.591026 0.770833 0.594231 0.704167 0.605128 0.660577 0.55 0.675962 0.528205 0.708013 0.513462 0.749038 0.516026 0.804167 0.529487 0.832372 0.522436 0.879808 0.519231 0.899038
0 0.923077 0.99391 0.905128 0.982372 0.89359 0.979808 0.892949 0.950321 0.899359 0.927244 0.897436 0.846474 0.858974 0.865705 0.838462 0.8836539999999999 0.810897 0.99391
0 0.875 0.758013 0.883333 0.691346 0.930769 0.623397 0.949359 0.5913459999999999 0.920513 0.583654 0.898077 0.579808 0.874359 0.578526 0.848077 0.5695509999999999 0.7846150000000001 0.600321 0.787821 0.659295 0.790385 0.715705 0.794231 0.7375 0.836538 0.7464740000000001
0 0.6333329999999999 0.49134599999999995 0.626282 0.434936 0.619231 0.36955099999999996 0.6166670000000001 0.32083300000000003 0.598077 0.315705 0.562179 0.334936 0.536538 0.358013 0.521154 0.42724399999999996 0.521154 0.460577 0.573718 0.459295 0.612179 0.46955100000000005 0.6166670000000001 0.47211499999999995
0 0.860256 0.351603 0.849359 0.273397 0.827564 0.23365400000000003 0.8256410000000001 0.147756 0.7993589999999999 0.12467899999999998 0.7403850000000001 0.17339700000000002 0.701282 0.20160299999999998 0.6756409999999999 0.26314099999999996 0.725 0.296474 0.753205 0.2875 0.754487 0.24775599999999998 0.771154 0.26570499999999997 0.829487 0.329808
0 0.083974 0.983654 0.08333299999999999 0.938782 0.087179 0.918269 0.11602599999999996 0.9028849999999999 0.13782099999999997 0.882372 0.13269200000000003 0.854167 0.11346199999999995 0.834936 0.10897400000000002 0.834936 0.06859000000000004 0.873397 0.04615400000000003 0.913141 0.05320499999999995 0.968269 0.027564000000000033 0.992628
0 0.25897400000000004 0.984936 0.207692 0.965705 0.207692 0.93109 0.164744 0.961859 0.166026 0.996474 0.251282 0.99391
0 0.40448700000000004 0.11442300000000005 0.414744 0.05801299999999998 0.42564100000000005 0.01570499999999997 0.335897 0.011858999999999953 0.34807699999999997 0.07724399999999998 0.376923 0.10416700000000001
0 0.27820500000000004 0.15032100000000004 0.311538 0.082372 0.336538 0.03108999999999995 0.32692299999999996 0.004167000000000032 0.230769 0.0067310000000000425 0.21602600000000005 0.056730999999999976 0.19166700000000003 0.046474000000000015 0.17820499999999995 0.05288499999999996 0.17115400000000003 0.10801300000000003 0.19999999999999996 0.16442299999999999 0.25833300000000003 0.15544899999999995