0 0.147436 0.602885 0.16025599999999995 0.556731 0.18653799999999998 0.5323720000000001 0.18782100000000002 0.516987 0.18910300000000002 0.48109 0.19166700000000003 0.438782 0.19359000000000004 0.423397 0.19230800000000003 0.40929499999999996 0.17692300000000005 0.39134599999999997 0.16089699999999996 0.372115 0.125 0.358013 0.10897400000000002 0.38621799999999995 0.08333299999999999 0.40929499999999996 0.09358999999999995 0.458013 0.105769 0.459295 0.11089700000000002 0.482372 0.105128 0.560577 0.10897400000000002 0.602885 0.105769 0.641346 0.12884600000000002 0.6375 0.13974399999999998 0.615705
0 0.06153799999999998 0.40160300000000004 0.084615 0.397756 0.08782100000000004 0.395192 0.09935899999999998 0.36826899999999996 0.104487 0.34262800000000004 0.10833300000000001 0.327244 0.11153800000000003 0.311859 0.11410299999999995 0.292628 0.10320499999999999 0.266987 0.09038500000000005 0.25544900000000004 0.08012799999999998 0.25544900000000004 0.06538500000000003 0.28237199999999996 0.06346200000000002 0.30032099999999995 0.05448699999999995 0.311859 0.042949000000000015 0.32339700000000005 0.032692000000000054 0.36570499999999995 0.04102600000000001 0.39006399999999997 0.04871800000000004 0.40288500000000005
0 0.28717899999999996 0.636218 0.294231 0.601603 0.30128200000000005 0.5900639999999999 0.292949 0.5528850000000001 0.28333299999999995 0.545192 0.25897400000000004 0.536218 0.248077 0.528526 0.22628199999999998 0.541346 0.21858999999999995 0.5746789999999999 0.210897 0.602885 0.20384599999999997 0.6285259999999999 0.210256 0.647756 0.23525600000000002 0.634936 0.24487199999999998 0.6298079999999999 0.26282099999999997 0.6310899999999999 0.28076900000000005 0.645192
0 0.394231 0.6285259999999999 0.40769200000000005 0.5913459999999999 0.417949 0.566987 0.43076899999999996 0.5554490000000001 0.42948699999999995 0.525962 0.42371800000000004 0.48109 0.414744 0.463141 0.401282 0.414423 0.38653800000000005 0.416987 0.38205100000000003 0.455449 0.376923 0.49262799999999995 0.371154 0.560577 0.371795 0.596474
0 0.49166699999999997 0.6144229999999999 0.5333330000000001 0.5913459999999999 0.540385 0.58109 0.544872 0.5541670000000001 0.545513 0.536218 0.54359 0.48493600000000003 0.560256 0.458013 0.546154 0.436218 0.5301279999999999 0.42724399999999996 0.521795 0.454167 0.5108969999999999 0.5144230000000001 0.505769 0.528526 0.49230799999999997 0.549038 0.474359 0.556731 0.46474400000000005 0.5746789999999999 0.46410300000000004 0.608013
0 0.601282 0.419551 0.607692 0.40160300000000004 0.627564 0.397756 0.640385 0.37980800000000003 0.644872 0.36442300000000005 0.646795 0.3375 0.636538 0.315705 0.619231 0.290064 0.619872 0.26185899999999995 0.637821 0.22211499999999995 0.665385 0.21185900000000002 0.6826920000000001 0.22467899999999996 0.6814100000000001 0.19775600000000004 0.665385 0.15160300000000004 0.665385 0.12083299999999997 0.6538459999999999 0.12083299999999997 0.607692 0.11442300000000005 0.582051 0.12852600000000003 0.5673079999999999 0.18108999999999997 0.5551280000000001 0.22083299999999995 0.5371790000000001 0.290064 0.5358970000000001 0.329808 0.544872 0.38109000000000004 0.567949 0.395192 0.582051 0.40288500000000005
0 0.503846 0.39391 0.515385 0.36955099999999996 0.514744 0.328526 0.50641 0.292628 0.497436 0.28108999999999995 0.49038499999999996 0.274679 0.47243599999999997 0.273397 0.43333299999999997 0.292628 0.41089699999999996 0.309295 0.415385 0.36955099999999996 0.42756400000000006 0.38621799999999995 0.459615 0.39006399999999997 0.478205 0.397756 0.48846199999999995 0.411859
0 0.17115400000000003 0.186218 0.17948699999999995 0.13493599999999994 0.210256 0.12724400000000002 0.22307699999999997 0.09903799999999996 0.22371799999999997 0.07083300000000003 0.19230800000000003 0.042628 0.15897399999999995 0.011858999999999953 0.13525600000000004 0.05544899999999997 0.11025600000000002 0.09391000000000005 0.105128 0.13365400000000005 0.10320499999999999 0.15160300000000004 0.12179499999999999 0.16185899999999998 0.15833299999999995 0.17980799999999997 0.163462 0.18237199999999998
0 0.458333 0.15544899999999995 0.47307699999999997 0.11314100000000005 0.473718 0.09134600000000004 0.46858999999999995 0.063141 0.473718 0.02852600000000005 0.483333 0.0067310000000000425 0.330769 0.010576999999999948 0.32179500000000005 0.049038000000000026 0.30448699999999995 0.09647399999999995 0.30833299999999997 0.11955099999999996 0.336538 0.12596200000000002 0.371154 0.11314100000000005 0.38717900000000005 0.11570499999999995 0.392949 0.13237200000000005 0.42371800000000004 0.13878199999999996 0.439744 0.14006399999999997 0.45320499999999997 0.147756
0 0.705128 0.88109 0.7153849999999999 0.808013 0.727564 0.788782 0.728846 0.768269 0.726923 0.738782 0.727564 0.679808 0.727564 0.661859 0.732051 0.642628 0.730769 0.6310899999999999 0.705769 0.602885 0.705769 0.568269 0.721795 0.5298080000000001 0.733333 0.504167 0.751282 0.504167 0.759615 0.475962 0.752564 0.455449 0.70641 0.434936 0.669231 0.42724399999999996 0.660256 0.42596199999999995 0.662821 0.48493600000000003 0.678205 0.518269 0.661538 0.597756 0.648077 0.638782 0.625 0.7233970000000001 0.628205 0.747756 0.65 0.816987 0.6346149999999999 0.872115 0.63141 0.878526 0.644231 0.899038 0.672436 0.874679 0.6961539999999999 0.886218
0 0.632692 0.969551 0.642949 0.882372 0.619872 0.8451919999999999 0.605128 0.841346 0.5961540000000001 0.916987 0.60641 0.956731
0 0.28333299999999995 0.992628 0.26089700000000005 0.952885 0.250641 0.924679 0.23141 0.909295 0.20576899999999998 0.952885 0.211538 0.975962 0.17692300000000005 0.973397 0.144231 0.942628 0.126282 0.951603 0.10641 0.968269 0.10128199999999998 0.995192
0 0.853846 0.986218 0.839744 0.954167 0.848718 0.925962 0.841026 0.897756 0.827564 0.872115 0.833333 0.813141 0.813462 0.790064 0.817949 0.7221150000000001 0.817949 0.713141 0.83141 0.672115 0.866667 0.604167 0.873077 0.601603 0.919872 0.6144229999999999 0.95641 0.638782 0.983974 0.666987 0.996154 0.68109 0.998077 0.990064
0 0.949359 0.5695509999999999 0.95641 0.525962 0.960256 0.518269 0.960256 0.48109 0.933333 0.442628 0.910256 0.47467899999999996 0.892949 0.508013 0.914744 0.5375 0.937821 0.559295
0 0.923718 0.33109 0.941667 0.310577 0.954487 0.316987 0.951282 0.28237199999999996 0.944872 0.25929500000000005 0.9666669999999999 0.25673100000000004 0.985897 0.23237200000000002 0.990385 0.19519200000000003 0.989744 0.145192 0.976923 0.12852600000000003 0.960897 0.15032100000000004 0.944872 0.17467900000000003 0.930128 0.16057699999999997 0.9064099999999999 0.13237200000000005 0.892949 0.12083299999999997 0.8448720000000001 0.09006400000000003 0.817308 0.08109 0.7801279999999999 0.08109 0.757051 0.07596199999999997 0.73141 0.11057700000000004 0.712179 0.15416700000000005 0.735256 0.19391000000000003 0.771795 0.20288499999999998 0.808974 0.19391000000000003 0.828205 0.21185900000000002 0.8448720000000001 0.23878200000000005 0.8403849999999999 0.273397 0.832051 0.290064 0.847436 0.315705 0.877564 0.296474 0.876923 0.34262800000000004 0.902564 0.338782
0 0.792308 0.963141 0.794872 0.886218 0.7801279999999999 0.834936 0.770513 0.811859 0.764103 0.791346 0.7416670000000001 0.811859 0.736538 0.877244 0.738462 0.940064 0.760256 0.969551 0.779487 0.986218