0 0.483974 0.960577 0.477564 0.8618589999999999 0.505769 0.768269 0.500641 0.699038 0.482692 0.5951919999999999 0.455128 0.642628 0.38717900000000005 0.660577 0.352564 0.7426280000000001 0.30640999999999996 0.8439099999999999 0.271154 0.992628 0.47307699999999997 0.990064
0 0.741026 0.991346 0.755128 0.938782 0.779487 0.906731 0.783974 0.836218 0.750641 0.809295 0.6583330000000001 0.734936 0.621795 0.713141 0.6179490000000001 0.768269 0.623718 0.813141 0.605769 0.899038 0.61859 0.99391
0 0.942949 0.990064 0.9064099999999999 0.9375 0.938462 0.929808 0.925641 0.83109 0.898077 0.809295 0.860897 0.849038 0.8006409999999999 0.89391 0.794872 0.992628
0 0.997436 0.682372 0.963462 0.682372 0.961538 0.7208330000000001 0.911538 0.770833 0.898718 0.770833 0.885256 0.755449 0.880128 0.710577 0.874359 0.646474 0.88141 0.582372 0.903846 0.58109 0.929487 0.583654 0.937821 0.586218 0.951923 0.5541670000000001 0.996795 0.5503210000000001
0 0.710897 0.697756 0.735897 0.601603 0.6801280000000001 0.601603 0.705128 0.5349360000000001 0.678205 0.419551 0.690385 0.37980800000000003 0.733974 0.352885 0.782051 0.24519199999999997 0.7378210000000001 0.24519199999999997 0.687821 0.25544900000000004 0.629487 0.268269 0.5916669999999999 0.19647400000000004 0.579487 0.15032100000000004 0.548718 0.18365399999999998 0.553205 0.228526 0.542308 0.325962 0.544231 0.354167 0.5589740000000001 0.416987 0.5660259999999999 0.463141 0.607051 0.606731 0.6320509999999999 0.683654 0.6551279999999999 0.677244 0.666667 0.69391 0.705128 0.709295
0 0.38333300000000003 0.5695509999999999 0.379487 0.5157050000000001 0.375641 0.452885 0.380769 0.42467900000000003 0.40384600000000004 0.39134599999999997 0.43333299999999997 0.422115 0.494231 0.40160300000000004 0.519872 0.37980800000000003 0.513462 0.355449 0.5096149999999999 0.27980799999999995 0.47051299999999996 0.188782 0.44935899999999995 0.19134600000000002 0.42115400000000003 0.273397 0.400641 0.334936 0.34230799999999995 0.37852600000000003 0.30833299999999997 0.40160300000000004 0.30000000000000004 0.452885 0.30576899999999996 0.497756 0.31987200000000005 0.538782 0.359615 0.597756
0 0.17051300000000003 0.606731 0.18333299999999997 0.560577 0.18589699999999998 0.502885 0.18205099999999996 0.48621800000000004 0.14038499999999998 0.463141 0.13269200000000003 0.44775600000000004 0.11474399999999996 0.44519200000000003 0.09871799999999997 0.46955100000000005 0.10897400000000002 0.54391 0.13333300000000003 0.578526 0.14935900000000002 0.6131409999999999
0 0.14807700000000001 0.984936 0.17051300000000003 0.938782 0.17756400000000006 0.911859 0.16987200000000002 0.879808 0.16217899999999996 0.858013 0.147436 0.859295 0.12948700000000002 0.866987 0.123718 0.913141 0.126923 0.992628 0.14102599999999998 0.997756
0 0.030128000000000044 0.99391 0.033332999999999946 0.963141 0.07179500000000005 0.954167 0.08333299999999999 0.916987 0.08269199999999999 0.870833 0.06474400000000002 0.802885 0.060255999999999976 0.783654 0.003846000000000016 0.660577 0.0032050000000000134 0.99391
0 0.10192299999999999 0.41057699999999997 0.10705100000000001 0.38493599999999994 0.126923 0.38237200000000005 0.13910299999999998 0.38493599999999994 0.15769200000000005 0.291346 0.15961499999999995 0.27980799999999995 0.142308 0.24134599999999995 0.127564 0.206731 0.12243599999999999 0.20032099999999997 0.10320499999999999 0.188782 0.08333299999999999 0.1875 0.060255999999999976 0.206731 0.05705099999999996 0.24134599999999995 0.059614999999999974 0.292628 0.06602600000000003 0.34903799999999996 0.06538500000000003 0.415705 0.07884599999999997 0.40929499999999996
0 0.99359 0.10416700000000001 0.983333 0.13493599999999994 0.964103 0.168269 0.932692 0.18237199999999998 0.894872 0.184936 0.892308 0.15929499999999996 0.912821 0.12596200000000002 0.934615 0.06698700000000002 0.944231 0.008013000000000048 0.996154 0.0067310000000000425 0.996795 0.08750000000000002
0 0.911538 0.04006399999999999 0.917949 0.06570500000000001 0.908974 0.05801299999999998 0.866026 0.05801299999999998 0.859615 0.05801299999999998 0.846795 0.09134600000000004 0.817949 0.09647399999999995 0.8 0.102885 0.790385 0.09134600000000004 0.8 0.06442300000000001 0.809615 0.03749999999999998 0.809615 0.004167000000000032 0.919872 0.005449000000000037
0 0.24294899999999997 0.024679000000000006 0.19102600000000003 0.07339700000000005 0.18140999999999996 0.100321 0.144872 0.11057700000000004 0.13269200000000003 0.102885 0.10256399999999999 0.09134600000000004 0.10705100000000001 0.0067310000000000425 0.24102599999999996 0.0067310000000000425