0 0.11538499999999996 0.986218 0.10833300000000001 0.900321 0.128205 0.846474 0.17500000000000004 0.79391 0.20384599999999997 0.766987 0.208333 0.728526 0.17179500000000003 0.619551 0.142308 0.564423 0.13012800000000002 0.524679 0.086538 0.42980799999999997 0.085897 0.419551 0.0032050000000000134 0.354167 0.0012820000000000054 0.991346 0.103846 0.99391
0 0.266026 0.451603 0.29615400000000003 0.418269 0.34807699999999997 0.416987 0.40448700000000004 0.414423 0.417949 0.396474 0.40641000000000005 0.34006400000000003 0.398077 0.27596200000000004 0.392308 0.24262799999999995 0.38525600000000004 0.22211499999999995 0.32756399999999997 0.25544900000000004 0.30064100000000005 0.26057699999999995 0.275641 0.25929500000000005 0.264744 0.24775599999999998 0.25 0.22339699999999996 0.26089700000000005 0.17596199999999995 0.28269200000000005 0.16057699999999997 0.289103 0.11570499999999995 0.272436 0.03108999999999995 0.230128 0.05929499999999999 0.21794899999999995 0.09647399999999995 0.20064099999999996 0.13878199999999996 0.19551300000000005 0.266987 0.20128199999999996 0.28493599999999997 0.208333 0.355449 0.21474400000000005 0.414423 0.21666700000000005 0.4375 0.24358999999999997 0.44519200000000003 0.25961500000000004 0.44647400000000004
0 0.309615 0.684936 0.33782100000000004 0.6516029999999999 0.358974 0.606731 0.36217900000000003 0.5951919999999999 0.349359 0.5298080000000001 0.352564 0.48109 0.34230799999999995 0.47339699999999996 0.32564099999999996 0.48878200000000005 0.32307699999999995 0.524679 0.30512799999999995 0.561859 0.28269200000000005 0.5900639999999999 0.270513 0.6528849999999999 0.28589699999999996 0.690064
0 0.455128 0.5541670000000001 0.5083329999999999 0.527244 0.48782099999999995 0.440064 0.486538 0.41057699999999997 0.47243599999999997 0.40288500000000005 0.44487200000000005 0.416987 0.42692300000000005 0.418269 0.41153799999999996 0.423397 0.401282 0.460577 0.396154 0.48878200000000005 0.40448700000000004 0.508013 0.42884599999999995 0.54391 0.44871799999999995 0.5528850000000001
0 0.496795 0.351603 0.526923 0.328526 0.544231 0.291346 0.571795 0.24775599999999998 0.5974360000000001 0.19903800000000005 0.6179490000000001 0.168269 0.635256 0.10801300000000003 0.6333329999999999 0.08878200000000003 0.619872 0.009295000000000053 0.570513 0.008013000000000048 0.575 0.06698700000000002 0.535256 0.07852599999999998 0.5108969999999999 0.12852600000000003 0.49038499999999996 0.16057699999999997 0.475 0.19519200000000003 0.460897 0.30288499999999996 0.46602600000000005 0.32211500000000004 0.478846 0.34903799999999996
0 0.80641 0.538782 0.826282 0.520833 0.845513 0.528526 0.839744 0.42852599999999996 0.830128 0.418269 0.801282 0.461859 0.792949 0.49390999999999996 0.796795 0.5298080000000001
0 0.997436 0.334936 0.991026 0.329808 0.973077 0.333654 0.960256 0.36185900000000004 0.944872 0.358013 0.935897 0.309295 0.917949 0.30032099999999995 0.900641 0.295192 0.870513 0.332372 0.862179 0.209295 0.863462 0.20288499999999998 0.862179 0.16185899999999998 0.864744 0.14134599999999997 0.887821 0.16057699999999997 0.89359 0.168269 0.896795 0.149038 0.894872 0.11185900000000004 0.884615 0.07852599999999998 0.896795 0.054166999999999965 0.917949 0.07083300000000003 0.945513 0.10673100000000002 0.978846 0.16185899999999998 0.998077 0.16057699999999997
0 0.997436 0.984936 0.935256 0.979808 0.910256 0.975962 0.860897 0.969551 0.844231 0.93109 0.862179 0.870833 0.830128 0.795192 0.850641 0.738782 0.872436 0.718269 0.899359 0.729808 0.912179 0.696474 0.933974 0.710577 0.946154 0.751603 0.942308 0.804167 0.941667 0.827244 0.996795 0.858013
0 0.15512800000000004 0.19262800000000002 0.15641000000000005 0.165705 0.15576900000000005 0.12724400000000002 0.16987200000000002 0.08750000000000002 0.18012799999999995 0.07980799999999999 0.21282100000000004 0.008013000000000048 0.11794899999999997 0.009295000000000053 0.11794899999999997 0.049038000000000026 0.127564 0.08621800000000002 0.13333300000000003 0.101603 0.13333300000000003 0.12083299999999997 0.12307699999999999 0.149038 0.11858999999999997 0.19775600000000004 0.12884600000000002 0.21057700000000001 0.15320500000000004 0.21057700000000001
0 0.562179 0.984936 0.6 0.940064 0.5673079999999999 0.88109 0.529487 0.8439099999999999 0.514744 0.878526 0.526282 0.93109 0.535256 0.965705 0.519872 0.99391 0.555769 0.996474
0 0.723718 0.358013 0.735897 0.34775599999999995 0.7166669999999999 0.306731 0.7 0.314423 0.6993590000000001 0.358013 0.7128209999999999 0.36955099999999996