0 0.01474399999999998 0.8003210000000001 0.06794900000000004 0.7618590000000001 0.09999999999999998 0.7233970000000001 0.10769200000000001 0.682372 0.11602599999999996 0.640064 0.11089700000000002 0.577244 0.09679499999999996 0.559295 0.06153799999999998 0.54391 0.037820999999999994 0.575962 0.004487000000000019 0.58109 0.0006410000000000027 0.805449
0 0.294231 0.9708330000000001 0.335897 0.947756 0.35 0.924679 0.36730799999999997 0.8439099999999999 0.359615 0.806731 0.353846 0.797756 0.332051 0.819551 0.310256 0.832372 0.30576899999999996 0.73109 0.28205100000000005 0.736218 0.208974 0.769551 0.17307700000000004 0.804167 0.15512800000000004 0.840064 0.147436 0.8875 0.16794900000000001 0.922115 0.21474400000000005 0.93109 0.248718 0.895192 0.263462 0.913141 0.271795 0.968269 0.27756400000000003 0.988782
0 0.619231 0.992628 0.601923 0.932372 0.5948720000000001 0.854167 0.583333 0.8016030000000001 0.559615 0.764423 0.5506409999999999 0.734936 0.517308 0.718269 0.5070509999999999 0.773397 0.501282 0.806731 0.5070509999999999 0.869551 0.514744 0.933654 0.515385 0.991346
0 0.776923 0.9875 0.836538 0.961859 0.890385 0.919551 0.903846 0.905449 0.905769 0.849038 0.887821 0.805449 0.885897 0.799038 0.871795 0.836218 0.859615 0.851603 0.839744 0.852885 0.815385 0.8439099999999999 0.810897 0.788782 0.779487 0.73109 0.73141 0.725962 0.717949 0.7413460000000001 0.695513 0.809295 0.6923079999999999 0.846474 0.7185900000000001 0.89391 0.748718 0.975962 0.755128 0.991346
0 0.992308 0.832372 0.975 0.841346 0.95641 0.866987 0.934615 0.8451919999999999 0.937179 0.799038 0.946795 0.766987 0.957051 0.7246790000000001 0.955769 0.708013 0.950641 0.692628 0.932692 0.695192 0.925641 0.68109 0.884615 0.6516029999999999 0.86859 0.642628 0.857692 0.638782 0.844231 0.668269 0.8435900000000001 0.695192 0.8423080000000001 0.704167 0.827564 0.688782 0.808333 0.704167 0.798077 0.6105769999999999 0.792308 0.563141 0.803205 0.545192 0.819231 0.5298080000000001 0.848077 0.499038 0.837821 0.44519200000000003 0.837821 0.38878199999999996 0.857051 0.356731 0.878846 0.36057700000000004 0.895513 0.38237200000000005 0.903205 0.416987 0.93141 0.411859 0.955769 0.434936 0.997436 0.438782 0.992949 0.497756 0.955769 0.479808 0.94359 0.502885 0.941667 0.547756 0.969872 0.575962 0.996154 0.6298079999999999 0.999359 0.822115
0 0.764103 0.575962 0.765385 0.5336540000000001 0.759615 0.516987 0.724359 0.506731 0.7006410000000001 0.502885 0.6961539999999999 0.49134599999999995 0.683333 0.5298080000000001 0.687179 0.5554490000000001 0.692949 0.5721149999999999 0.726282 0.568269 0.753846 0.5746789999999999
0 0.988462 0.306731 0.949359 0.291346 0.948718 0.31955100000000003 0.923077 0.33109 0.919872 0.272115 0.914103 0.24775599999999998 0.904487 0.21442300000000003 0.901282 0.18108999999999997 0.921154 0.145192 0.932692 0.11057700000000004 0.960897 0.09134600000000004 0.978846 0.11570499999999995 0.977564 0.17596199999999995 0.982692 0.209295 0.987821 0.24262799999999995 0.996795 0.24390999999999996 0.998077 0.318269
0 0.603205 0.06698700000000002 0.580769 0.10416700000000001 0.565385 0.12339699999999998 0.5326919999999999 0.14134599999999997 0.511538 0.14134599999999997 0.501282 0.13237200000000005 0.49102599999999996 0.12083299999999997 0.475 0.12852600000000003 0.46794899999999995 0.16442299999999999 0.455128 0.20160299999999998 0.44615400000000005 0.23493600000000003 0.43140999999999996 0.273397 0.4 0.306731 0.380128 0.21057700000000001 0.394231 0.15673099999999995 0.413462 0.09006400000000003 0.41025599999999995 0.010576999999999948 0.697436 0.013140999999999958 0.6910259999999999 0.051602999999999954 0.713462 0.10544900000000001 0.711538 0.146474 0.7032050000000001 0.17852599999999996 0.708974 0.20288499999999998 0.730769 0.266987 0.738462 0.309295 0.729487 0.34391000000000005 0.641026 0.372115 0.602564 0.314423 0.578846 0.25416700000000003 0.620513 0.17852599999999996 0.635256 0.13109000000000004 0.608974 0.08109
0 0.482692 0.620833 0.482692 0.538782 0.460897 0.48493600000000003 0.46282100000000004 0.45032099999999997 0.439103 0.47467899999999996 0.43012799999999995 0.48621800000000004 0.36859 0.461859 0.33974400000000005 0.463141 0.32051300000000005 0.463141 0.28717899999999996 0.518269 0.251282 0.575962 0.24166699999999997 0.6503209999999999 0.292308 0.638782 0.332051 0.642628 0.374359 0.6375 0.40384600000000004 0.623397 0.45320499999999997 0.6105769999999999 0.46346200000000004 0.6118589999999999 0.475641 0.6375
0 0.09487199999999996 0.311859 0.142949 0.28237199999999996 0.163462 0.26442299999999996 0.13910299999999998 0.21826900000000005 0.12948700000000002 0.19134600000000002 0.09551299999999996 0.17724399999999996 0.083974 0.18237199999999998 0.01474399999999998 0.13365400000000005 0.0025640000000000107 0.11698699999999995 0.0032050000000000134 0.27852600000000005 0.048077000000000036 0.28493599999999997 0.08076899999999998 0.30544899999999997
0 0.251923 0.168269 0.25705100000000003 0.11314100000000005 0.251923 0.046474000000000015 0.25705100000000003 0.0067310000000000425 0.18846200000000002 0.051602999999999954 0.19935899999999995 0.11698699999999995 0.21987199999999996 0.14390999999999998 0.232692 0.16057699999999997