0 0.982051 0.959295 0.978205 0.890064 0.969231 0.834936 0.932051 0.777244 0.913462 0.759295 0.895513 0.719551 0.884615 0.675962 0.863462 0.6528849999999999 0.846154 0.647756 0.742308 0.655449 0.733333 0.6503209999999999 0.7141029999999999 0.6516029999999999 0.708333 0.683654 0.710897 0.769551 0.707051 0.816987 0.689103 0.8875 0.7141029999999999 0.938782 0.767308 0.932372 0.773718 0.942628 0.802564 0.992628 0.985897 0.988782
0 0.992308 0.542628 0.958974 0.601603 0.950641 0.634936 0.897436 0.622115 0.859615 0.600321 0.860256 0.5349360000000001 0.873718 0.475962 0.876923 0.47083299999999995 0.9076919999999999 0.48365400000000003 0.91859 0.48365400000000003 0.923718 0.46955100000000005 0.921154 0.42467900000000003 0.912821 0.34006400000000003 0.907051 0.310577 0.9269229999999999 0.23365400000000003 0.942308 0.15160300000000004 0.998077 0.209295 0.998077 0.519551
0 0.833974 0.519551 0.860256 0.46826900000000005 0.867949 0.311859 0.885256 0.290064 0.894231 0.28108999999999995 0.91859 0.22083299999999995 0.924359 0.166987 0.919231 0.145192 0.878846 0.15544899999999995 0.857051 0.12724400000000002 0.8403849999999999 0.049038000000000026 0.822436 0.054166999999999965 0.817308 0.15544899999999995 0.791667 0.204167 0.770513 0.22211499999999995 0.7429490000000001 0.25929500000000005 0.730769 0.32467900000000005 0.726282 0.35929500000000003 0.750641 0.373397 0.761538 0.420833 0.766667 0.49134599999999995 0.771795 0.504167 0.794231 0.508013 0.8198719999999999 0.49647399999999997
0 0.648077 0.966987 0.6320509999999999 0.923397 0.5923080000000001 0.8631409999999999 0.5916669999999999 0.8246789999999999 0.566667 0.806731 0.5371790000000001 0.777244 0.507692 0.769551 0.478205 0.791346 0.457051 0.8426279999999999 0.46474400000000005 0.901603 0.5 0.872115 0.5493589999999999 0.866987 0.542308 0.923397 0.530769 0.995192 0.639744 0.992628
0 0.677564 0.27852600000000005 0.733333 0.22467899999999996 0.789744 0.09262800000000004 0.783974 0.009295000000000053 0.591026 0.005449000000000037 0.605128 0.05032099999999995 0.5961540000000001 0.10416700000000001 0.584615 0.14134599999999997 0.586538 0.165705 0.632692 0.26314099999999996 0.648718 0.309295
0 0.628846 0.423397 0.628846 0.37083299999999997 0.63141 0.314423 0.6333329999999999 0.270833 0.616026 0.273397 0.5878209999999999 0.25801300000000005 0.5698719999999999 0.268269 0.560897 0.286218 0.560897 0.306731 0.582692 0.372115 0.601923 0.40032100000000004 0.609615 0.4375
0 0.44423100000000004 0.6105769999999999 0.46346200000000004 0.577244 0.47051299999999996 0.5349360000000001 0.46923099999999995 0.5118590000000001 0.44487200000000005 0.49519199999999997 0.43269199999999997 0.49006400000000006 0.42243600000000003 0.478526 0.414103 0.45032099999999997 0.39359 0.42852599999999996 0.38205100000000003 0.415705 0.36346199999999995 0.4375 0.376282 0.46826900000000005 0.389744 0.48750000000000004 0.396154 0.516987 0.399359 0.5528850000000001 0.401282 0.5900639999999999 0.42948699999999995 0.6105769999999999
0 0.288462 0.808013 0.335256 0.768269 0.337179 0.7618590000000001 0.30833299999999997 0.701603 0.291667 0.659295 0.27820500000000004 0.660577 0.273718 0.68109 0.25769200000000003 0.704167 0.254487 0.714423 0.251923 0.754167 0.251282 0.7875 0.24038499999999996 0.825962 0.23397400000000002 0.849038 0.233333 0.877244 0.24230799999999997 0.8836539999999999 0.26282099999999997 0.870833 0.269872 0.834936 0.274359 0.8003210000000001
0 0.31923100000000004 0.524679 0.332692 0.505449 0.36859 0.522115 0.358333 0.463141 0.335897 0.440064 0.32115400000000005 0.42596199999999995 0.30448699999999995 0.506731
0 0.43333299999999997 0.983654 0.420513 0.915705 0.419872 0.895192 0.412821 0.8836539999999999 0.36859 0.908013 0.32435899999999995 0.99391 0.42179500000000003 0.992628
0 0.11153800000000003 0.556731 0.12243599999999999 0.433654 0.12884600000000002 0.35929500000000003 0.123718 0.26057699999999995 0.10769200000000001 0.15032100000000004 0.08269199999999999 0.147756 0.05128200000000005 0.24262799999999995 0.0025640000000000107 0.21826900000000005 0.0025640000000000107 0.558013 0.013461999999999974 0.519551 0.028205000000000036 0.502885 0.052564000000000055 0.508013 0.07179500000000005 0.525962
0 0.230769 0.508013 0.248718 0.44903800000000005 0.23782099999999995 0.42596199999999995 0.21474400000000005 0.44647400000000004 0.20128199999999996 0.477244 0.18397399999999997 0.540064 0.19294900000000004 0.5926279999999999 0.209615 0.5875 0.21282100000000004 0.578526 0.22051299999999996 0.5157050000000001
0 0.272436 0.395192 0.28397399999999995 0.354167 0.287821 0.32211500000000004 0.271795 0.3375 0.266667 0.332372 0.26282099999999997 0.32083300000000003 0.246795 0.32211500000000004 0.23653800000000003 0.333654 0.23974399999999996 0.36314100000000005 0.252564 0.39391
0 0.39359 0.288782 0.41153799999999996 0.26442299999999996 0.413462 0.23109000000000002 0.414744 0.21698700000000004 0.40705100000000005 0.208013 0.375641 0.205449 0.36282099999999995 0.22083299999999995 0.352564 0.25673100000000004 0.38141 0.27980799999999995
0 0.232692 0.25929500000000005 0.233333 0.21955100000000005 0.23910299999999995 0.16442299999999999 0.232051 0.15801299999999996 0.21987199999999996 0.13237200000000005 0.19807699999999995 0.147756 0.17628200000000005 0.19134600000000002 0.167308 0.227244 0.18397399999999997 0.25416700000000003 0.20576899999999998 0.25673100000000004
0 0.030769000000000046 0.13878199999999996 0.048077000000000036 0.10801300000000003 0.055127999999999955 0.09134600000000004 0.042949000000000015 0.07724399999999998 0.020513000000000003 0.07596199999999997 0.004487000000000019 0.09647399999999995 0.0012820000000000054 0.13878199999999996