0 0.991026 0.790064 0.963462 0.820833 0.928205 0.841346 0.916667 0.813141 0.9083330000000001 0.677244 0.885897 0.649038 0.891026 0.608013 0.894872 0.5913459999999999 0.892308 0.501603 0.917308 0.49262799999999995 0.934615 0.499038 0.9480770000000001 0.5298080000000001 0.9666669999999999 0.5708329999999999 0.998718 0.647756 0.998077 0.766987
0 0.834615 0.810577 0.869231 0.797756 0.883974 0.727244 0.853205 0.686218 0.848077 0.658013 0.847436 0.645192 0.8243590000000001 0.623397 0.796154 0.5939099999999999 0.789103 0.596474 0.764744 0.659295 0.745513 0.708013 0.747436 0.7605770000000001 0.787179 0.802885 0.810256 0.808013 0.822436 0.820833 0.828846 0.820833
0 0.619872 0.665705 0.635256 0.5939099999999999 0.638462 0.46570500000000004 0.661538 0.477244 0.704487 0.48109 0.710897 0.47467899999999996 0.725 0.432372 0.712179 0.36955099999999996 0.691667 0.286218 0.6801280000000001 0.23621800000000004 0.655769 0.11698699999999995 0.63141 0.09903799999999996 0.6128210000000001 0.08109 0.604487 0.05801299999999998 0.588462 0.03749999999999998 0.5358970000000001 0.08493600000000001 0.551282 0.149038 0.580128 0.205449 0.586538 0.225962 0.580769 0.30032099999999995 0.575 0.30032099999999995 0.5480769999999999 0.29391 0.49294899999999997 0.36826899999999996 0.511538 0.538782 0.5346150000000001 0.6105769999999999 0.5538460000000001 0.659295 0.5782050000000001 0.677244
0 0.358974 0.5298080000000001 0.434615 0.49262799999999995 0.458333 0.420833 0.484615 0.352885 0.476923 0.30544899999999997 0.46794899999999995 0.272115 0.46410300000000004 0.21442300000000003 0.46858999999999995 0.165705 0.458974 0.14134599999999997 0.440385 0.13109000000000004 0.41089699999999996 0.186218 0.377564 0.24134599999999995 0.34423099999999995 0.291346 0.332051 0.354167 0.290385 0.438782 0.310256 0.504167 0.330128 0.5336540000000001
0 0.28076900000000005 0.40673099999999995 0.291667 0.36826899999999996 0.336538 0.270833 0.359615 0.21955100000000005 0.395513 0.14390999999999998 0.413462 0.12467899999999998 0.40961499999999995 0.11057700000000004 0.371154 0.08109 0.351282 0.13109000000000004 0.31859000000000004 0.16442299999999999 0.30448699999999995 0.19647400000000004 0.270513 0.30032099999999995 0.255769 0.37083299999999997 0.253846 0.420833
0 0.19230800000000003 0.48750000000000004 0.21282100000000004 0.48365400000000003 0.21987199999999996 0.44775600000000004 0.20512799999999998 0.40416700000000005 0.17051300000000003 0.419551 0.167308 0.44391 0.18589699999999998 0.48493600000000003
0 0.145513 0.822115 0.19743599999999994 0.792628 0.22051299999999996 0.758013 0.23846199999999995 0.674679 0.23653800000000003 0.6285259999999999 0.15128200000000003 0.627244 0.146795 0.716987 0.13012800000000002 0.804167
0 0.05640999999999996 0.815705 0.104487 0.711859 0.12884600000000002 0.666987 0.127564 0.566987 0.12307699999999999 0.5298080000000001 0.11153800000000003 0.5298080000000001 0.06859000000000004 0.559295 0.05576899999999996 0.5926279999999999 0.038461999999999996 0.672115 0.032692000000000054 0.738782 0.04102600000000001 0.775962
0 0.801282 0.190064 0.842949 0.16057699999999997 0.853205 0.101603 0.853205 0.05288499999999996 0.853846 0.009295000000000053 0.775 0.010576999999999948 0.775 0.07980799999999999 0.755769 0.07724399999999998 0.744231 0.12596200000000002 0.74359 0.166987 0.7801279999999999 0.19262800000000002
0 0.04679500000000003 0.34262800000000004 0.06794900000000004 0.310577 0.08782100000000004 0.288782 0.08076899999999998 0.268269 0.06602600000000003 0.206731 0.08974400000000005 0.19519200000000003 0.10064099999999998 0.20288499999999998 0.10833300000000001 0.1875 0.09871799999999997 0.12467899999999998 0.06859000000000004 0.101603 0.0032050000000000134 0.09134600000000004 0.005769000000000024 0.24519199999999997 0.021154000000000006 0.26314099999999996 0.010897000000000046 0.30160299999999995 0.00961500000000004 0.333654 0.03461499999999995 0.34006400000000003
0 0.17948699999999995 0.208013 0.19871799999999995 0.17596199999999995 0.22179499999999996 0.15801299999999996 0.24230799999999997 0.20032099999999997 0.246795 0.12980800000000003 0.24294899999999997 0.10673100000000002 0.233333 0.009295000000000053 0.20064099999999996 0.010576999999999948 0.19679500000000005 0.06442300000000001 0.14935900000000002 0.09519200000000005 0.146154 0.170833 0.16025599999999995 0.19903800000000005
0 0.15192300000000003 0.05801299999999998 0.166667 0.008013000000000048 0.11923099999999998 0.004167000000000032 0.13012800000000002 0.04775600000000002 0.13653800000000005 0.05801299999999998
0 0.482692 0.897756 0.503846 0.872115 0.516026 0.732372 0.5108969999999999 0.706731 0.498718 0.670833 0.478846 0.778526 0.414744 0.819551 0.434615 0.851603 0.44615400000000005 0.882372