0 0.855769 0.847756 0.857692 0.7798080000000001 0.860256 0.733654 0.851282 0.714423 0.847436 0.68109 0.846795 0.669551 0.857051 0.656731 0.873077 0.656731 0.878846 0.663141 0.89359 0.664423 0.917949 0.641346 0.925 0.634936 0.923718 0.599038 0.901282 0.519551 0.896795 0.49390999999999996 0.886538 0.46826900000000005 0.863462 0.441346 0.854487 0.43109 0.812179 0.42980799999999997 0.79359 0.441346 0.773077 0.475962 0.7608969999999999 0.519551 0.746795 0.561859 0.746795 0.5939099999999999 0.742308 0.638782 0.760256 0.718269 0.773077 0.765705 0.790385 0.818269 0.814103 0.849038 0.826282 0.854167
0 0.6717949999999999 0.7413460000000001 0.685256 0.699038 0.680769 0.663141 0.685897 0.647756 0.710256 0.645192 0.723718 0.649038 0.726923 0.623397 0.729487 0.5695509999999999 0.723718 0.524679 0.6961539999999999 0.46570500000000004 0.6801280000000001 0.463141 0.658974 0.454167 0.632692 0.47467899999999996 0.621154 0.504167 0.6166670000000001 0.547756 0.622436 0.5900639999999999 0.610256 0.6105769999999999 0.609615 0.656731 0.607692 0.700321 0.582692 0.768269 0.5660259999999999 0.784936 0.536538 0.825962 0.5333330000000001 0.841346 0.516667 0.878526 0.521795 0.959295 0.525 0.997756 0.5730770000000001 0.983654 0.5935900000000001 0.952885 0.607692 0.899038 0.6166670000000001 0.851603 0.624359 0.828526 0.640385 0.818269 0.6525639999999999 0.79391 0.666026 0.764423
0 0.419872 0.854167 0.457692 0.816987 0.45320499999999997 0.7810900000000001 0.44359000000000004 0.695192 0.439744 0.636218 0.439744 0.546474 0.44487200000000005 0.504167 0.44999999999999996 0.47211499999999995 0.44551300000000005 0.42724399999999996 0.42179500000000003 0.38109000000000004 0.401282 0.355449 0.36730799999999997 0.34775599999999995 0.34294899999999995 0.4375 0.33846200000000004 0.49390999999999996 0.335897 0.5310900000000001 0.34807699999999997 0.582372 0.394872 0.586218 0.40897399999999995 0.596474 0.41153799999999996 0.691346 0.40961499999999995 0.734936 0.371795 0.704167 0.348718 0.692628 0.33782100000000004 0.7464740000000001 0.38141 0.784936 0.394231 0.796474 0.394872 0.827244 0.388462 0.847756 0.40448700000000004 0.866987
0 0.34358999999999995 0.932372 0.350641 0.872115 0.34358999999999995 0.8003210000000001 0.313462 0.7618590000000001 0.269872 0.696474 0.22435899999999998 0.7208330000000001 0.22115399999999996 0.754167 0.25641 0.8644229999999999 0.26025600000000004 0.897756 0.28717899999999996 0.942628 0.31923100000000004 0.963141 0.334615 0.956731
0 0.228846 0.975962 0.24102599999999996 0.910577 0.23525600000000002 0.8836539999999999 0.18782100000000002 0.8631409999999999 0.15064100000000002 0.834936 0.10897400000000002 0.841346 0.09423099999999995 0.895192 0.128205 0.964423 0.13717900000000005 0.99391 0.21923099999999995 0.996474
0 0.23397400000000002 0.418269 0.249359 0.373397 0.27692300000000003 0.36057700000000004 0.29871800000000004 0.332372 0.30576899999999996 0.297756 0.31602600000000003 0.25416700000000003 0.32307699999999995 0.21314100000000002 0.30576899999999996 0.16057699999999997 0.28076900000000005 0.09519200000000005 0.269231 0.06057699999999999 0.26089700000000005 0.03365399999999996 0.253205 0.0067310000000000425 0.17115400000000003 0.008013000000000048 0.18397399999999997 0.04775600000000002 0.21730799999999995 0.082372 0.24230799999999997 0.10801300000000003 0.24166699999999997 0.145192 0.22307699999999997 0.19391000000000003 0.19679500000000005 0.26314099999999996 0.16794900000000001 0.34134600000000004 0.19807699999999995 0.416987 0.21730799999999995 0.418269
0 0.10256399999999999 0.715705 0.11474399999999996 0.6875 0.11858999999999997 0.666987 0.12051299999999998 0.6323719999999999 0.11153800000000003 0.5875 0.09551299999999996 0.5336540000000001 0.07948699999999997 0.522115 0.07371799999999995 0.5131410000000001 0.057691999999999966 0.5157050000000001 0.04423100000000002 0.525962 0.03397399999999995 0.5541670000000001 0.032692000000000054 0.6131409999999999 0.03653799999999996 0.634936 0.047436000000000034 0.634936 0.06282100000000002 0.663141 0.08846200000000004 0.714423
0 0.905769 0.295192 0.912179 0.23750000000000004 0.919872 0.21955100000000005 0.922436 0.10416700000000001 0.926282 0.08621800000000002 0.932051 0.05801299999999998 0.929487 0.010576999999999948 0.8641030000000001 0.0067310000000000425 0.869231 0.07083300000000003 0.860256 0.09775599999999995 0.846795 0.10416700000000001 0.837179 0.101603 0.817308 0.13109000000000004 0.808333 0.165705 0.804487 0.186218 0.816667 0.23365400000000003 0.819231 0.27724400000000005 0.819231 0.296474 0.842949 0.30160299999999995 0.864744 0.295192 0.884615 0.310577 0.892949 0.316987
0 0.776923 0.32211500000000004 0.8038460000000001 0.27596200000000004 0.777564 0.225962 0.758974 0.208013 0.735256 0.19519200000000003 0.687821 0.21826900000000005 0.667308 0.184936 0.662821 0.168269 0.624359 0.166987 0.6141030000000001 0.209295 0.630128 0.251603 0.660256 0.273397 0.665385 0.30288499999999996 0.698718 0.308013 0.727564 0.315705 0.758333 0.332372 0.769872 0.33109
0 0.46923099999999995 0.18365399999999998 0.496154 0.12724400000000002 0.5121789999999999 0.101603 0.516026 0.04006399999999999 0.50641 0.008013000000000048 0.46858999999999995 0.009295000000000053 0.458333 0.01826899999999998 0.454487 0.09519200000000005 0.44551300000000005 0.14006399999999997 0.44551300000000005 0.165705 0.460897 0.1875
0 0.553205 0.419551 0.5685899999999999 0.39391 0.578846 0.352885 0.580128 0.269551 0.5685899999999999 0.24134599999999995 0.555769 0.225962 0.542308 0.251603 0.539103 0.269551 0.542949 0.309295 0.5506409999999999 0.34519200000000005 0.548718 0.372115 0.5301279999999999 0.38365400000000005 0.519872 0.356731 0.494872 0.354167 0.476923 0.392628 0.482692 0.423397 0.503846 0.438782 0.525 0.436218 0.5493589999999999 0.4375
0 0.804487 0.973397 0.808333 0.916987 0.804487 0.8836539999999999 0.758974 0.860577 0.746154 0.924679 0.744231 0.968269 0.772436 0.984936 0.792308 0.984936