0 0.017948999999999993 0.964423 0.042949000000000015 0.946474 0.06730800000000003 0.922115 0.05192300000000005 0.8644229999999999 0.04423100000000002 0.8451919999999999 0.021154000000000006 0.799038 0.004487000000000019 0.79391 0.0032050000000000134 0.968269
0 0.19102600000000003 0.982372 0.18782100000000002 0.941346 0.21474400000000005 0.9028849999999999 0.22435899999999998 0.8439099999999999 0.22499999999999998 0.769551 0.19935899999999995 0.706731 0.17435900000000004 0.675962 0.15192300000000003 0.664423 0.12884600000000002 0.6503209999999999 0.12179499999999999 0.709295 0.12307699999999999 0.759295 0.11538499999999996 0.809295 0.10833300000000001 0.846474 0.10833300000000001 0.905449 0.10192299999999999 0.958013 0.103846 0.98109 0.14038499999999998 0.999038 0.17692300000000005 0.986218
0 0.440385 0.984936 0.461538 0.941346 0.44230800000000003 0.868269 0.41153799999999996 0.913141 0.38717900000000005 0.938782 0.38717900000000005 0.8426279999999999 0.371795 0.8003210000000001 0.353846 0.788782 0.32307699999999995 0.834936 0.29679500000000003 0.897756 0.28205100000000005 0.949038 0.289103 0.992628 0.42884599999999995 0.990064
0 0.46346200000000004 0.827244 0.494231 0.7798080000000001 0.5288459999999999 0.755449 0.5314099999999999 0.7208330000000001 0.5070509999999999 0.696474 0.526282 0.6541669999999999 0.5371790000000001 0.6336539999999999 0.545513 0.606731 0.48717900000000003 0.564423 0.455769 0.538782 0.40769200000000005 0.522115 0.376282 0.524679 0.369872 0.6092949999999999 0.380769 0.641346 0.40833299999999995 0.690064 0.420513 0.7451920000000001 0.40641000000000005 0.783654 0.40192300000000003 0.813141 0.43205099999999996 0.83109
0 0.63141 0.856731 0.6564099999999999 0.756731 0.6358969999999999 0.705449 0.6358969999999999 0.668269 0.63141 0.634936 0.625641 0.5695509999999999 0.654487 0.5118590000000001 0.671154 0.5131410000000001 0.6717949999999999 0.5541670000000001 0.6717949999999999 0.565705 0.6980770000000001 0.559295 0.7173080000000001 0.54391 0.727564 0.5323720000000001 0.732051 0.477244 0.725 0.42596199999999995 0.70641 0.351603 0.708333 0.32467900000000005 0.727564 0.352885 0.73141 0.414423 0.764103 0.4375 0.735897 0.30544899999999997 0.725641 0.296474 0.7128209999999999 0.25416700000000003 0.744872 0.165705 0.732051 0.10801300000000003 0.705128 0.07724399999999998 0.660256 0.04519200000000001 0.638462 0.03878199999999998 0.612179 0.13878199999999996 0.616026 0.165705 0.6128210000000001 0.206731 0.600641 0.227244 0.603205 0.30032099999999995 0.621795 0.318269 0.6551279999999999 0.286218 0.685897 0.296474 0.690385 0.36570499999999995 0.685897 0.461859 0.6621790000000001 0.423397 0.64359 0.415705 0.598718 0.415705 0.5769230000000001 0.415705 0.523718 0.40544899999999995 0.505769 0.42596199999999995 0.500641 0.46442300000000003 0.5301279999999999 0.506731 0.548718 0.5554490000000001 0.561538 0.604167 0.559615 0.678526 0.5698719999999999 0.692628 0.601282 0.7413460000000001 0.609615 0.769551 0.5948720000000001 0.813141 0.598077 0.8233969999999999 0.621154 0.850321
0 0.858333 0.977244 0.855769 0.911859 0.830769 0.8836539999999999 0.814103 0.873397 0.804487 0.795192 0.791026 0.754167 0.778846 0.73109 0.76859 0.827244 0.757692 0.852885 0.727564 0.8426279999999999 0.7006410000000001 0.828526 0.680769 0.8375 0.719231 0.910577 0.733974 0.995192 0.852564 0.990064
0 0.851923 0.715705 0.878205 0.641346 0.892949 0.596474 0.903846 0.5516030000000001 0.920513 0.523397 0.932051 0.516987 0.941026 0.49006400000000006 0.941026 0.463141 0.959615 0.420833 0.960256 0.38749999999999996 0.966026 0.350321 0.975641 0.34519200000000005 0.985256 0.34647399999999995 0.997436 0.354167 0.994872 0.12724400000000002 0.974359 0.12724400000000002 0.935897 0.13365400000000005 0.914744 0.184936 0.9 0.22339699999999996 0.887821 0.28108999999999995 0.884615 0.334936 0.880128 0.39391 0.876923 0.44519200000000003 0.86859 0.478526 0.8256410000000001 0.504167 0.812821 0.527244 0.8019229999999999 0.5708329999999999 0.796154 0.645192 0.802564 0.677244 0.815385 0.738782 0.835256 0.728526 0.846154 0.706731
0 0.833333 0.15673099999999995 0.866026 0.07852599999999998 0.877564 0.05032099999999995 0.872436 0.019550999999999985 0.866026 0.005449000000000037 0.778846 0.008013000000000048 0.821795 0.029807999999999946 0.837179 0.046474000000000015 0.820513 0.100321 0.792949 0.07724399999999998 0.767949 0.08493600000000001 0.767308 0.12083299999999997 0.767308 0.15801299999999996 0.8019229999999999 0.15544899999999995
0 0.992308 0.6092949999999999 0.975 0.566987 0.95641 0.5951919999999999 0.945513 0.549038 0.946154 0.46826900000000005 0.969231 0.475962 0.994872 0.477244
0 0.994231 0.07467900000000005 0.985256 0.04519200000000001 0.965385 0.05544899999999997 0.955769 0.046474000000000015 0.976282 0.013140999999999958 0.995513 0.008013000000000048
0 0.376923 0.42596199999999995 0.4 0.41057699999999997 0.394872 0.34391000000000005 0.389744 0.30032099999999995 0.38782099999999997 0.27980799999999995 0.355128 0.22211499999999995 0.31602600000000003 0.24262799999999995 0.313462 0.316987 0.33141 0.34006400000000003 0.36474399999999996 0.36826899999999996 0.36794899999999997 0.414423
0 0.503846 0.12980800000000003 0.5371790000000001 0.10673100000000002 0.560256 0.09006400000000003 0.5730770000000001 0.051602999999999954 0.584615 0.008013000000000048 0.44743599999999994 0.0067310000000000425 0.455769 0.06442300000000001 0.479487 0.09391000000000005
0 0.09807699999999997 0.542628 0.08910300000000004 0.5131410000000001 0.09935899999999998 0.49647399999999997 0.123718 0.508013 0.13461500000000004 0.458013 0.125641 0.375962 0.10705100000000001 0.374679 0.09230799999999995 0.40160300000000004 0.06987200000000005 0.48109 0.06730800000000003 0.48878200000000005 0.04615400000000003 0.458013 0.025641000000000025 0.442628 0.008974000000000038 0.442628 0.008333000000000035 0.582372 0.028205000000000036 0.5721149999999999 0.033332999999999946 0.546474 0.05192300000000005 0.556731 0.08140999999999998 0.559295 0.09807699999999997 0.5939099999999999
0 0.08974400000000005 0.13621799999999995 0.142308 0.12083299999999997 0.17371800000000004 0.054166999999999965 0.19423100000000004 0.009295000000000053 0.005128000000000021 0.009295000000000053 0.011538000000000048 0.082372 0.012820999999999971 0.11698699999999995 0.03653799999999996 0.11698699999999995 0.059614999999999974 0.10801300000000003 0.06987200000000005 0.11057700000000004
0 0.207692 0.328526 0.24551299999999998 0.288782 0.251282 0.26570499999999997 0.24615399999999998 0.250321 0.232692 0.23750000000000004 0.20576899999999998 0.274679 0.18974400000000002 0.286218 0.18269199999999997 0.297756