0 0.20448699999999997 0.945192 0.21923099999999995 0.892628 0.209615 0.7875 0.22499999999999998 0.7246790000000001 0.210897 0.708013 0.18205099999999996 0.682372 0.15769200000000005 0.678526 0.18397399999999997 0.759295 0.18205099999999996 0.810577 0.16987200000000002 0.8426279999999999 0.16025599999999995 0.8836539999999999 0.15833299999999995 0.911859 0.16987200000000002 0.932372 0.18269199999999997 0.947756
0 0.391026 0.9875 0.379487 0.936218 0.371795 0.901603 0.349359 0.9375 0.335897 0.952885 0.311538 0.900321 0.30128200000000005 0.834936 0.276282 0.836218 0.26153800000000005 0.870833 0.25769200000000003 0.918269 0.24615399999999998 0.963141 0.23589700000000002 0.995192
0 0.060255999999999976 0.984936 0.052564000000000055 0.951603 0.04487200000000002 0.933654 0.017948999999999993 0.901603 0.010256000000000043 0.869551 0.004487000000000019 0.840064 0.001923000000000008 0.991346 0.04871800000000004 0.99391
0 0.07756399999999997 0.872115 0.10961500000000002 0.8233969999999999 0.12115399999999998 0.796474 0.125641 0.736218 0.11602599999999996 0.715705 0.08846200000000004 0.732372 0.06089699999999998 0.764423 0.028205000000000036 0.79391 0.04871800000000004 0.841346 0.06730800000000003 0.856731
0 0.17692300000000005 0.6144229999999999 0.17435900000000004 0.5875 0.19166700000000003 0.596474 0.21282100000000004 0.601603 0.26282099999999997 0.5541670000000001 0.271154 0.520833 0.28589699999999996 0.40801299999999996 0.28141000000000005 0.40160300000000004 0.269231 0.411859 0.20448699999999997 0.455449 0.18012799999999995 0.48365400000000003 0.16153799999999996 0.49647399999999997 0.13846199999999997 0.522115 0.13525600000000004 0.563141 0.145513 0.6118589999999999 0.17051300000000003 0.640064
0 0.35 0.797756 0.351923 0.773397 0.369231 0.758013 0.38525600000000004 0.749038 0.371795 0.69391 0.36794899999999997 0.688782 0.330769 0.669551 0.334615 0.697756 0.33782100000000004 0.756731 0.33974400000000005 0.7875
0 0.994872 0.875962 0.975641 0.852885 0.965385 0.802885 0.952564 0.778526 0.940385 0.772115 0.925641 0.770833 0.929487 0.827244 0.928205 0.868269 0.916667 0.8836539999999999 0.901282 0.899038 0.888462 0.990064 0.995513 0.996474
0 0.825 0.766987 0.861538 0.7221150000000001 0.839744 0.583654 0.815385 0.5875 0.808974 0.5528850000000001 0.823718 0.49262799999999995 0.812821 0.415705 0.804487 0.40673099999999995 0.773077 0.396474 0.7391030000000001 0.411859 0.723718 0.455449 0.744231 0.505449 0.7608969999999999 0.527244 0.7826919999999999 0.545192 0.765385 0.578526 0.751923 0.605449 0.7224360000000001 0.625962 0.6814100000000001 0.664423 0.696795 0.715705 0.728846 0.734936 0.748077 0.729808 0.769231 0.755449 0.817308 0.764423
0 0.666026 0.5503210000000001 0.696795 0.49647399999999997 0.709615 0.46570500000000004 0.723718 0.42980799999999997 0.711538 0.40416700000000005 0.697436 0.38365400000000005 0.6717949999999999 0.37852600000000003 0.651923 0.373397 0.6320509999999999 0.374679 0.6179490000000001 0.40288500000000005 0.620513 0.463141 0.621154 0.5118590000000001 0.641026 0.542628
0 0.998077 0.5375 0.974359 0.542628 0.957051 0.5336540000000001 0.955769 0.5118590000000001 0.927564 0.49006400000000006 0.903846 0.47339699999999996 0.885256 0.477244 0.870513 0.504167 0.888462 0.563141 0.888462 0.605449 0.9 0.6285259999999999 0.912821 0.641346 0.910897 0.672115 0.914103 0.696474 0.923718 0.691346 0.929487 0.658013 0.929487 0.615705 0.939744 0.556731 0.945513 0.547756 0.962821 0.577244 0.978205 0.6092949999999999 0.996154 0.600321
0 0.91859 0.38878199999999996 0.91859 0.36698699999999995 0.932051 0.36955099999999996 0.937821 0.374679 0.947436 0.336218 0.9480770000000001 0.329808 0.925641 0.292628 0.914744 0.25544900000000004 0.901923 0.24519199999999997 0.887821 0.23109000000000002 0.858974 0.20032099999999997 0.844231 0.19391000000000003 0.850641 0.23109000000000002 0.859615 0.24134599999999995 0.869872 0.28493599999999997 0.876923 0.306731 0.888462 0.32083300000000003 0.8871789999999999 0.34006400000000003 0.883333 0.36442300000000005 0.910256 0.37852600000000003 0.9096150000000001 0.397756 0.913462 0.40416700000000005
0 0.85641 0.15288500000000005 0.867308 0.12724400000000002 0.894872 0.12083299999999997 0.885897 0.08878200000000003 0.883333 0.06698700000000002 0.875641 0.02852600000000005 0.858974 0.03878199999999998 0.837179 0.049038000000000026 0.8243590000000001 0.054166999999999965 0.816026 0.024679000000000006 0.796795 0.041345999999999994 0.7858970000000001 0.043910000000000005 0.775 0.02852600000000005 0.765385 0.014422999999999964 0.747436 0.005449000000000037 0.6564099999999999 0.0067310000000000425 0.6596150000000001 0.010576999999999948 0.687179 0.046474000000000015 0.694231 0.043910000000000005 0.703846 0.06442300000000001 0.724359 0.12980800000000003 0.732051 0.145192 0.751923 0.08109 0.764744 0.08750000000000002 0.783974 0.11057700000000004 0.787179 0.16057699999999997 0.8006409999999999 0.17339700000000002 0.808333 0.12467899999999998 0.827564 0.13749999999999996 0.846154 0.15929499999999996
0 0.6320509999999999 0.023397 0.612179 0.02852600000000005 0.599359 0.07339700000000005 0.588462 0.09903799999999996 0.559615 0.149038 0.536538 0.10929500000000003 0.514744 0.03108999999999995 0.511538 0.010576999999999948 0.6371789999999999 0.004167000000000032 0.638462 0.019550999999999985
0 0.475641 0.34006400000000003 0.42564100000000005 0.30544899999999997 0.41859 0.27596200000000004 0.40641000000000005 0.26314099999999996 0.40576900000000005 0.34262800000000004 0.420513 0.36955099999999996 0.439103 0.377244 0.462179 0.355449
0 0.44423100000000004 0.24519199999999997 0.454487 0.209295 0.44935899999999995 0.13878199999999996 0.43269199999999997 0.12339699999999998 0.417308 0.13365400000000005 0.40833299999999995 0.16442299999999999 0.412821 0.188782 0.42179500000000003 0.205449 0.43333299999999997 0.28365399999999996
0 0.267949 0.269551 0.28461499999999995 0.20288499999999998 0.29359 0.17211500000000002 0.30576899999999996 0.15416700000000005 0.312821 0.102885 0.30833299999999997 0.09775599999999995 0.289744 0.07467900000000005 0.25961500000000004 0.07724399999999998 0.23846199999999995 0.082372 0.22307699999999997 0.14134599999999997 0.23653800000000003 0.17724399999999996 0.23910299999999995 0.21698700000000004 0.24487199999999998 0.26185899999999995 0.252564 0.274679
0 0.057691999999999966 0.442628 0.07179500000000005 0.413141 0.09294899999999995 0.38365400000000005 0.09358999999999995 0.372115 0.07307699999999995 0.34903799999999996 0.06474400000000002 0.372115 0.035255999999999954 0.40544899999999995 0.02692300000000003 0.40801299999999996 0.011538000000000048 0.375962 0.005128000000000021 0.40801299999999996 0.01730799999999999 0.42980799999999997