0 0.919872 0.956731 0.942308 0.927244 0.958974 0.890064 0.955769 0.859295 0.970513 0.796474 0.945513 0.696474 0.905128 0.638782 0.8628210000000001 0.578526 0.849359 0.623397 0.837179 0.661859 0.8423080000000001 0.691346 0.857051 0.704167 0.869872 0.7233970000000001 0.867308 0.758013 0.862179 0.797756 0.857051 0.829808 0.848718 0.8618589999999999 0.837821 0.896474 0.833974 0.964423 0.835256 0.977244 0.841026 0.98109 0.867308 0.978526 0.899359 0.974679
0 0.766026 0.911859 0.786538 0.895192 0.809615 0.852885 0.8 0.822115 0.773718 0.770833 0.7391030000000001 0.716987 0.727564 0.669551 0.7185900000000001 0.6503209999999999 0.683333 0.623397 0.670513 0.658013 0.6730769999999999 0.695192 0.685256 0.764423 0.689103 0.808013 0.6980770000000001 0.847756 0.717949 0.870833 0.746795 0.892628 0.757692 0.910577
0 0.630769 0.6285259999999999 0.665385 0.618269 0.682051 0.601603 0.6923079999999999 0.5939099999999999 0.6980770000000001 0.527244 0.66859 0.5157050000000001 0.6551279999999999 0.505449 0.6358969999999999 0.497756 0.609615 0.540064 0.603205 0.5708329999999999 0.610256 0.618269
0 0.460256 0.678526 0.48782099999999995 0.656731 0.51859 0.647756 0.5467949999999999 0.6503209999999999 0.563462 0.645192 0.521154 0.579808 0.5121789999999999 0.566987 0.505128 0.5323720000000001 0.519872 0.497756 0.5506409999999999 0.44647400000000004 0.5538460000000001 0.432372 0.5923080000000001 0.413141 0.592949 0.334936 0.602564 0.311859 0.585256 0.33109 0.562179 0.354167 0.541667 0.36698699999999995 0.519872 0.40288500000000005 0.485256 0.47211499999999995 0.45384599999999997 0.501603 0.42628200000000005 0.542628 0.439103 0.605449 0.44551300000000005 0.649038 0.44743599999999994 0.678526
0 0.945513 0.441346 0.955128 0.40288500000000005 0.959615 0.36570499999999995 0.951282 0.32211500000000004 0.942308 0.308013 0.923077 0.32083300000000003 0.925641 0.34134600000000004 0.919231 0.356731 0.917949 0.40929499999999996 0.926282 0.432372
0 0.857692 0.434936 0.871154 0.392628 0.857051 0.332372 0.853846 0.27980799999999995 0.851923 0.24134599999999995 0.85 0.21955100000000005 0.870513 0.24006400000000006 0.882692 0.17339700000000002 0.891667 0.165705 0.878846 0.15929499999999996 0.86859 0.146474 0.853205 0.12467899999999998 0.851282 0.11826899999999996 0.826923 0.145192 0.833974 0.16442299999999999 0.826923 0.17211500000000002 0.810897 0.17724399999999996 0.795513 0.18237199999999998 0.774359 0.22467899999999996 0.767949 0.252885 0.7608969999999999 0.286218 0.758333 0.327244 0.753205 0.377244 0.795513 0.4375 0.823718 0.441346 0.8391029999999999 0.441346 0.851282 0.433654
0 0.721795 0.170833 0.733974 0.15801299999999996 0.767308 0.17980799999999997 0.7801279999999999 0.10673100000000002 0.773718 0.06442300000000001 0.766026 0.04775600000000002 0.757692 0.032371999999999956 0.746154 0.03365399999999996 0.726282 0.05544899999999997 0.708333 0.06826900000000002 0.7032050000000001 0.100321 0.695513 0.145192 0.7032050000000001 0.17724399999999996 0.7173080000000001 0.190064
0 0.7166669999999999 0.313141 0.725 0.251603 0.725 0.23878200000000005 0.707692 0.22339699999999996 0.697436 0.228526 0.688462 0.26442299999999996 0.7032050000000001 0.291346 0.705128 0.311859 0.709615 0.3375
0 0.998077 0.251603 0.98141 0.24006400000000006 0.987179 0.21314100000000002 0.987179 0.19134600000000002 0.967949 0.17596199999999995 0.961538 0.19647400000000004 0.932051 0.15032100000000004 0.929487 0.14390999999999998 0.953846 0.12596200000000002 0.955769 0.10673100000000002 0.969231 0.08493600000000001 0.979487 0.06057699999999999 0.998077 0.06955100000000003
0 0.32628199999999996 0.5516030000000001 0.34358999999999995 0.509295 0.360256 0.527244 0.378205 0.48750000000000004 0.38525600000000004 0.42724399999999996 0.377564 0.38621799999999995 0.373077 0.37852600000000003 0.355128 0.38365400000000005 0.34487199999999996 0.37980800000000003 0.334615 0.350321 0.29679500000000003 0.350321 0.274359 0.334936 0.25961500000000004 0.32083300000000003 0.25 0.31955100000000003 0.24102599999999996 0.36314100000000005 0.233333 0.420833 0.22564099999999998 0.455449 0.24230799999999997 0.499038 0.26153800000000005 0.47467899999999996 0.30576899999999996 0.46955100000000005 0.310256 0.505449 0.29743600000000003 0.5323720000000001 0.30705099999999996 0.546474
0 0.07948699999999997 0.42467900000000003 0.125641 0.42852599999999996 0.15576900000000005 0.411859 0.15769200000000005 0.34262800000000004 0.164103 0.316987 0.16859000000000002 0.29391 0.16923100000000002 0.25544900000000004 0.167308 0.23237200000000002 0.18653799999999998 0.208013 0.22435899999999998 0.22211499999999995 0.24038499999999996 0.228526 0.276282 0.23365400000000003 0.28205100000000005 0.18237199999999998 0.28076900000000005 0.100321 0.27820500000000004 0.054166999999999965 0.27820500000000004 0.014422999999999964 0.27756400000000003 0.011858999999999953 0.23910299999999995 0.009295000000000053 0.0025640000000000107 0.009295000000000053 0.003846000000000016 0.3375 0.015384999999999982 0.36698699999999995 0.019872 0.413141 0.06089699999999998 0.418269 0.06987200000000005 0.42596199999999995
0 0.038461999999999996 0.984936 0.04487200000000002 0.925962 0.045513000000000026 0.882372 0.03717899999999996 0.860577 0.02948700000000004 0.8426279999999999 0.015384999999999982 0.8233969999999999 0.003846000000000016 0.8246789999999999 0.004487000000000019 0.99391
0 0.230769 0.972115 0.250641 0.920833 0.26217900000000005 0.878526 0.25641 0.850321 0.21282100000000004 0.856731 0.210256 0.875962 0.20640999999999998 0.924679 0.19871799999999995 0.952885 0.19423100000000004 0.979808 0.21794899999999995 0.973397