0 0.998077 0.754167 0.958333 0.750321 0.953205 0.7451920000000001 0.950641 0.7208330000000001 0.925641 0.625962 0.916667 0.568269 0.912179 0.509295 0.942308 0.49647399999999997 0.961538 0.46442300000000003 0.967949 0.43109 0.996795 0.39391
0 0.904487 0.729808 0.898077 0.670833 0.889103 0.6298079999999999 0.883974 0.601603 0.867308 0.58109 0.830128 0.575962 0.81859 0.5349360000000001 0.7801279999999999 0.5528850000000001 0.8051280000000001 0.608013 0.7993589999999999 0.665705 0.798077 0.727244 0.807051 0.7464740000000001 0.854487 0.751603 0.889744 0.756731 0.9076919999999999 0.7464740000000001
0 0.7128209999999999 0.950321 0.728205 0.913141 0.742308 0.878526 0.726923 0.840064 0.7141029999999999 0.838782 0.685256 0.860577 0.684615 0.892628 0.7 0.934936
0 0.6583330000000001 0.822115 0.670513 0.7810900000000001 0.701282 0.797756 0.7166669999999999 0.7875 0.6948719999999999 0.7439100000000001 0.667308 0.709295 0.6525639999999999 0.690064 0.608974 0.709295 0.60641 0.738782 0.628205 0.799038 0.640385 0.828526
0 0.562821 0.9375 0.562179 0.859295 0.548718 0.8233969999999999 0.483974 0.758013 0.45064099999999996 0.7798080000000001 0.45641 0.818269 0.45064099999999996 0.859295 0.396795 0.905449 0.391026 0.924679 0.38461500000000004 0.995192 0.559615 0.990064
0 0.357051 0.977244 0.351923 0.93109 0.350641 0.866987 0.351923 0.829808 0.30897399999999997 0.829808 0.28205100000000005 0.83109 0.27692300000000003 0.868269 0.26217900000000005 0.913141 0.26859 0.954167 0.30512799999999995 0.992628 0.355769 0.992628
0 0.06987200000000005 0.683654 0.09935899999999998 0.696474 0.10705100000000001 0.699038 0.124359 0.665705 0.13974399999999998 0.6298079999999999 0.14359 0.600321 0.13589700000000005 0.578526 0.11282099999999995 0.563141 0.10320499999999999 0.5375 0.07948699999999997 0.504167 0.05128200000000005 0.5144230000000001 0.02243600000000001 0.536218 0.012820999999999971 0.58109 0.012179000000000051 0.622115 0.02884600000000004 0.659295 0.04230800000000001 0.669551 0.06282100000000002 0.682372
0 0.25641 0.5926279999999999 0.25833300000000003 0.559295 0.290385 0.5516030000000001 0.29359 0.525962 0.311538 0.46442300000000003 0.30769199999999997 0.433654 0.28141000000000005 0.41057699999999997 0.27820500000000004 0.38878199999999996 0.269872 0.354167 0.254487 0.328526 0.23782099999999995 0.32467900000000005 0.23141 0.32083300000000003 0.22179499999999996 0.411859 0.23397400000000002 0.45032099999999997 0.22179499999999996 0.48493600000000003 0.21666700000000005 0.524679 0.22179499999999996 0.568269 0.23717900000000003 0.58109
0 0.47307699999999997 0.559295 0.501282 0.5541670000000001 0.516667 0.542628 0.529487 0.542628 0.5346150000000001 0.527244 0.517949 0.463141 0.514103 0.441346 0.498718 0.39391 0.49230799999999997 0.39006399999999997 0.482051 0.40160300000000004 0.461538 0.44519200000000003 0.44935899999999995 0.49006400000000006 0.44807699999999995 0.5336540000000001 0.462179 0.563141
0 0.996154 0.34903799999999996 0.975641 0.36057700000000004 0.961538 0.38109000000000004 0.926282 0.38878199999999996 0.894872 0.37980800000000003 0.880128 0.355449 0.878205 0.291346 0.882692 0.273397 0.916026 0.27852600000000005 0.929487 0.27852600000000005 0.94359 0.27852600000000005 0.974359 0.27596200000000004 0.996795 0.27980799999999995
0 0.577564 0.17596199999999995 0.5769230000000001 0.15032100000000004 0.5935900000000001 0.12852600000000003 0.610256 0.101603 0.627564 0.06826900000000002 0.626923 0.03621799999999997 0.624359 0.0067310000000000425 0.457051 0.008013000000000048 0.439744 0.05801299999999998 0.43076899999999996 0.100321 0.460897 0.13237200000000005 0.482051 0.12211499999999997 0.505769 0.10929500000000003 0.525 0.10673100000000002 0.536538 0.06826900000000002 0.5480769999999999 0.07467900000000005 0.559615 0.09903799999999996 0.548718 0.12467899999999998 0.541667 0.14262799999999998 0.560256 0.17724399999999996 0.566667 0.19519200000000003
0 0.10256399999999999 0.31955100000000003 0.12115399999999998 0.28365399999999996 0.11858999999999997 0.24775599999999998 0.13269200000000003 0.21698700000000004 0.13525600000000004 0.1875 0.163462 0.17852599999999996 0.18140999999999996 0.147756 0.17756400000000006 0.11570499999999995 0.18525599999999998 0.083654 0.19743599999999994 0.06826900000000002 0.21282100000000004 0.05032099999999995 0.21794899999999995 0.032371999999999956 0.21538500000000005 0.0067310000000000425 0.15897399999999995 0.005449000000000037 0.15576900000000005 0.03365399999999996 0.128205 0.029807999999999946 0.10833300000000001 0.061859 0.07692299999999996 0.07852599999999998 0.05064100000000005 0.07339700000000005 0.018589999999999995 0.102885 0.006410000000000027 0.13109000000000004 0.0025640000000000107 0.374679 0.019230999999999998 0.40032100000000004 0.018589999999999995 0.373397 0.015384999999999982 0.327244 0.01474399999999998 0.296474 0.026282000000000028 0.269551 0.060255999999999976 0.27980799999999995 0.07435899999999995 0.288782 0.09166700000000005 0.309295
0 0.353205 0.05288499999999996 0.34679499999999996 0.03108999999999995 0.34551299999999996 0.0067310000000000425 0.287821 0.005449000000000037 0.314103 0.04006399999999999 0.32884599999999997 0.04775600000000002 0.34615399999999996 0.06570500000000001 0.352564 0.06570500000000001