0 0.537821 0.986218 0.54359 0.94391 0.5519229999999999 0.94391 0.5519229999999999 0.909295 0.569231 0.905449 0.5743590000000001 0.865705 0.558333 0.838782 0.525 0.8644229999999999 0.501282 0.860577 0.46410300000000004 0.8246789999999999 0.43012799999999995 0.795192 0.396154 0.806731 0.369872 0.815705 0.375641 0.882372 0.401282 0.920833 0.414744 0.9375 0.414744 0.968269 0.40448700000000004 0.991346 0.523718 0.995192
0 0.769231 0.8836539999999999 0.790385 0.875962 0.795513 0.8618589999999999 0.801282 0.849038 0.808333 0.813141 0.8 0.7810900000000001 0.79359 0.758013 0.791026 0.7246790000000001 0.7814099999999999 0.704167 0.777564 0.692628 0.745513 0.660577 0.714744 0.673397 0.712179 0.716987 0.7185900000000001 0.752885 0.707051 0.774679 0.707051 0.797756 0.730128 0.8233969999999999 0.74359 0.8426279999999999 0.747436 0.890064 0.748718 0.9028849999999999
0 0.995513 0.752885 0.976282 0.766987 0.953846 0.752885 0.928205 0.740064 0.905769 0.729808 0.883333 0.714423 0.874359 0.706731 0.860897 0.6541669999999999 0.871154 0.624679 0.892949 0.604167 0.996154 0.508013 0.998718 0.738782
0 0.20192299999999996 0.982372 0.208333 0.954167 0.22499999999999998 0.9375 0.23846199999999995 0.938782 0.24487199999999998 0.915705 0.22435899999999998 0.866987 0.20512799999999998 0.847756 0.19487200000000005 0.836218 0.15000000000000002 0.847756 0.13717900000000005 0.9041669999999999 0.11474399999999996 0.99391 0.19487200000000005 0.991346
0 0.34615399999999996 0.906731 0.36282099999999995 0.886218 0.358974 0.8631409999999999 0.352564 0.829808 0.349359 0.805449 0.32115400000000005 0.806731 0.30769199999999997 0.797756 0.29615400000000003 0.8246789999999999 0.30128200000000005 0.8618589999999999 0.309615 0.905449 0.32243599999999994 0.914423 0.32884599999999997 0.914423
0 0.626282 0.624679 0.6358969999999999 0.596474 0.6358969999999999 0.5708329999999999 0.641026 0.522115 0.639744 0.501603 0.639744 0.463141 0.617308 0.460577 0.5948720000000001 0.47083299999999995 0.5685899999999999 0.49006400000000006 0.564103 0.5131410000000001 0.564103 0.5375 0.575 0.5721149999999999 0.5891029999999999 0.588782 0.5974360000000001 0.6298079999999999 0.607051 0.584936 0.614744 0.5951919999999999
0 0.311538 0.541346 0.29615400000000003 0.5105770000000001 0.29935900000000004 0.500321 0.310256 0.497756 0.31666700000000003 0.49134599999999995 0.32115400000000005 0.452885 0.32628199999999996 0.40416700000000005 0.30320499999999995 0.334936 0.29807700000000004 0.314423 0.273718 0.3375 0.253846 0.37980800000000003 0.23974399999999996 0.43109 0.253846 0.500321 0.264744 0.523397 0.26282099999999997 0.5939099999999999 0.272436 0.606731 0.310256 0.5554490000000001
0 0.20448699999999997 0.764423 0.22692299999999999 0.718269 0.21666700000000005 0.688782 0.21346200000000004 0.664423 0.19999999999999996 0.6298079999999999 0.19102600000000003 0.619551 0.18910300000000002 0.605449 0.17692300000000005 0.625962 0.17500000000000004 0.6528849999999999 0.15769200000000005 0.666987 0.15833299999999995 0.711859 0.17756400000000006 0.734936 0.18974400000000002 0.766987
0 0.039103 0.866987 0.04679500000000003 0.815705 0.047436000000000034 0.796474 0.038461999999999996 0.7798080000000001 0.042949000000000015 0.756731 0.05192300000000005 0.7439100000000001 0.04871800000000004 0.686218 0.035255999999999954 0.663141 0.025641000000000025 0.646474 0.003846000000000016 0.6118589999999999 0.003846000000000016 0.852885 0.025000000000000022 0.855449
0 0.482051 0.582372 0.48782099999999995 0.565705 0.47307699999999997 0.524679 0.455128 0.49262799999999995 0.439103 0.49134599999999995 0.42692300000000005 0.518269 0.437179 0.549038 0.46474400000000005 0.5695509999999999
0 0.654487 0.986218 0.6551279999999999 0.916987 0.6621790000000001 0.911859 0.6717949999999999 0.896474 0.6730769999999999 0.810577 0.679487 0.786218 0.6839740000000001 0.729808 0.6839740000000001 0.702885 0.663462 0.682372 0.664744 0.725962 0.6564099999999999 0.797756 0.649359 0.833654 0.636538 0.88109 0.627564 0.913141 0.628205 0.946474 0.6346149999999999 0.98109
0 0.998718 0.855449 0.971154 0.840064 0.962821 0.856731 0.953846 0.873397 0.951923 0.933654 0.962179 0.966987 0.971154 0.988782 0.997436 0.992628
0 0.891026 0.966987 0.898077 0.915705 0.898077 0.8836539999999999 0.880769 0.891346 0.863462 0.910577 0.858974 0.941346 0.869872 0.973397
0 0.983974 0.40929499999999996 0.960897 0.42724399999999996 0.951282 0.433654 0.933974 0.48621800000000004 0.937821 0.505449 0.932051 0.506731 0.903205 0.48878200000000005 0.894872 0.497756 0.879487 0.5310900000000001 0.86859 0.5310900000000001 0.861538 0.48365400000000003 0.854487 0.454167 0.842949 0.455449 0.833974 0.456731 0.816026 0.44647400000000004 0.802564 0.432372 0.814103 0.40160300000000004 0.822436 0.36955099999999996 0.841026 0.36570499999999995 0.852564 0.37980800000000003 0.875641 0.42724399999999996 0.889103 0.438782 0.894872 0.440064 0.898077 0.42596199999999995 0.898077 0.38365400000000005 0.908974 0.34775599999999995 0.939103 0.338782 0.951282 0.332372 0.962179 0.315705 0.977564 0.272115 0.979487 0.24775599999999998 0.982692 0.23237200000000002 0.995513 0.209295 0.995513 0.38237200000000005
0 0.7621789999999999 0.520833 0.758333 0.436218 0.744231 0.411859 0.734615 0.413141 0.710256 0.45032099999999997 0.70641 0.482372 0.730128 0.501603 0.7416670000000001 0.5131410000000001 0.751282 0.5310900000000001
0 0.7153849999999999 0.3375 0.6993590000000001 0.30416699999999997 0.705769 0.273397 0.717949 0.24903799999999998 0.728205 0.23750000000000004 0.7391030000000001 0.24006400000000006 0.7429490000000001 0.21314100000000002 0.734615 0.168269 0.7141029999999999 0.16442299999999999 0.682051 0.18365399999999998 0.689744 0.12083299999999997 0.692949 0.06570500000000001 0.698718 0.03878199999999998 0.701282 0.009295000000000053 0.60641 0.005449000000000037 0.614744 0.07339700000000005 0.6141030000000001 0.146474 0.6128210000000001 0.19647400000000004 0.641667 0.228526 0.660256 0.24519199999999997 0.671154 0.28237199999999996 0.667308 0.299038 0.646154 0.32339700000000005 0.628846 0.290064 0.6166670000000001 0.2875 0.6128210000000001 0.32083300000000003 0.626282 0.354167 0.642308 0.38493599999999994 0.6608970000000001 0.38493599999999994 0.679487 0.372115 0.705769 0.36057700000000004
0 0.44807699999999995 0.44775600000000004 0.455128 0.42852599999999996 0.483974 0.40801299999999996 0.485897 0.396474 0.47115399999999996 0.375962 0.47115399999999996 0.34775599999999995 0.47243599999999997 0.329808 0.477564 0.297756 0.47051299999999996 0.25929500000000005 0.46858999999999995 0.24134599999999995 0.458333 0.228526 0.44551300000000005 0.21314100000000002 0.437179 0.21442300000000003 0.416667 0.26185899999999995 0.400641 0.34647399999999995 0.399359 0.41057699999999997 0.389744 0.455449 0.40576900000000005 0.46698700000000004 0.43076899999999996 0.454167
0 0.126282 0.2875 0.14935900000000002 0.24647399999999997 0.15961499999999995 0.208013 0.17628200000000005 0.166987 0.16987200000000002 0.146474 0.15705100000000005 0.11442300000000005 0.15128200000000003 0.102885 0.11474399999999996 0.09006400000000003 0.104487 0.08493600000000001 0.07564099999999996 0.10673100000000002 0.06089699999999998 0.12852600000000003 0.04871800000000004 0.15673099999999995 0.062178999999999984 0.23493600000000003 0.07243599999999994 0.27980799999999995 0.07756399999999997 0.290064 0.10064099999999998 0.28493599999999997