0 0.34294899999999995 0.9875 0.360256 0.964423 0.374359 0.9375 0.36538499999999996 0.899038 0.34358999999999995 0.8618589999999999 0.332692 0.869551 0.32499999999999996 0.952885 0.30705099999999996 0.968269 0.29807700000000004 0.992628 0.334615 0.996474
0 0.28461499999999995 0.978526 0.30897399999999997 0.955449 0.30192300000000005 0.888782 0.29871800000000004 0.8644229999999999 0.29359 0.809295 0.26859 0.788782 0.22692299999999999 0.8451919999999999 0.21346200000000004 0.879808 0.19743599999999994 0.925962 0.208333 0.986218 0.266026 0.984936
0 0.127564 0.965705 0.141667 0.869551 0.15000000000000002 0.810577 0.142308 0.766987 0.12051299999999998 0.733654 0.10320499999999999 0.718269 0.09038500000000005 0.674679 0.06859000000000004 0.6503209999999999 0.039744 0.678526 0.03397399999999995 0.7631410000000001 0.02884600000000004 0.851603 0.032692000000000054 0.910577 0.039103 0.949038 0.06794900000000004 0.947756 0.11089700000000002 0.9041669999999999 0.11987199999999998 0.942628 0.123718 0.955449
0 0.373077 0.828526 0.397436 0.799038 0.417308 0.775962 0.458333 0.740064 0.42820499999999995 0.708013 0.42884599999999995 0.673397 0.42820499999999995 0.6298079999999999 0.44743599999999994 0.620833 0.42371800000000004 0.5951919999999999 0.40192300000000003 0.568269 0.357051 0.540064 0.34038500000000005 0.528526 0.294231 0.575962 0.28076900000000005 0.6310899999999999 0.29359 0.649038 0.32499999999999996 0.673397 0.335897 0.719551 0.337179 0.7464740000000001 0.31666700000000003 0.768269 0.32884599999999997 0.806731 0.34230799999999995 0.829808 0.358974 0.83109
0 0.541667 0.840064 0.5685899999999999 0.7605770000000001 0.566667 0.719551 0.5467949999999999 0.700321 0.538462 0.695192 0.5519229999999999 0.655449 0.5467949999999999 0.5708329999999999 0.5467949999999999 0.547756 0.532051 0.524679 0.51859 0.499038 0.50641 0.46826900000000005 0.48717900000000003 0.438782 0.476923 0.423397 0.44294900000000004 0.416987 0.417308 0.42467900000000003 0.414103 0.455449 0.435256 0.49006400000000006 0.42948699999999995 0.575962 0.454487 0.623397 0.476923 0.583654 0.475641 0.6298079999999999 0.476282 0.641346 0.476282 0.702885 0.49359 0.711859 0.505769 0.706731 0.517949 0.7451920000000001 0.516026 0.773397 0.5 0.8003210000000001 0.495513 0.816987 0.536538 0.851603
0 0.595513 0.583654 0.619872 0.5708329999999999 0.645513 0.5528850000000001 0.648077 0.528526 0.641026 0.442628 0.633974 0.40673099999999995 0.630128 0.32467900000000005 0.627564 0.24775599999999998 0.642949 0.20032099999999997 0.650641 0.11955099999999996 0.626923 0.09903799999999996 0.5961540000000001 0.03878199999999998 0.573718 0.02852600000000005 0.544231 0.04519200000000001 0.5326919999999999 0.10929500000000003 0.524359 0.13621799999999995 0.532051 0.169551 0.5275639999999999 0.22339699999999996 0.513462 0.26570499999999997 0.528205 0.333654 0.570513 0.296474 0.5891029999999999 0.286218 0.6 0.306731 0.600641 0.37083299999999997 0.600641 0.414423 0.599359 0.4375 0.5743590000000001 0.42467900000000003 0.55 0.38365400000000005 0.537821 0.37980800000000003 0.514103 0.49519199999999997 0.539744 0.5144230000000001 0.560256 0.502885 0.589744 0.506731 0.5916669999999999 0.522115
0 0.31602600000000003 0.40416700000000005 0.312821 0.34262800000000004 0.32115400000000005 0.30416699999999997 0.309615 0.272115 0.270513 0.204167 0.247436 0.209295 0.21858999999999995 0.24647399999999997 0.22115399999999996 0.309295 0.246795 0.34006400000000003 0.270513 0.36057700000000004 0.27692300000000003 0.413141 0.292308 0.432372
0 0.14359 0.311859 0.165385 0.290064 0.18461499999999997 0.274679 0.17115400000000003 0.25544900000000004 0.15769200000000005 0.21955100000000005 0.14359 0.21185900000000002 0.123718 0.21698700000000004 0.12051299999999998 0.25929500000000005 0.125641 0.292628
0 0.03589699999999996 0.501603 0.059614999999999974 0.47211499999999995 0.05448699999999995 0.418269 0.04615400000000003 0.40032100000000004 0.03717899999999996 0.38878199999999996 0.010256000000000043 0.39134599999999997 0.001923000000000008 0.40416700000000005 0.001923000000000008 0.48750000000000004 0.025641000000000025 0.501603
0 0.415385 0.12980800000000003 0.437179 0.10929500000000003 0.44871799999999995 0.09262800000000004 0.46410300000000004 0.09006400000000003 0.476923 0.09006400000000003 0.48910299999999995 0.046474000000000015 0.496795 0.005449000000000037 0.359615 0.009295000000000053 0.36666699999999997 0.043910000000000005 0.36794899999999997 0.06955100000000003 0.38333300000000003 0.08878200000000003 0.391026 0.11185900000000004 0.398718 0.12467899999999998
0 0.746154 0.73109 0.774359 0.690064 0.794231 0.660577 0.816667 0.601603 0.8198719999999999 0.565705 0.823718 0.528526 0.8448720000000001 0.5157050000000001 0.854487 0.49006400000000006 0.855128 0.478526 0.861538 0.46955100000000005 0.861538 0.44775600000000004 0.875 0.40929499999999996 0.872436 0.358013 0.873718 0.34391000000000005 0.889744 0.34391000000000005 0.905769 0.34519200000000005 0.927564 0.354167 0.935256 0.36185900000000004 0.953205 0.40673099999999995 0.953205 0.459295 0.988462 0.5349360000000001 0.996795 0.549038 0.996795 0.14134599999999997 0.9673080000000001 0.17467900000000003 0.946795 0.23109000000000002 0.939103 0.270833 0.923077 0.21442300000000003 0.914103 0.15416700000000005 0.894872 0.14006399999999997 0.866667 0.12596200000000002 0.851282 0.13237200000000005 0.828846 0.16314099999999998 0.811538 0.228526 0.8051280000000001 0.274679 0.796154 0.34134600000000004 0.794231 0.411859 0.782051 0.46442300000000003 0.766667 0.477244 0.7141029999999999 0.5310900000000001 0.701282 0.563141 0.708974 0.6310899999999999 0.711538 0.682372 0.721795 0.718269 0.7378210000000001 0.7375
0 0.679487 0.42724399999999996 0.6788460000000001 0.37083299999999997 0.675 0.329808 0.666667 0.2875 0.6564099999999999 0.252885 0.649359 0.290064 0.642949 0.318269 0.645513 0.356731 0.6525639999999999 0.377244 0.65 0.42596199999999995 0.6583330000000001 0.44775600000000004 0.680769 0.442628
0 0.741026 0.15416700000000005 0.760256 0.13493599999999994 0.769231 0.101603 0.769231 0.07724399999999998 0.7833330000000001 0.061859 0.783974 0.023397 0.7833330000000001 0.008013000000000048 0.711538 0.0067310000000000425 0.735897 0.024679000000000006 0.74359 0.051602999999999954 0.7403850000000001 0.07980799999999999 0.732051 0.08493600000000001 0.7198720000000001 0.05929499999999999 0.711538 0.05801299999999998 0.694231 0.05544899999999997 0.6769229999999999 0.07724399999999998 0.671154 0.12211499999999997 0.6801280000000001 0.145192 0.70641 0.149038
0 0.02435900000000002 0.14006399999999997 0.06794900000000004 0.101603 0.09102600000000005 0.07596199999999997 0.09935899999999998 0.056730999999999976 0.10897400000000002 0.008013000000000048 0.003846000000000016 0.008013000000000048 0.004487000000000019 0.15544899999999995
0 0.762821 0.98109 0.751923 0.914423 0.7211540000000001 0.866987 0.716026 0.797756 0.7032050000000001 0.7810900000000001 0.6717949999999999 0.829808 0.655769 0.870833 0.655769 0.942628 0.664744 0.988782 0.753205 0.992628
0 0.982051 0.738782 0.944872 0.764423 0.925 0.7464740000000001 0.942949 0.701603 0.934615 0.674679 0.912179 0.636218 0.903205 0.604167 0.898077 0.5746789999999999 0.882692 0.5708329999999999 0.874359 0.600321 0.859615 0.575962 0.860256 0.505449 0.864744 0.48750000000000004 0.860256 0.47467899999999996 0.885897 0.47083299999999995 0.9083330000000001 0.44647400000000004 0.9096150000000001 0.418269 0.923077 0.40673099999999995 0.942308 0.432372 0.946154 0.477244 0.951282 0.5310900000000001 0.962821 0.5695509999999999 0.998718 0.578526 0.994872 0.715705