0 0.939744 0.977244 0.933333 0.896474 0.9269229999999999 0.846474 0.934615 0.841346 0.951282 0.858013 0.957051 0.8631409999999999 0.979487 0.8439099999999999 0.99359 0.802885 0.991026 0.7426280000000001 0.972436 0.699038 0.945513 0.64391 0.9076919999999999 0.615705 0.858333 0.627244 0.846154 0.673397 0.828846 0.7246790000000001 0.817949 0.7798080000000001 0.811538 0.825962 0.8211539999999999 0.870833 0.832692 0.896474 0.835897 0.93109 0.853846 0.991346 0.935897 0.996474
0 0.792949 0.854167 0.80641 0.827244 0.815385 0.7823720000000001 0.813462 0.751603 0.7993589999999999 0.697756 0.786538 0.649038 0.762821 0.6285259999999999 0.747436 0.6131409999999999 0.725641 0.618269 0.702564 0.675962 0.6826920000000001 0.7221150000000001 0.680769 0.769551 0.6814100000000001 0.8246789999999999 0.6743589999999999 0.850321 0.671154 0.906731 0.665385 0.940064 0.612179 0.991346 0.810897 0.99391 0.8051280000000001 0.947756 0.792949 0.922115 0.780769 0.965705 0.752564 0.961859 0.750641 0.911859 0.757051 0.858013 0.778846 0.856731
0 0.5346150000000001 0.973397 0.521795 0.910577 0.508974 0.827244 0.508974 0.777244 0.513462 0.749038 0.5346150000000001 0.6131409999999999 0.514103 0.5900639999999999 0.45064099999999996 0.5323720000000001 0.43012799999999995 0.5323720000000001 0.40320500000000004 0.5951919999999999 0.40448700000000004 0.6375 0.41153799999999996 0.675962 0.4 0.709295 0.400641 0.755449 0.40641000000000005 0.799038 0.42820499999999995 0.791346 0.45320499999999997 0.773397 0.477564 0.790064 0.475 0.8375 0.479487 0.911859 0.46858999999999995 0.922115 0.437179 0.879808 0.414103 0.8875 0.38525600000000004 0.914423 0.353846 0.9028849999999999 0.312179 0.89391 0.29871800000000004 0.960577 0.311538 0.99391 0.5288459999999999 0.995192
0 0.19487200000000005 0.878526 0.18717899999999998 0.827244 0.19294900000000004 0.775962 0.19871799999999995 0.747756 0.14935900000000002 0.695192 0.11217900000000003 0.69391 0.09551299999999996 0.719551 0.09423099999999995 0.806731 0.12948700000000002 0.832372 0.142949 0.849038 0.15192300000000003 0.896474 0.16025599999999995 0.909295 0.19102600000000003 0.891346
0 0.310897 0.597756 0.34102600000000005 0.547756 0.38141 0.516987 0.391026 0.46955100000000005 0.392949 0.423397 0.392949 0.38493599999999994 0.371795 0.328526 0.353205 0.26314099999999996 0.32628199999999996 0.14390999999999998 0.32307699999999995 0.09134600000000004 0.310897 0.07083300000000003 0.255128 0.07852599999999998 0.24166699999999997 0.147756 0.230769 0.20288499999999998 0.23846199999999995 0.251603 0.266026 0.26057699999999995 0.28653799999999996 0.251603 0.30512799999999995 0.27852600000000005 0.310897 0.309295 0.310897 0.334936 0.28012800000000004 0.419551 0.266026 0.44647400000000004 0.248077 0.461859 0.248077 0.5131410000000001 0.247436 0.5708329999999999 0.288462 0.5939099999999999
0 0.623718 0.6285259999999999 0.644872 0.577244 0.648077 0.5503210000000001 0.667949 0.524679 0.6596150000000001 0.479808 0.651923 0.4375 0.638462 0.40801299999999996 0.608333 0.40801299999999996 0.580128 0.47339699999999996 0.5878209999999999 0.49390999999999996 0.61859 0.48878200000000005 0.628205 0.522115 0.623718 0.558013 0.607051 0.564423 0.5923080000000001 0.547756 0.570513 0.547756 0.5551280000000001 0.568269 0.566667 0.618269 0.5948720000000001 0.6310899999999999
0 0.5673079999999999 0.925962 0.5551280000000001 0.840064 0.555769 0.795192 0.546154 0.7631410000000001 0.533974 0.749038 0.522436 0.770833 0.516667 0.79391 0.523718 0.832372 0.5358970000000001 0.860577 0.530769 0.914423 0.5467949999999999 0.932372
0 0.851923 0.49390999999999996 0.863462 0.47467899999999996 0.866667 0.44647400000000004 0.854487 0.415705 0.835897 0.40160300000000004 0.823718 0.396474 0.814103 0.37083299999999997 0.786538 0.37980800000000003 0.767949 0.413141 0.75 0.37852600000000003 0.753846 0.34262800000000004 0.728846 0.30544899999999997 0.6910259999999999 0.34134600000000004 0.6839740000000001 0.36698699999999995 0.703846 0.416987 0.7198720000000001 0.440064 0.721795 0.49134599999999995 0.7224360000000001 0.509295 0.742308 0.501603 0.753846 0.46570500000000004 0.761538 0.48621800000000004 0.761538 0.538782 0.788462 0.54391 0.810897 0.516987 0.826282 0.49390999999999996
0 0.985897 0.44391 0.983333 0.5131410000000001 0.966026 0.5144230000000001 0.937821 0.499038 0.910897 0.502885 0.903205 0.508013 0.898077 0.459295 0.891667 0.433654 0.884615 0.414423 0.876923 0.40673099999999995 0.867308 0.374679 0.8871789999999999 0.316987 0.902564 0.29391 0.915385 0.28365399999999996 0.932051 0.292628 0.944231 0.25929500000000005 0.944872 0.225962 0.914744 0.19391000000000003 0.898077 0.22339699999999996 0.861538 0.228526 0.852564 0.23109000000000002 0.830128 0.188782 0.828846 0.149038 0.849359 0.11826899999999996 0.873077 0.09391000000000005 0.882692 0.07852599999999998 0.912821 0.10929500000000003 0.933333 0.14006399999999997 0.962179 0.15673099999999995 1.0 0.13237200000000005 0.997436 0.42724399999999996
0 0.672436 0.297756 0.689103 0.26570499999999997 0.6923079999999999 0.228526 0.684615 0.190064 0.679487 0.15544899999999995 0.646154 0.17467900000000003 0.646795 0.269551 0.657051 0.30032099999999995
0 0.664103 0.056730999999999976 0.670513 0.02852600000000005 0.6717949999999999 0.009295000000000053 0.617308 0.004167000000000032 0.629487 0.03749999999999998 0.647436 0.05032099999999995
0 0.596795 0.308013 0.5948720000000001 0.21057700000000001 0.5743590000000001 0.13365400000000005 0.5698719999999999 0.13109000000000004 0.537821 0.12083299999999997 0.49230799999999997 0.170833 0.458974 0.22339699999999996 0.440385 0.27596200000000004 0.47051299999999996 0.32339700000000005 0.516026 0.39006399999999997 0.5551280000000001 0.38749999999999996 0.564744 0.308013 0.571795 0.297756 0.589744 0.306731
0 0.38397400000000004 0.22339699999999996 0.43269199999999997 0.169551 0.437821 0.145192 0.414103 0.101603 0.39359 0.09775599999999995 0.374359 0.09262800000000004 0.355128 0.13878199999999996 0.352564 0.188782
0 0.15512800000000004 0.375962 0.165385 0.34519200000000005 0.13846199999999997 0.292628 0.12115399999999998 0.286218 0.09743599999999997 0.32083300000000003 0.09743599999999997 0.38878199999999996 0.13269200000000003 0.36057700000000004 0.14871800000000002 0.38109000000000004
0 0.025000000000000022 0.799038 0.05448699999999995 0.764423 0.04615400000000003 0.716987 0.025000000000000022 0.697756 0.013461999999999974 0.714423 0.010897000000000046 0.772115
0 0.011538000000000048 0.049038000000000026 0.02884600000000004 0.04006399999999999 0.040385000000000004 0.022114999999999996 0.039744 0.004167000000000032 0.001923000000000008 0.005449000000000037 0.0012820000000000054 0.041345999999999994
0 0.123718 0.13365400000000005 0.13717900000000005 0.09134600000000004 0.13717900000000005 0.06826900000000002 0.125 0.07083300000000003 0.11089700000000002 0.08878200000000003 0.11089700000000002 0.13878199999999996 0.11858999999999997 0.15160300000000004