0 0.841026 0.738782 0.8641030000000001 0.678526 0.898077 0.636218 0.871795 0.588782 0.830769 0.527244 0.836538 0.479808 0.757692 0.48750000000000004 0.712179 0.501603 0.711538 0.5733969999999999 0.6948719999999999 0.619551 0.663462 0.547756 0.630128 0.522115 0.608974 0.5323720000000001 0.612179 0.5939099999999999 0.632692 0.6541669999999999 0.624359 0.7233970000000001 0.6583330000000001 0.836218 0.685256 0.838782 0.713462 0.778526 0.7141029999999999 0.769551 0.670513 0.764423 0.686538 0.69391 0.7019230000000001 0.695192 0.730128 0.725962 0.7391030000000001 0.758013 0.755769 0.778526 0.7814099999999999 0.7426280000000001 0.810256 0.7605770000000001
0 0.803205 0.296474 0.795513 0.23878200000000005 0.8423080000000001 0.206731 0.8391029999999999 0.15544899999999995 0.835256 0.09006400000000003 0.817308 0.046474000000000015 0.764103 0.11185900000000004 0.735256 0.17980799999999997 0.723718 0.26057699999999995 0.757692 0.30160299999999995
0 0.557051 0.604167 0.55 0.522115 0.558333 0.475962 0.5769230000000001 0.40160300000000004 0.528205 0.40416700000000005 0.458974 0.374679 0.45064099999999996 0.3375 0.42756400000000006 0.295192 0.353205 0.28365399999999996 0.310256 0.27852600000000005 0.28333299999999995 0.34134600000000004 0.32307699999999995 0.436218 0.397436 0.456731 0.417308 0.505449 0.42435900000000004 0.556731 0.46987199999999996 0.6541669999999999 0.553205 0.623397
0 0.6814100000000001 0.986218 0.678205 0.920833 0.621154 0.866987 0.5756410000000001 0.816987 0.5301279999999999 0.802885 0.44359000000000004 0.850321 0.391026 0.886218 0.36346199999999995 0.905449 0.31859000000000004 0.992628 0.673718 0.991346
0 0.24038499999999996 0.623397 0.26153800000000005 0.566987 0.246795 0.516987 0.255769 0.442628 0.271154 0.43109 0.25961500000000004 0.309295 0.248077 0.28108999999999995 0.208974 0.288782 0.19807699999999995 0.325962 0.20064099999999996 0.38237200000000005 0.17500000000000004 0.422115 0.162821 0.482372 0.15000000000000002 0.5503210000000001 0.19166700000000003 0.5721149999999999 0.21282100000000004 0.578526 0.21987199999999996 0.624679
0 0.20256399999999997 0.954167 0.230769 0.942628 0.23910299999999995 0.909295 0.22051299999999996 0.833654 0.18269199999999997 0.8644229999999999 0.16794900000000001 0.888782 0.164744 0.918269 0.19038500000000003 0.954167
0 0.06153799999999998 0.373397 0.06153799999999998 0.310577 0.09935899999999998 0.2875 0.12051299999999998 0.26314099999999996 0.128205 0.274679 0.12179499999999999 0.21442300000000003 0.11346199999999995 0.165705 0.09551299999999996 0.12211499999999997 0.04359000000000002 0.16185899999999998 0.001923000000000008 0.19775600000000004 0.003846000000000016 0.34391000000000005 0.03141000000000005 0.38365400000000005 0.05448699999999995 0.39134599999999997
0 0.18333299999999997 0.31955100000000003 0.18653799999999998 0.21955100000000005 0.21666700000000005 0.169551 0.24294899999999997 0.07724399999999998 0.289103 0.010576999999999948 0.17307700000000004 0.005449000000000037 0.127564 0.05032099999999995 0.124359 0.11442300000000005 0.13141000000000003 0.188782 0.13397400000000004 0.206731 0.15128200000000003 0.229808 0.142949 0.299038 0.15320500000000004 0.311859
0 0.10192299999999999 0.5349360000000001 0.09935899999999998 0.477244 0.06538500000000003 0.432372 0.02692300000000003 0.48365400000000003 0.005128000000000021 0.5323720000000001 0.04871800000000004 0.605449 0.06282100000000002 0.5951919999999999 0.083974 0.5323720000000001
0 0.5480769999999999 0.03365399999999996 0.537821 0.08109 0.485256 0.07083300000000003 0.45384599999999997 0.06570500000000001 0.47179499999999996 0.016986999999999974 0.485897 0.009295000000000053 0.532051 0.0067310000000000425
0 0.02884600000000004 0.891346 0.025641000000000025 0.808013 0.032692000000000054 0.769551 0.0025640000000000107 0.733654 0.0025640000000000107 0.891346