0 0.07243599999999994 0.952885 0.11089700000000002 0.928526 0.11794899999999997 0.877244 0.10769200000000001 0.834936 0.10320499999999999 0.7875 0.07564099999999996 0.709295 0.07628199999999996 0.672115 0.08012799999999998 0.6503209999999999 0.09038500000000005 0.5900639999999999 0.09102600000000005 0.5336540000000001 0.07884599999999997 0.500321 0.05448699999999995 0.454167 0.03653799999999996 0.44775600000000004 0.019230999999999998 0.459295 0.02435900000000002 0.542628 0.02435900000000002 0.602885 0.014102999999999977 0.642628 0.005128000000000021 0.666987 0.0070510000000000295 0.729808 0.00961500000000004 0.847756 0.012820999999999971 0.911859 0.035255999999999954 0.952885 0.05833299999999997 0.954167
0 0.26217900000000005 0.890064 0.28141000000000005 0.833654 0.28525599999999995 0.784936 0.30064100000000005 0.764423 0.29615400000000003 0.732372 0.264744 0.772115 0.22628199999999998 0.8016030000000001 0.208974 0.838782 0.20320499999999997 0.859295 0.22692299999999999 0.878526 0.23653800000000003 0.890064 0.250641 0.888782
0 0.485256 0.942628 0.49038499999999996 0.874679 0.49359 0.8246789999999999 0.49294899999999997 0.796474 0.476282 0.79391 0.438462 0.8375 0.416667 0.866987 0.39359 0.8451919999999999 0.372436 0.766987 0.34807699999999997 0.784936 0.330769 0.808013 0.32820499999999997 0.8451919999999999 0.36410299999999995 0.9375 0.376282 0.955449 0.44166700000000003 0.950321 0.46794899999999995 0.952885
0 0.559615 0.769551 0.576282 0.7221150000000001 0.591026 0.677244 0.591026 0.649038 0.5576920000000001 0.618269 0.55 0.605449 0.505128 0.624679 0.485897 0.6298079999999999 0.455769 0.666987 0.44679500000000005 0.699038 0.48717900000000003 0.7439100000000001 0.515385 0.691346 0.525641 0.752885 0.542308 0.755449
0 0.42371800000000004 0.7246790000000001 0.43205099999999996 0.670833 0.4 0.6131409999999999 0.416667 0.546474 0.42435900000000004 0.5144230000000001 0.43012799999999995 0.482372 0.42756400000000006 0.454167 0.38333300000000003 0.48878200000000005 0.36474399999999996 0.504167 0.354487 0.542628 0.36730799999999997 0.634936 0.369872 0.719551 0.392949 0.733654 0.414103 0.719551
0 0.6564099999999999 0.5695509999999999 0.683333 0.579808 0.710256 0.623397 0.726923 0.579808 0.716026 0.500321 0.713462 0.47211499999999995 0.6730769999999999 0.49262799999999995 0.667308 0.46698700000000004 0.657051 0.399038 0.6358969999999999 0.414423 0.591026 0.442628 0.569231 0.47467899999999996 0.5576920000000001 0.508013 0.5782050000000001 0.556731 0.591026 0.5708329999999999 0.619872 0.5541670000000001 0.648718 0.560577
0 0.849359 0.890064 0.866026 0.819551 0.880128 0.805449 0.891026 0.777244 0.887821 0.73109 0.873718 0.701603 0.847436 0.696474 0.8423080000000001 0.686218 0.8038460000000001 0.69391 0.8019229999999999 0.732372 0.817308 0.774679 0.7993589999999999 0.858013 0.7814099999999999 0.773397 0.773718 0.7451920000000001 0.750641 0.764423 0.751923 0.83109 0.749359 0.8618589999999999 0.778846 0.8875 0.803205 0.908013 0.833974 0.910577
0 0.292949 0.433654 0.313462 0.38621799999999995 0.32371799999999995 0.318269 0.349359 0.29391 0.355128 0.23750000000000004 0.35641 0.21826900000000005 0.33846200000000004 0.17596199999999995 0.32115400000000005 0.15544899999999995 0.309615 0.14006399999999997 0.29743600000000003 0.22083299999999995 0.29807700000000004 0.288782 0.29679500000000003 0.358013 0.28269200000000005 0.397756 0.27756400000000003 0.44519200000000003 0.289103 0.44647400000000004
0 0.60641 0.145192 0.625 0.11955099999999996 0.6166670000000001 0.07083300000000003 0.604487 0.029807999999999946 0.599359 0.010576999999999948 0.511538 0.009295000000000053 0.522436 0.11698699999999995 0.5506409999999999 0.147756 0.583333 0.16314099999999998 0.5948720000000001 0.16442299999999999 0.601923 0.165705
0 0.929487 0.455449 0.971154 0.40929499999999996 0.975 0.37852600000000003 0.952564 0.308013 0.883333 0.3375 0.901923 0.397756 0.901923 0.45032099999999997 0.9064099999999999 0.46442300000000003
0 0.889103 0.12211499999999997 0.900641 0.07724399999999998 0.9076919999999999 0.051602999999999954 0.916026 0.010576999999999948 0.816026 0.008013000000000048 0.822436 0.06442300000000001 0.845513 0.100321 0.869231 0.11955099999999996
0 0.961538 0.934936 0.996154 0.923397 0.996154 0.828526 0.965385 0.811859 0.939103 0.815705 0.913462 0.846474 0.9076919999999999 0.920833 0.916026 0.934936 0.941026 0.934936 0.953205 0.93109