0 0.233333 0.963141 0.23589700000000002 0.884936 0.263462 0.8451919999999999 0.28717899999999996 0.797756 0.289103 0.751603 0.28141000000000005 0.661859 0.266667 0.678526 0.23525600000000002 0.6528849999999999 0.19551300000000005 0.6144229999999999 0.16987200000000002 0.579808 0.12307699999999999 0.546474 0.09935899999999998 0.584936 0.09551299999999996 0.625962 0.10641 0.661859 0.15576900000000005 0.692628 0.17948699999999995 0.7233970000000001 0.18333299999999997 0.766987 0.17884599999999995 0.784936 0.18782100000000002 0.851603 0.18140999999999996 0.900321 0.19423100000000004 0.9875 0.233333 0.992628
0 0.06730800000000003 0.851603 0.07371799999999995 0.755449 0.08140999999999998 0.625962 0.04935900000000004 0.5695509999999999 0.025641000000000025 0.5721149999999999 0.003846000000000016 0.6105769999999999 0.0032050000000000134 0.841346 0.04615400000000003 0.850321
0 0.228205 0.49390999999999996 0.264103 0.46698700000000004 0.22499999999999998 0.42724399999999996 0.21346200000000004 0.422115 0.20256399999999997 0.38493599999999994 0.18974400000000002 0.31955100000000003 0.18140999999999996 0.21955100000000005 0.15448700000000004 0.12596200000000002 0.142949 0.03749999999999998 0.10897400000000002 0.02083299999999999 0.09807699999999997 0.13749999999999996 0.12307699999999999 0.13109000000000004 0.13205100000000003 0.23365400000000003 0.124359 0.30288499999999996 0.144872 0.38109000000000004 0.17243600000000003 0.40160300000000004 0.18205099999999996 0.46442300000000003 0.21474400000000005 0.48621800000000004
0 0.09551299999999996 0.523397 0.11282099999999995 0.44391 0.10897400000000002 0.42467900000000003 0.07884599999999997 0.420833 0.07179500000000005 0.47211499999999995 0.08846200000000004 0.5298080000000001
0 0.607692 0.715705 0.605128 0.641346 0.613462 0.5310900000000001 0.611538 0.482372 0.6 0.411859 0.585897 0.297756 0.576282 0.25673100000000004 0.546154 0.26314099999999996 0.5326919999999999 0.311859 0.55 0.36057700000000004 0.563462 0.44647400000000004 0.560897 0.505449 0.545513 0.545192 0.520513 0.5721149999999999 0.525 0.615705 0.577564 0.714423
0 0.7833330000000001 0.992628 0.779487 0.9375 0.816026 0.888782 0.80641 0.7451920000000001 0.775 0.732372 0.771795 0.836218 0.757051 0.9041669999999999 0.741026 0.951603 0.714744 0.9375 0.688462 0.856731 0.6814100000000001 0.795192 0.6621790000000001 0.747756 0.6621790000000001 0.701603 0.641026 0.716987 0.645513 0.814423 0.646154 0.851603 0.664103 0.833654 0.676282 0.882372 0.6583330000000001 0.951603 0.654487 0.99391
0 0.989103 0.978526 0.978846 0.94391 0.961538 0.947756 0.966026 0.991346 0.911538 0.991346 0.89359 0.963141 0.873718 0.952885 0.85641 0.98109 0.848077 0.924679 0.8448720000000001 0.874679 0.829487 0.811859 0.853205 0.778526 0.878205 0.795192 0.891667 0.8246789999999999 0.905769 0.829808 0.944231 0.818269 0.996795 0.792628 0.997436 0.964423
0 0.828846 0.588782 0.858333 0.5375 0.867949 0.477244 0.85 0.411859 0.822436 0.375962 0.798077 0.3375 0.775641 0.315705 0.724359 0.373397 0.7173080000000001 0.438782 0.751282 0.46826900000000005 0.772436 0.477244 0.778205 0.5336540000000001 0.787821 0.6144229999999999 0.814744 0.5875
0 0.992308 0.73109 0.975641 0.711859 0.964103 0.705449 0.957692 0.700321 0.946154 0.7464740000000001 0.937179 0.7798080000000001 0.908974 0.640064 0.9083330000000001 0.575962 0.93141 0.5516030000000001 0.960256 0.545192 0.984615 0.5695509999999999 0.996154 0.623397 0.998077 0.718269
0 0.996154 0.270833 0.979487 0.295192 0.973077 0.292628 0.94359 0.266987 0.917949 0.24262799999999995 0.922436 0.19775600000000004 0.946154 0.12724400000000002 0.996154 0.02596200000000004
0 0.827564 0.19519200000000003 0.828846 0.14262799999999998 0.8198719999999999 0.08493600000000001 0.819231 0.029807999999999946 0.802564 0.027244000000000046 0.757051 0.02596200000000004 0.744231 0.046474000000000015 0.713462 0.06698700000000002 0.691667 0.06570500000000001 0.694231 0.12852600000000003 0.697436 0.166987 0.6801280000000001 0.184936 0.6826920000000001 0.250321 0.719231 0.22211499999999995 0.751282 0.227244 0.771795 0.24134599999999995 0.792308 0.21057700000000001 0.810897 0.19775600000000004
0 0.479487 0.374679 0.503846 0.31955100000000003 0.516026 0.29391 0.505128 0.22339699999999996 0.5 0.186218 0.475641 0.15032100000000004 0.461538 0.227244 0.44743599999999994 0.25673100000000004 0.42948699999999995 0.252885 0.420513 0.23365400000000003 0.40769200000000005 0.22467899999999996 0.398718 0.25416700000000003 0.40641000000000005 0.30160299999999995 0.38461500000000004 0.36570499999999995 0.38717900000000005 0.418269 0.419231 0.40544899999999995 0.44359000000000004 0.350321 0.462179 0.355449
0 0.34038500000000005 0.011858999999999953 0.34038500000000005 0.05032099999999995 0.34166700000000005 0.07852599999999998 0.314744 0.07724399999999998 0.30192300000000005 0.07467900000000005 0.28589699999999996 0.100321 0.27948700000000004 0.051602999999999954 0.28333299999999995 0.008013000000000048 0.32884599999999997 0.0067310000000000425