0 0.954487 0.988782 0.94359 0.913141 0.925 0.8836539999999999 0.870513 0.872115 0.8423080000000001 0.888782 0.811538 0.958013 0.808974 0.990064
0 0.788462 0.983654 0.772436 0.94391 0.757051 0.8875 0.726923 0.809295 0.708974 0.814423 0.704487 0.890064 0.7166669999999999 0.992628 0.782051 0.991346
0 0.999359 0.6285259999999999 0.969231 0.659295 0.937179 0.68109 0.91859 0.656731 0.894872 0.634936 0.896154 0.615705 0.937821 0.559295 0.998718 0.5105770000000001
0 0.842949 0.5951919999999999 0.825 0.5118590000000001 0.817308 0.463141 0.8435900000000001 0.313141 0.835897 0.23493600000000003 0.860897 0.21057700000000001 0.885256 0.18237199999999998 0.897436 0.14262799999999998 0.898718 0.10673100000000002 0.900641 0.08750000000000002 0.886538 0.04775600000000002 0.875641 0.054166999999999965 0.851282 0.09134600000000004 0.8243590000000001 0.10673100000000002 0.817308 0.12339699999999998 0.807051 0.15288500000000005 0.775641 0.17724399999999996 0.758333 0.19775600000000004 0.7416670000000001 0.26185899999999995 0.7608969999999999 0.32211500000000004 0.779487 0.38749999999999996 0.785256 0.413141 0.764103 0.433654 0.735897 0.440064 0.726923 0.44519200000000003 0.711538 0.44903800000000005 0.710897 0.40801299999999996 0.705769 0.36570499999999995 0.666667 0.372115 0.649359 0.4375 0.613462 0.45032099999999997 0.60641 0.508013 0.5974360000000001 0.524679 0.588462 0.525962 0.576282 0.5528850000000001 0.580128 0.586218 0.607692 0.5746789999999999 0.6128210000000001 0.582372 0.607692 0.605449 0.594231 0.641346 0.592949 0.666987 0.6179490000000001 0.68109 0.664744 0.658013 0.690385 0.6336539999999999 0.735256 0.666987 0.755128 0.638782 0.771795 0.6144229999999999 0.786538 0.584936 0.820513 0.599038
0 0.997436 0.37852600000000003 0.978846 0.36570499999999995 0.965385 0.36698699999999995 0.957692 0.39391 0.947436 0.38749999999999996 0.933974 0.36570499999999995 0.916026 0.34775599999999995 0.908974 0.292628 0.897436 0.266987 0.896154 0.21314100000000002 0.923077 0.15288500000000005 0.962821 0.149038 0.997436 0.17467900000000003
0 0.624359 0.25673100000000004 0.6621790000000001 0.1875 0.687179 0.13237200000000005 0.7198720000000001 0.09647399999999995 0.7391030000000001 0.06826900000000002 0.7153849999999999 0.008013000000000048 0.40192300000000003 0.008013000000000048 0.38205100000000003 0.05032099999999995 0.36602599999999996 0.08621800000000002 0.35641 0.15160300000000004 0.391667 0.169551 0.41153799999999996 0.17211500000000002 0.435897 0.15416700000000005 0.44359000000000004 0.18108999999999997 0.482051 0.205449 0.483333 0.21314100000000002 0.478846 0.24390999999999996 0.479487 0.306731 0.513462 0.315705 0.542308 0.316987 0.566667 0.27980799999999995 0.578846 0.25801300000000005 0.605128 0.24903799999999998
0 0.440385 0.624679 0.477564 0.601603 0.44679500000000005 0.5503210000000001 0.40833299999999995 0.561859 0.401282 0.5939099999999999 0.40192300000000003 0.6118589999999999 0.42884599999999995 0.618269
0 0.357692 0.772115 0.34294899999999995 0.704167 0.31602600000000003 0.64391 0.30512799999999995 0.6285259999999999 0.249359 0.638782 0.22692299999999999 0.659295 0.22243599999999997 0.6105769999999999 0.208333 0.49262799999999995 0.19807699999999995 0.39134599999999997 0.18076899999999996 0.42596199999999995 0.17307700000000004 0.44775600000000004 0.16987200000000002 0.505449 0.167308 0.564423 0.17179500000000003 0.6875 0.17179500000000003 0.710577 0.19294900000000004 0.7375 0.228846 0.769551 0.24358999999999997 0.7631410000000001 0.263462 0.728526 0.294231 0.734936 0.30769199999999997 0.754167 0.349359 0.7605770000000001
0 0.17307700000000004 0.34519200000000005 0.18525599999999998 0.313141 0.18589699999999998 0.25416700000000003 0.232051 0.309295 0.29359 0.33109 0.23589700000000002 0.19903800000000005 0.17564100000000005 0.16442299999999999 0.17564100000000005 0.10801300000000003 0.19294900000000004 0.09647399999999995 0.22243599999999997 0.10929500000000003 0.264744 0.12724400000000002 0.29743600000000003 0.082372 0.291667 0.009295000000000053 0.17692300000000005 0.008013000000000048 0.17243600000000003 0.056730999999999976 0.15576900000000005 0.07724399999999998 0.15064100000000002 0.032371999999999956 0.14935900000000002 0.0067310000000000425 0.10769200000000001 0.008013000000000048 0.11282099999999995 0.05801299999999998 0.10769200000000001 0.10416700000000001 0.06602600000000003 0.17596199999999995 0.048077000000000036 0.24903799999999998 0.037820999999999994 0.325962 0.07499999999999996 0.309295 0.10256399999999999 0.30160299999999995 0.103846 0.23493600000000003 0.10961500000000002 0.21442300000000003 0.12051299999999998 0.209295 0.13397400000000004 0.23493600000000003 0.142949 0.25929500000000005 0.146795 0.27980799999999995 0.147436 0.30544899999999997 0.147436 0.32339700000000005 0.15448700000000004 0.34262800000000004
0 0.12179499999999999 0.8875 0.13974399999999998 0.813141 0.10128199999999998 0.770833 0.05640999999999996 0.783654 0.04679500000000003 0.7798080000000001 0.04487200000000002 0.7208330000000001 0.04423100000000002 0.702885 0.02435900000000002 0.68109 0.0032050000000000134 0.6875 0.0032050000000000134 0.829808 0.021154000000000006 0.825962 0.039744 0.841346 0.04871800000000004 0.888782 0.08333299999999999 0.868269 0.09743599999999997 0.886218
0 0.553205 0.827244 0.5711539999999999 0.769551 0.573718 0.7413460000000001 0.560897 0.715705 0.5333330000000001 0.706731 0.523718 0.715705 0.514744 0.777244 0.512821 0.811859 0.526923 0.819551 0.54359 0.825962