0 0.008333000000000035 0.919551 0.017948999999999993 0.878526 0.047436000000000034 0.797756 0.08140999999999998 0.7823720000000001 0.12051299999999998 0.666987 0.08076899999999998 0.6298079999999999 0.07115400000000005 0.622115 0.04487200000000002 0.599038 0.026282000000000028 0.5144230000000001 0.0025640000000000107 0.44647400000000004 0.003846000000000016 0.9028849999999999
0 0.19935899999999995 0.655449 0.22243599999999997 0.625962 0.24102599999999996 0.596474 0.24615399999999998 0.5695509999999999 0.23782099999999995 0.502885 0.23846199999999995 0.477244 0.22499999999999998 0.441346 0.209615 0.44519200000000003 0.208974 0.504167 0.20128199999999996 0.54391 0.18974400000000002 0.563141 0.18525599999999998 0.561859 0.166667 0.6144229999999999 0.16794900000000001 0.64391 0.17115400000000003 0.659295
0 0.38397400000000004 0.542628 0.391667 0.49519199999999997 0.376282 0.44775600000000004 0.373718 0.40544899999999995 0.36794899999999997 0.377244 0.31730800000000003 0.39391 0.309615 0.38749999999999996 0.294872 0.44903800000000005 0.28333299999999995 0.505449 0.337179 0.516987 0.36730799999999997 0.5708329999999999
0 0.398077 0.30544899999999997 0.438462 0.269551 0.494872 0.170833 0.5083329999999999 0.12211499999999997 0.533974 0.05801299999999998 0.496795 0.014422999999999964 0.46987199999999996 0.014422999999999964 0.42307700000000004 0.08750000000000002 0.388462 0.13749999999999996 0.360897 0.17852599999999996 0.359615 0.23365400000000003 0.357692 0.28493599999999997 0.36410299999999995 0.31955100000000003 0.38782099999999997 0.311859
0 0.30769199999999997 0.36955099999999996 0.310897 0.328526 0.29359 0.268269 0.273718 0.188782 0.23589700000000002 0.22467899999999996 0.145513 0.24519199999999997 0.14102599999999998 0.21185900000000002 0.142949 0.13493599999999994 0.17371800000000004 0.08109 0.11474399999999996 0.01826899999999998 0.09102600000000005 0.07339700000000005 0.06602600000000003 0.147756 0.05640999999999996 0.17980799999999997 0.057691999999999966 0.228526 0.085256 0.27596200000000004 0.11217900000000003 0.373397 0.11602599999999996 0.44519200000000003 0.17115400000000003 0.416987 0.20256399999999997 0.396474 0.249359 0.40160300000000004 0.29743600000000003 0.38878199999999996
0 0.04230800000000001 0.19391000000000003 0.04935900000000004 0.11570499999999995 0.07499999999999996 0.046474000000000015 0.08269199999999999 0.010576999999999948 0.01474399999999998 0.0028850000000000264 0.01474399999999998 0.03878199999999998 0.030769000000000046 0.07852599999999998 0.02435900000000002 0.11826899999999996 0.018589999999999995 0.15416700000000005 0.015384999999999982 0.1875 0.021154000000000006 0.19391000000000003
0 0.991026 0.691346 0.987179 0.668269 0.969872 0.709295 0.969231 0.7233970000000001 0.934615 0.73109 0.903846 0.734936 0.874359 0.765705 0.859615 0.7246790000000001 0.846795 0.666987 0.855769 0.6131409999999999 0.886538 0.6131409999999999 0.919872 0.5900639999999999 0.966026 0.49006400000000006 0.996795 0.44775600000000004 0.997436 0.673397
0 0.850641 0.338782 0.878846 0.30416699999999997 0.89359 0.27724400000000005 0.898718 0.205449 0.885256 0.169551 0.875 0.14006399999999997 0.836538 0.07211500000000004 0.771795 0.043910000000000005 0.787821 0.12724400000000002 0.7858970000000001 0.15032100000000004 0.772436 0.14390999999999998 0.762821 0.13237200000000005 0.739744 0.17467900000000003 0.753205 0.23237200000000002 0.789744 0.272115 0.853205 0.30160299999999995
0 0.910256 0.933654 0.873077 0.8451919999999999 0.835256 0.7875 0.834615 0.729808 0.8243590000000001 0.663141 0.810256 0.668269 0.787179 0.713141 0.761538 0.799038 0.744231 0.834936 0.733333 0.906731 0.751282 0.933654 0.813462 0.919551 0.836538 0.950321 0.851923 0.964423 0.89359 0.959295
0 0.705769 0.522115 0.7416670000000001 0.501603 0.733974 0.44775600000000004 0.728846 0.42724399999999996 0.7211540000000001 0.413141 0.685897 0.441346 0.688462 0.527244
0 0.625 0.34391000000000005 0.628205 0.32467900000000005 0.6153850000000001 0.29391 0.610897 0.27852600000000005 0.578846 0.270833 0.582692 0.295192 0.601282 0.332372 0.6128210000000001 0.338782