0 0.541667 0.913141 0.564744 0.905449 0.5891029999999999 0.89391 0.587179 0.868269 0.582692 0.829808 0.575 0.791346 0.572436 0.7618590000000001 0.570513 0.675962 0.570513 0.619551 0.5698719999999999 0.58109 0.583974 0.5541670000000001 0.60641 0.5118590000000001 0.5948720000000001 0.478526 0.584615 0.455449 0.553205 0.415705 0.525 0.38878199999999996 0.494231 0.38493599999999994 0.478205 0.452885 0.473718 0.5118590000000001 0.47243599999999997 0.568269 0.46858999999999995 0.627244 0.49038499999999996 0.6375 0.525 0.6285259999999999 0.538462 0.6375 0.538462 0.706731 0.539744 0.770833 0.5346150000000001 0.7798080000000001 0.525 0.768269 0.496154 0.728526 0.476282 0.73109 0.46923099999999995 0.819551 0.46858999999999995 0.854167 0.495513 0.851603 0.512821 0.8426279999999999 0.5326919999999999 0.858013 0.51859 0.8836539999999999 0.521795 0.9041669999999999
0 0.5 0.978526 0.479487 0.959295 0.480769 0.910577 0.483333 0.897756 0.460256 0.874679 0.460256 0.846474 0.458974 0.8233969999999999 0.45320499999999997 0.804167 0.42756400000000006 0.756731 0.400641 0.750321 0.36602599999999996 0.7631410000000001 0.355128 0.8016030000000001 0.376923 0.854167 0.371795 0.906731 0.392308 0.955449 0.40833299999999995 0.936218 0.420513 0.93109 0.42179500000000003 0.958013 0.40641000000000005 0.99391 0.496154 0.997756
0 0.369872 0.995192 0.38205100000000003 0.9708330000000001 0.388462 0.959295 0.375641 0.936218 0.357692 0.936218 0.34551299999999996 0.919551 0.32884599999999997 0.899038 0.30576899999999996 0.8875 0.267308 0.870833 0.24294899999999997 0.869551 0.230128 0.8836539999999999 0.22628199999999998 0.918269 0.22628199999999998 0.964423 0.23782099999999995 0.982372 0.25961500000000004 0.995192
0 0.25961500000000004 0.738782 0.254487 0.688782 0.255769 0.6528849999999999 0.26282099999999997 0.627244 0.24102599999999996 0.618269 0.230769 0.579808 0.212179 0.559295 0.19423100000000004 0.5554490000000001 0.17307700000000004 0.568269 0.15192300000000003 0.619551 0.15769200000000005 0.665705 0.17564100000000005 0.709295 0.18782100000000002 0.68109 0.19679500000000005 0.691346 0.208333 0.725962 0.22115399999999996 0.768269 0.233333 0.778526 0.23397400000000002 0.764423 0.248077 0.756731
0 0.08782100000000004 0.649038 0.104487 0.6323719999999999 0.12051299999999998 0.616987 0.10128199999999998 0.5746789999999999 0.07756399999999997 0.5900639999999999 0.06923100000000004 0.625962 0.05897399999999997 0.636218 0.05128200000000005 0.655449 0.062178999999999984 0.666987 0.07692299999999996 0.656731
0 0.36282099999999995 0.47083299999999995 0.38141 0.440064 0.40512800000000004 0.420833 0.41217899999999996 0.42980799999999997 0.43076899999999996 0.39134599999999997 0.43269199999999997 0.36570499999999995 0.44871799999999995 0.28493599999999997 0.45128199999999996 0.266987 0.437821 0.19647400000000004 0.43269199999999997 0.17211500000000002 0.412821 0.11698699999999995 0.392308 0.07339700000000005 0.375641 0.029807999999999946 0.374359 0.008013000000000048 0.30192300000000005 0.008013000000000048 0.294231 0.063141 0.294872 0.10416700000000001 0.311538 0.12083299999999997 0.335256 0.11057700000000004 0.352564 0.12211499999999997 0.36794899999999997 0.15416700000000005 0.373718 0.19262800000000002 0.371795 0.23493600000000003 0.35 0.27852600000000005 0.310897 0.32083300000000003 0.30192300000000005 0.38109000000000004 0.30833299999999997 0.420833 0.32564099999999996 0.436218 0.34679499999999996 0.432372
0 0.751282 0.995192 0.758333 0.954167 0.76859 0.877244 0.783974 0.850321 0.795513 0.811859 0.812179 0.750321 0.817308 0.700321 0.819231 0.672115 0.846795 0.683654 0.866026 0.68109 0.864744 0.602885 0.858333 0.527244 0.855128 0.49647399999999997 0.833974 0.46955100000000005 0.8019229999999999 0.46442300000000003 0.774359 0.520833 0.75641 0.5695509999999999 0.752564 0.6336539999999999 0.758974 0.702885 0.757051 0.749038 0.745513 0.7413460000000001 0.742308 0.755449 0.7403850000000001 0.791346 0.732051 0.804167 0.712179 0.8233969999999999 0.685256 0.841346 0.654487 0.868269 0.646154 0.919551 0.645513 0.965705 0.651282 0.992628
0 0.942308 0.992628 0.939744 0.955449 0.922436 0.905449 0.905769 0.896474 0.8871789999999999 0.896474 0.889744 0.829808 0.867949 0.811859 0.85 0.820833 0.822436 0.838782 0.814103 0.846474 0.810256 0.927244 0.835897 0.922115 0.849359 0.955449 0.858974 0.995192
0 0.998718 0.905449 0.969231 0.916987 0.951923 0.909295 0.928205 0.888782 0.905769 0.8618589999999999 0.897436 0.79391 0.887821 0.747756 0.883974 0.713141 0.874359 0.634936 0.887821 0.5926279999999999 0.903205 0.545192 0.917308 0.525962 0.93141 0.5157050000000001 0.957051 0.499038 0.987179 0.48750000000000004 0.998077 0.49006400000000006 0.996795 0.605449 0.985897 0.565705 0.978846 0.566987 0.974359 0.599038 0.975641 0.6375 0.983974 0.649038 0.997436 0.64391 0.997436 0.692628 0.989103 0.695192 0.977564 0.7246790000000001 0.982692 0.766987 0.996795 0.810577 0.998718 0.8246789999999999
0 0.997436 0.34519200000000005 0.971154 0.350321 0.957692 0.35929500000000003 0.955128 0.351603 0.953205 0.29391 0.95 0.26185899999999995 0.944231 0.25801300000000005 0.941026 0.28493599999999997 0.923077 0.24647399999999997 0.935256 0.22083299999999995 0.939103 0.19262800000000002 0.942308 0.17980799999999997 0.964103 0.14262799999999998 0.976282 0.13749999999999996 0.999359 0.13878199999999996
0 0.997436 0.07211500000000004 0.992308 0.046474000000000015 0.978205 0.049038000000000026 0.965385 0.06826900000000002 0.971154 0.010576999999999948 0.997436 0.004167000000000032
0 0.933333 0.09006400000000003 0.947436 0.051602999999999954 0.953846 0.0067310000000000425 0.885897 0.001603000000000021 0.885256 0.023397 0.901282 0.06057699999999999 0.903846 0.08878200000000003
0 0.923077 0.33109 0.928205 0.291346 0.9083330000000001 0.28108999999999995 0.876282 0.24775599999999998 0.853846 0.251603 0.832692 0.26570499999999997 0.821795 0.268269 0.808333 0.25929500000000005 0.810256 0.23750000000000004 0.796795 0.20160299999999998 0.786538 0.19647400000000004 0.759615 0.20288499999999998 0.746795 0.23237200000000002 0.752564 0.272115 0.774359 0.27980799999999995 0.7814099999999999 0.299038 0.788462 0.311859 0.776923 0.355449 0.776923 0.37083299999999997 0.8006409999999999 0.356731 0.809615 0.338782 0.817949 0.34519200000000005 0.830769 0.35929500000000003 0.855128 0.39391 0.863462 0.38749999999999996 0.875 0.36955099999999996 0.914744 0.34775599999999995
0 0.709615 0.460577 0.709615 0.416987 0.732051 0.39391 0.728205 0.34134600000000004 0.7153849999999999 0.308013 0.697436 0.27980799999999995 0.683333 0.274679 0.6621790000000001 0.28237199999999996 0.653205 0.313141 0.650641 0.350321 0.667949 0.36057700000000004 0.689103 0.36955099999999996 0.689103 0.39391 0.6826920000000001 0.432372 0.663462 0.423397 0.653205 0.39391 0.633974 0.39391 0.614744 0.419551 0.6128210000000001 0.451603 0.619231 0.478526 0.642949 0.48750000000000004 0.666026 0.48621800000000004 0.6935899999999999 0.48365400000000003
0 0.732692 0.15416700000000005 0.7416670000000001 0.12852600000000003 0.746795 0.10544900000000001 0.746795 0.061859 0.746154 0.042628 0.750641 0.02852600000000005 0.757692 0.005449000000000037 0.717949 0.014422999999999964 0.704487 0.05929499999999999 0.6948719999999999 0.09647399999999995 0.7019230000000001 0.14134599999999997 0.710256 0.15673099999999995
0 0.6128210000000001 0.228526 0.624359 0.17852599999999996 0.630769 0.16314099999999998 0.647436 0.166987 0.6538459999999999 0.12724400000000002 0.651282 0.09647399999999995 0.647436 0.07980799999999999 0.641667 0.06698700000000002 0.641026 0.05032099999999995 0.646795 0.032371999999999956 0.658974 0.005449000000000037 0.5903849999999999 0.005449000000000037 0.576282 0.04006399999999999 0.582051 0.07211500000000004 0.583333 0.11570499999999995 0.5769230000000001 0.13237200000000005 0.560897 0.100321 0.5564100000000001 0.05929499999999999 0.542308 0.063141 0.516667 0.12467899999999998 0.5371790000000001 0.19391000000000003 0.5891029999999999 0.23878200000000005
0 0.457692 0.06826900000000002 0.475641 0.043910000000000005 0.483333 0.019550999999999985 0.483333 0.005449000000000037 0.415385 0.0067310000000000425 0.41025599999999995 0.03749999999999998 0.417949 0.063141 0.437821 0.07083300000000003
0 0.21794899999999995 0.23493600000000003 0.212179 0.184936 0.20640999999999998 0.16442299999999999 0.18974400000000002 0.13878199999999996 0.16987200000000002 0.12724400000000002 0.15512800000000004 0.17852599999999996 0.15384600000000004 0.23237200000000002 0.18076899999999996 0.21057700000000001 0.20128199999999996 0.227244
0 0.012179000000000051 0.451603 0.026282000000000028 0.413141 0.039103 0.40801299999999996 0.03717899999999996 0.38621799999999995 0.03717899999999996 0.356731 0.019230999999999998 0.328526 0.02179500000000001 0.310577 0.012179000000000051 0.291346 0.0032050000000000134 0.273397 0.001923000000000008 0.458013
0 0.03589699999999996 0.24006400000000006 0.057691999999999966 0.21185900000000002 0.06089699999999998 0.18108999999999997 0.060255999999999976 0.165705 0.05705099999999996 0.12980800000000003 0.05384599999999995 0.11057700000000004 0.050000000000000044 0.09006400000000003 0.042949000000000015 0.07467900000000005 0.02435900000000002 0.063141 0.02243600000000001 0.08750000000000002 0.010256000000000043 0.12980800000000003 0.0025640000000000107 0.13109000000000004 0.0012820000000000054 0.186218 0.01474399999999998 0.17596199999999995 0.021154000000000006 0.1875 0.02884600000000004 0.225962
0 0.07564099999999996 0.358013 0.09615399999999996 0.350321 0.10320499999999999 0.36057700000000004 0.07179500000000005 0.333654 0.06346200000000002 0.318269 0.05192300000000005 0.34262800000000004 0.06602600000000003 0.358013
0 0.20705099999999999 0.5144230000000001 0.20192299999999996 0.46698700000000004 0.19294900000000004 0.44391 0.17948699999999995 0.4375 0.17564100000000005 0.440064 0.18653799999999998 0.46698700000000004 0.19807699999999995 0.482372 0.19807699999999995 0.5336540000000001 0.19935899999999995 0.542628 0.208333 0.540064