0 0.930769 0.901603 0.932692 0.828526 0.941026 0.819551 0.969872 0.783654 0.919231 0.7451920000000001 0.892949 0.7246790000000001 0.8403849999999999 0.768269 0.811538 0.784936 0.7814099999999999 0.834936 0.766667 0.868269 0.765385 0.878526 0.791667 0.9028849999999999 0.835897 0.928526 0.844231 0.928526 0.871154 0.88109 0.908974 0.896474 0.927564 0.923397
0 0.752564 0.754167 0.76859 0.699038 0.776282 0.659295 0.753846 0.647756 0.725641 0.623397 0.707051 0.606731 0.719231 0.566987 0.7198720000000001 0.508013 0.685256 0.396474 0.620513 0.395192 0.58141 0.454167 0.5673079999999999 0.48109 0.562821 0.527244 0.599359 0.58109 0.628205 0.661859 0.6320509999999999 0.700321 0.628846 0.775962 0.644872 0.811859 0.6788460000000001 0.778526 0.726282 0.774679 0.74359 0.774679
0 0.817949 0.5310900000000001 0.851923 0.499038 0.930769 0.459295 0.942949 0.4375 0.914744 0.36955099999999996 0.910256 0.327244 0.876282 0.297756 0.803205 0.268269 0.75641 0.22083299999999995 0.714744 0.20032099999999997 0.672436 0.26570499999999997 0.687821 0.3375 0.732692 0.36698699999999995 0.774359 0.37852600000000003 0.7801279999999999 0.415705 0.787821 0.505449 0.785256 0.558013 0.809615 0.540064
0 0.5769230000000001 0.352885 0.608333 0.314423 0.629487 0.288782 0.6346149999999999 0.250321 0.608333 0.209295 0.582051 0.19262800000000002 0.564103 0.14134599999999997 0.55 0.09775599999999995 0.560256 0.009295000000000053 0.42371800000000004 0.009295000000000053 0.416026 0.11057700000000004 0.41025599999999995 0.15160300000000004 0.391026 0.20160299999999998 0.373077 0.25416700000000003 0.40384600000000004 0.40416700000000005 0.46923099999999995 0.37083299999999997 0.497436 0.441346 0.566667 0.438782 0.513462 0.34134600000000004 0.480128 0.26057699999999995 0.455128 0.19903800000000005 0.478205 0.09006400000000003 0.50641 0.12467899999999998 0.516667 0.24647399999999997 0.5551280000000001 0.318269 0.5698719999999999 0.34519200000000005
0 0.24038499999999996 0.673397 0.294231 0.560577 0.30640999999999996 0.536218 0.336538 0.5118590000000001 0.34102600000000005 0.49647399999999997 0.288462 0.38237200000000005 0.233333 0.39391 0.20064099999999996 0.423397 0.15320500000000004 0.458013 0.126923 0.506731 0.142308 0.5695509999999999 0.13717900000000005 0.615705 0.165385 0.5900639999999999 0.19038500000000003 0.645192 0.21410300000000004 0.670833 0.230769 0.6541669999999999
0 0.28205100000000005 0.825962 0.312821 0.805449 0.310897 0.783654 0.267949 0.750321 0.21282100000000004 0.827244 0.233333 0.841346 0.275641 0.819551
0 0.369872 0.190064 0.38269200000000003 0.14134599999999997 0.394231 0.09391000000000005 0.412821 0.008013000000000048 0.276282 0.008013000000000048 0.30256400000000006 0.07980799999999999 0.32051300000000005 0.204167
0 0.5730770000000001 0.860577 0.532051 0.799038 0.50641 0.808013 0.48782099999999995 0.710577 0.48974399999999996 0.5926279999999999 0.461538 0.596474 0.43140999999999996 0.668269 0.398718 0.706731 0.373718 0.734936 0.36859 0.8451919999999999 0.457051 0.859295 0.523077 0.875962 0.5371790000000001 0.89391
0 0.359615 0.990064 0.333333 0.918269 0.32115400000000005 0.892628 0.28717899999999996 0.878526 0.27820500000000004 0.955449 0.287821 0.992628
0 0.13076900000000002 0.46826900000000005 0.14359 0.39134599999999997 0.14359 0.36314100000000005 0.12948700000000002 0.266987 0.11538499999999996 0.24519199999999997 0.11025600000000002 0.17339700000000002 0.06730800000000003 0.16185899999999998 0.039744 0.204167 0.060255999999999976 0.26314099999999996 0.07371799999999995 0.32211500000000004 0.10705100000000001 0.38237200000000005 0.09615399999999996 0.416987 0.10192299999999999 0.49390999999999996 0.11666699999999997 0.49262799999999995
0 0.21730799999999995 0.15416700000000005 0.24230799999999997 0.10801300000000003 0.250641 0.082372 0.250641 0.05544899999999997 0.24551299999999998 0.008013000000000048 0.18717899999999998 0.010576999999999948 0.18461499999999997 0.07724399999999998 0.19615400000000005 0.12852600000000003
0 0.12115399999999998 0.05288499999999996 0.146795 0.004167000000000032 0.06859000000000004 0.0067310000000000425 0.09423099999999995 0.05544899999999997
0 0.08910300000000004 0.98109 0.10641 0.946474 0.10064099999999998 0.910577 0.07820499999999997 0.895192 0.06730800000000003 0.870833 0.055127999999999955 0.882372 0.062178999999999984 0.954167 0.06859000000000004 0.9875