0 0.228205 0.536218 0.24230799999999997 0.5131410000000001 0.24551299999999998 0.452885 0.24551299999999998 0.42596199999999995 0.24615399999999998 0.413141 0.248718 0.38878199999999996 0.251282 0.36698699999999995 0.26089700000000005 0.34647399999999995 0.266667 0.318269 0.265385 0.274679 0.25705100000000003 0.26442299999999996 0.230128 0.26057699999999995 0.20448699999999997 0.27596200000000004 0.16987200000000002 0.30544899999999997 0.09487199999999996 0.308013 0.08782100000000004 0.350321 0.08012799999999998 0.416987 0.09230799999999995 0.434936 0.12307699999999999 0.432372 0.13910299999999998 0.47083299999999995 0.15000000000000002 0.5105770000000001 0.19679500000000005 0.520833 0.21730799999999995 0.5323720000000001
0 0.265385 0.838782 0.288462 0.822115 0.30512799999999995 0.786218 0.30448699999999995 0.740064 0.30448699999999995 0.713141 0.30192300000000005 0.686218 0.292949 0.668269 0.289744 0.6528849999999999 0.269231 0.634936 0.25641 0.655449 0.25705100000000003 0.702885 0.253205 0.7413460000000001 0.22692299999999999 0.770833 0.22051299999999996 0.795192 0.20705099999999999 0.820833 0.20705099999999999 0.847756 0.21794899999999995 0.856731 0.250641 0.846474
0 0.42179500000000003 0.961859 0.41153799999999996 0.922115 0.40961499999999995 0.874679 0.412821 0.83109 0.399359 0.796474 0.397436 0.755449 0.39359 0.734936 0.39359 0.713141 0.389103 0.668269 0.391026 0.6375 0.401282 0.6144229999999999 0.41089699999999996 0.599038 0.400641 0.556731 0.38589700000000005 0.508013 0.373718 0.502885 0.351282 0.5105770000000001 0.33910300000000004 0.561859 0.335256 0.6144229999999999 0.32307699999999995 0.664423 0.31730800000000003 0.6875 0.32628199999999996 0.750321 0.337179 0.777244 0.32499999999999996 0.859295 0.330128 0.932372 0.332692 0.991346 0.38589700000000005 0.98109 0.40769200000000005 0.982372
0 0.877564 0.766987 0.880769 0.73109 0.901923 0.728526 0.9096150000000001 0.725962 0.9076919999999999 0.686218 0.888462 0.672115 0.8628210000000001 0.663141 0.848077 0.627244 0.814744 0.6528849999999999 0.8 0.649038 0.778205 0.664423 0.771154 0.697756 0.771154 0.7439100000000001 0.788462 0.769551 0.796154 0.777244 0.810897 0.750321 0.828205 0.758013 0.833333 0.774679 0.846154 0.7823720000000001 0.867949 0.7631410000000001
0 0.794872 0.966987 0.797436 0.934936 0.810897 0.890064 0.814103 0.882372 0.79359 0.846474 0.783974 0.822115 0.769872 0.815705 0.749359 0.850321 0.733974 0.869551 0.719231 0.878526 0.709615 0.866987 0.705128 0.860577 0.705128 0.816987 0.695513 0.775962 0.688462 0.770833 0.669872 0.773397 0.644872 0.808013 0.6333329999999999 0.890064 0.66859 0.936218 0.676282 0.9875 0.696795 0.99391 0.782051 0.99391
0 0.12948700000000002 0.982372 0.126282 0.966987 0.09935899999999998 0.906731 0.103846 0.884936 0.10961500000000002 0.866987 0.12115399999999998 0.874679 0.128205 0.884936 0.126923 0.855449 0.128205 0.828526 0.13589700000000005 0.796474 0.141667 0.765705 0.13717900000000005 0.7208330000000001 0.124359 0.673397 0.11987199999999998 0.6541669999999999 0.104487 0.6105769999999999 0.09615399999999996 0.600321 0.07628199999999996 0.616987 0.07179500000000005 0.642628 0.087179 0.701603 0.087179 0.7233970000000001 0.06987200000000005 0.774679 0.05064100000000005 0.7605770000000001 0.02948700000000004 0.7439100000000001 0.01474399999999998 0.749038 0.020513000000000003 0.804167 0.017948999999999993 0.854167 0.0032050000000000134 0.847756 0.0032050000000000134 0.991346 0.11602599999999996 0.991346
0 0.7429490000000001 0.7810900000000001 0.741026 0.755449 0.751282 0.734936 0.733974 0.696474 0.714744 0.636218 0.707051 0.625962 0.719231 0.575962 0.742308 0.549038 0.761538 0.5131410000000001 0.769872 0.497756 0.747436 0.454167 0.7429490000000001 0.45032099999999997 0.723077 0.48493600000000003 0.704487 0.540064 0.671154 0.561859 0.667308 0.5939099999999999 0.673718 0.638782 0.6756409999999999 0.673397 0.6743589999999999 0.7246790000000001 0.6948719999999999 0.750321 0.709615 0.770833 0.733333 0.769551
0 0.936538 0.615705 0.919231 0.606731 0.884615 0.58109 0.864744 0.541346 0.870513 0.516987 0.894872 0.49134599999999995 0.930128 0.44903800000000005 0.939744 0.433654 0.949359 0.42467900000000003 0.958333 0.414423 0.975 0.42467900000000003 0.978846 0.482372 0.989103 0.49647399999999997 0.998077 0.504167 0.996154 0.6144229999999999 0.963462 0.618269
0 0.941026 0.18365399999999998 0.932692 0.14390999999999998 0.927564 0.12083299999999997 0.924359 0.061859 0.919231 0.04519200000000001 0.910256 0.011858999999999953 0.846795 0.010576999999999948 0.8198719999999999 0.09391000000000005 0.815385 0.12339699999999998 0.8391029999999999 0.15544899999999995 0.8628210000000001 0.18365399999999998 0.884615 0.21185900000000002 0.897436 0.21185900000000002 0.913462 0.209295
0 0.629487 0.44647400000000004 0.5935900000000001 0.46698700000000004 0.585897 0.399038 0.5961540000000001 0.34262800000000004 0.619231 0.30032099999999995 0.610897 0.270833 0.5974360000000001 0.24262799999999995 0.5903849999999999 0.228526 0.614744 0.18237199999999998 0.6358969999999999 0.17852599999999996 0.672436 0.19391000000000003 0.689744 0.22339699999999996 0.688462 0.273397 0.679487 0.33109 0.685897 0.36698699999999995 0.6576919999999999 0.440064 0.6371789999999999 0.433654
0 0.577564 0.932372 0.585256 0.868269 0.591026 0.825962 0.5935900000000001 0.816987 0.570513 0.809295 0.5480769999999999 0.827244 0.524359 0.901603 0.522436 0.940064 0.5589740000000001 0.945192 0.569231 0.933654
0 0.896795 0.958013 0.910256 0.950321 0.9288460000000001 0.928526 0.925 0.89391 0.91859 0.88109 0.907051 0.874679 0.898077 0.874679 0.872436 0.869551 0.857051 0.896474 0.869231 0.958013 0.879487 0.960577
0 0.18525599999999998 0.083654 0.21538500000000005 0.05801299999999998 0.23525600000000002 0.01826899999999998 0.15897399999999995 0.009295000000000053 0.14038499999999998 0.04006399999999999 0.15576900000000005 0.07467900000000005 0.15897399999999995 0.07467900000000005
0 0.496154 0.988782 0.49294899999999997 0.966987 0.480769 0.956731 0.459615 0.952885 0.44807699999999995 0.950321 0.42500000000000004 0.995192 0.485256 0.991346
0 0.03205100000000005 0.22339699999999996 0.032692000000000054 0.166987 0.039103 0.13109000000000004 0.05064100000000005 0.101603 0.05448699999999995 0.07083300000000003 0.05640999999999996 0.042628 0.055127999999999955 0.010576999999999948 0.003846000000000016 0.010576999999999948 0.010256000000000043 0.22083299999999995
0 0.510256 0.663141 0.5275639999999999 0.646474 0.521154 0.600321 0.51859 0.58109 0.512821 0.560577 0.495513 0.577244 0.476282 0.608013 0.476282 0.640064 0.501923 0.6528849999999999