0 0.22371799999999997 0.982372 0.230769 0.934936 0.24551299999999998 0.925962 0.265385 0.93109 0.273077 0.909295 0.271154 0.8631409999999999 0.269872 0.846474 0.271154 0.83109 0.267308 0.827244 0.230128 0.829808 0.19679500000000005 0.829808 0.166667 0.8375 0.15448700000000004 0.877244 0.15576900000000005 0.916987 0.14359 0.964423 0.139583 1.0 0.22051299999999996 0.997756
0 0.43140999999999996 0.996474 0.440385 0.969551 0.439744 0.934936 0.43140999999999996 0.919551 0.40256400000000003 0.900321 0.4 0.872115 0.379487 0.892628 0.36474399999999996 0.908013 0.32692299999999996 0.901603 0.32115400000000005 0.872115 0.31666700000000003 0.827244 0.315385 0.783654 0.34807699999999997 0.778526 0.369231 0.7798080000000001 0.38333300000000003 0.778526 0.397436 0.778526 0.414744 0.7798080000000001 0.438462 0.7875 0.45320499999999997 0.7798080000000001 0.46346200000000004 0.7798080000000001 0.473718 0.795192 0.48141 0.822115 0.48910299999999995 0.832372 0.522436 0.856731 0.529487 0.859295 0.546154 0.846474 0.5711539999999999 0.811859 0.5916669999999999 0.818269 0.596795 0.833654 0.6 0.856731 0.598077 0.874679 0.5878209999999999 0.878526 0.582692 0.9041669999999999 0.585256 0.942628 0.584615 0.9875 0.567949 0.9875 0.544872 0.996474
0 0.07371799999999995 0.816987 0.06474400000000002 0.8233969999999999 0.057691999999999966 0.8631409999999999 0.05064100000000005 0.8644229999999999 0.04230800000000001 0.852885 0.02179500000000001 0.851603 0.002082999999999946 0.8416669999999999 0.002082999999999946 0.804167 0.0070510000000000295 0.766987 0.0032050000000000134 0.58109 0.02884600000000004 0.579808 0.04230800000000001 0.6118589999999999 0.04487200000000002 0.6310899999999999 0.062178999999999984 0.6516029999999999 0.07499999999999996 0.682372 0.07628199999999996 0.727244 0.06346200000000002 0.756731 0.06602600000000003 0.791346
0 0.23589700000000002 0.754167 0.248077 0.732372 0.246795 0.702885 0.23974399999999996 0.665705 0.23141 0.6336539999999999 0.21987199999999996 0.604167 0.208974 0.5939099999999999 0.18974400000000002 0.5375 0.166026 0.509295 0.14935900000000002 0.5118590000000001 0.13461500000000004 0.540064 0.10064099999999998 0.5695509999999999 0.09294899999999995 0.6131409999999999 0.10897400000000002 0.624679 0.12179499999999999 0.6092949999999999 0.15576900000000005 0.58109 0.18589699999999998 0.582372 0.19999999999999996 0.6375 0.18397399999999997 0.668269 0.18012799999999995 0.6875 0.21410300000000004 0.734936 0.22179499999999996 0.7618590000000001
0 0.312821 0.5900639999999999 0.33974400000000005 0.5733969999999999 0.34358999999999995 0.528526 0.312821 0.516987 0.31923100000000004 0.49134599999999995 0.34358999999999995 0.48109 0.34166700000000005 0.40801299999999996 0.32564099999999996 0.350321 0.32243599999999994 0.334936 0.310256 0.314423 0.290385 0.34134600000000004 0.28141000000000005 0.36955099999999996 0.267308 0.414423 0.250641 0.44391 0.26217900000000005 0.48493600000000003 0.27820500000000004 0.508013 0.28397399999999995 0.525962 0.27756400000000003 0.5913459999999999 0.27948700000000004 0.605449 0.292949 0.596474
0 0.522436 0.584936 0.522436 0.536218 0.5121789999999999 0.500321 0.480128 0.46570500000000004 0.47243599999999997 0.46698700000000004 0.458974 0.48878200000000005 0.45320499999999997 0.5118590000000001 0.485256 0.563141 0.48846199999999995 0.563141 0.507692 0.5733969999999999
0 0.47115399999999996 0.433654 0.49166699999999997 0.42852599999999996 0.505769 0.42596199999999995 0.508974 0.38237200000000005 0.5083329999999999 0.354167 0.5083329999999999 0.309295 0.5 0.25544900000000004 0.478846 0.21057700000000001 0.47179499999999996 0.20160299999999998 0.45320499999999997 0.19391000000000003 0.434615 0.23109000000000002 0.42884599999999995 0.27980799999999995 0.414103 0.329808 0.413462 0.39391 0.40705100000000005 0.416987 0.40705100000000005 0.438782 0.415385 0.44775600000000004 0.439744 0.451603 0.458974 0.44903800000000005
0 0.6583330000000001 0.5951919999999999 0.664744 0.5695509999999999 0.678205 0.566987 0.6814100000000001 0.519551 0.672436 0.478526 0.666667 0.441346 0.653205 0.434936 0.630128 0.438782 0.611538 0.434936 0.602564 0.44647400000000004 0.588462 0.48109 0.5756410000000001 0.482372 0.5660259999999999 0.49519199999999997 0.580769 0.541346 0.602564 0.568269 0.6128210000000001 0.586218 0.641667 0.599038
0 0.7801279999999999 0.519551 0.787821 0.46570500000000004 0.76859 0.422115 0.747436 0.40288500000000005 0.742308 0.434936 0.739744 0.47083299999999995 0.744872 0.49006400000000006 0.770513 0.5105770000000001
0 0.7211540000000001 0.36057700000000004 0.735256 0.33109 0.737179 0.30416699999999997 0.733333 0.269551 0.7391030000000001 0.23365400000000003 0.739744 0.22339699999999996 0.752564 0.208013 0.76859 0.190064 0.770513 0.16442299999999999 0.726282 0.149038 0.7198720000000001 0.15801299999999996 0.7032050000000001 0.14006399999999997 0.7166669999999999 0.06826900000000002 0.7198720000000001 0.05544899999999997 0.725 0.009295000000000053 0.621795 0.001603000000000021 0.644872 0.09903799999999996 0.6320509999999999 0.14390999999999998 0.6320509999999999 0.19519200000000003 0.662821 0.19519200000000003 0.667949 0.21826900000000005 0.695513 0.252885 0.689744 0.309295 0.671154 0.310577 0.6583330000000001 0.273397 0.642949 0.292628 0.650641 0.34775599999999995 0.676282 0.372115 0.707051 0.36057700000000004 0.7128209999999999 0.35929500000000003
0 0.15384600000000004 0.27724400000000005 0.20384599999999997 0.21826900000000005 0.207692 0.165705 0.208974 0.13493599999999994 0.20320499999999997 0.10673100000000002 0.164744 0.043910000000000005 0.11153800000000003 0.09647399999999995 0.09679499999999996 0.12211499999999997 0.07051300000000005 0.13493599999999994 0.08205099999999999 0.225962 0.08974400000000005 0.25801300000000005 0.10705100000000001 0.26442299999999996 0.144231 0.274679
0 0.794872 0.868269 0.819231 0.869551 0.837179 0.83109 0.833333 0.7823720000000001 0.822436 0.7375 0.8051280000000001 0.706731 0.796795 0.677244 0.786538 0.669551 0.758333 0.663141 0.74359 0.655449 0.73141 0.668269 0.7391030000000001 0.708013 0.734615 0.740064 0.732051 0.764423 0.751923 0.816987 0.761538 0.859295 0.775 0.874679
0 0.997436 0.765705 0.984615 0.7439100000000001 0.975641 0.73109 0.960897 0.727244 0.944872 0.719551 0.923077 0.700321 0.910256 0.683654 0.898718 0.663141 0.908974 0.6285259999999999 0.921795 0.6131409999999999 0.946795 0.5875 0.962821 0.566987 0.977564 0.549038 0.994872 0.5144230000000001
0 0.992949 0.42467900000000003 0.980128 0.419551 0.971795 0.436218 0.9673080000000001 0.46442300000000003 0.962821 0.48365400000000003 0.942308 0.47339699999999996 0.926282 0.48493600000000003 0.919231 0.49134599999999995 0.896154 0.49647399999999997 0.863462 0.44647400000000004 0.851282 0.441346 0.832051 0.416987 0.835256 0.38749999999999996 0.866026 0.377244 0.883974 0.37980800000000003 0.9076919999999999 0.4375 0.923718 0.42467900000000003 0.930128 0.38493599999999994 0.939744 0.355449 0.998077 0.306731
0 0.6769229999999999 0.978526 0.688462 0.925962 0.6948719999999999 0.911859 0.6948719999999999 0.882372 0.697436 0.866987 0.702564 0.832372 0.710897 0.836218 0.733333 0.852885 0.734615 0.813141 0.719231 0.8003210000000001 0.703846 0.804167 0.70641 0.774679 0.708333 0.700321 0.710256 0.68109 0.707051 0.672115 0.690385 0.672115 0.686538 0.699038 0.680769 0.791346 0.6756409999999999 0.833654 0.661538 0.882372 0.655769 0.905449 0.654487 0.958013 0.6621790000000001 0.978526
0 0.587179 0.373397 0.583333 0.297756 0.585897 0.28108999999999995 0.576282 0.24006400000000006 0.5698719999999999 0.21185900000000002 0.547436 0.21314100000000002 0.542308 0.24006400000000006 0.551282 0.30288499999999996 0.5519229999999999 0.34519200000000005 0.562179 0.36826899999999996 0.571795 0.39391
0 0.915385 0.963141 0.9269229999999999 0.918269 0.927564 0.891346 0.921154 0.868269 0.891667 0.896474 0.885256 0.906731 0.890385 0.942628 0.894872 0.965705