0 0.32692299999999996 0.966987 0.30256400000000006 0.941346 0.28717899999999996 0.9041669999999999 0.26282099999999997 0.855449 0.25897400000000004 0.851603 0.20576899999999998 0.900321 0.19615400000000005 0.860577 0.16025599999999995 0.841346 0.15000000000000002 0.868269 0.144231 0.924679 0.14359 0.996474 0.34807699999999997 0.991346
0 0.419231 0.792628 0.420513 0.710577 0.417308 0.64391 0.40192300000000003 0.619551 0.392308 0.5323720000000001 0.377564 0.5323720000000001 0.378846 0.5746789999999999 0.380769 0.618269 0.357051 0.669551 0.34230799999999995 0.783654 0.357051 0.732372 0.399359 0.733654 0.414744 0.7439100000000001
0 0.496795 0.7618590000000001 0.5346150000000001 0.700321 0.541667 0.6323719999999999 0.530769 0.600321 0.519231 0.5144230000000001 0.525641 0.451603 0.482051 0.39391 0.476282 0.39006399999999997 0.45256399999999997 0.416987 0.435256 0.49006400000000006 0.45192299999999996 0.54391 0.460256 0.618269 0.46666700000000005 0.659295 0.46602600000000005 0.711859 0.46538500000000005 0.732372 0.48782099999999995 0.750321
0 0.714744 0.773397 0.723077 0.719551 0.6993590000000001 0.661859 0.678205 0.6541669999999999 0.640385 0.678526 0.628846 0.701603 0.630128 0.7798080000000001 0.641667 0.859295 0.661538 0.834936 0.653205 0.7810900000000001 0.671154 0.759295 0.707692 0.770833
0 0.796795 0.49262799999999995 0.835256 0.432372 0.8628210000000001 0.36955099999999996 0.889744 0.315705 0.855769 0.27980799999999995 0.858333 0.17724399999999996 0.826282 0.17211500000000002 0.813462 0.22339699999999996 0.791026 0.272115 0.765385 0.356731 0.773718 0.40416700000000005 0.776923 0.502885
0 0.648077 0.44391 0.647436 0.36442300000000005 0.646154 0.290064 0.632692 0.24903799999999998 0.61859 0.22083299999999995 0.588462 0.21826900000000005 0.567949 0.23109000000000002 0.541026 0.28108999999999995 0.5275639999999999 0.3375 0.562179 0.432372 0.5782050000000001 0.452885 0.607692 0.44647400000000004 0.65 0.456731
0 0.32820499999999997 0.463141 0.352564 0.414423 0.358974 0.38365400000000005 0.351923 0.334936 0.332692 0.308013 0.30384599999999995 0.272115 0.295513 0.227244 0.292308 0.209295 0.27756400000000003 0.18365399999999998 0.24230799999999997 0.17852599999999996 0.21474400000000005 0.22083299999999995 0.22499999999999998 0.228526 0.248718 0.23109000000000002 0.25897400000000004 0.25801300000000005 0.276282 0.32339700000000005 0.26089700000000005 0.38749999999999996 0.28076900000000005 0.423397
0 0.07115400000000005 0.5951919999999999 0.10064099999999998 0.5157050000000001 0.10641 0.506731 0.11858999999999997 0.479808 0.12115399999999998 0.4375 0.11410299999999995 0.420833 0.105128 0.34391000000000005 0.09551299999999996 0.299038 0.09038500000000005 0.270833 0.07692299999999996 0.25929500000000005 0.038461999999999996 0.269551 0.023718000000000017 0.338782 0.0032050000000000134 0.377244 0.007692000000000032 0.47211499999999995 0.04423100000000002 0.48109 0.037820999999999994 0.516987 0.030769000000000046 0.540064 0.05064100000000005 0.582372
0 0.010897000000000046 0.20160299999999998 0.030769000000000046 0.15673099999999995 0.05320499999999995 0.17724399999999996 0.08076899999999998 0.10673100000000002 0.08910300000000004 0.08493600000000001 0.085897 0.04775600000000002 0.05576899999999996 0.046474000000000015 0.0025640000000000107 0.07083300000000003 0.0025640000000000107 0.18365399999999998
0 0.770513 0.01826899999999998 0.772436 0.07724399999999998 0.733974 0.101603 0.682051 0.10801300000000003 0.665385 0.056730999999999976 0.661538 0.0067310000000000425 0.764744 0.005449000000000037
0 0.995513 0.991346 0.884615 0.992628 0.878846 0.936218 0.885256 0.879808 0.896795 0.859295 0.903846 0.784936 0.894231 0.775962 0.925 0.774679 0.942949 0.7439100000000001 0.964744 0.7605770000000001 0.955769 0.819551 0.997436 0.770833
0 0.858333 0.955449 0.853205 0.855449 0.821795 0.8439099999999999 0.81859 0.783654 0.812179 0.759295 0.778846 0.765705 0.733333 0.786218 0.728205 0.8233969999999999 0.758974 0.866987 0.802564 0.859295 0.808333 0.878526 0.8038460000000001 0.927244 0.816026 0.955449 0.841026 0.955449
0 0.948718 0.697756 0.980769 0.673397 0.973718 0.6541669999999999 0.950641 0.6285259999999999 0.932692 0.608013 0.9096150000000001 0.5939099999999999 0.884615 0.588782 0.905769 0.634936 0.908974 0.686218 0.929487 0.709295
0 0.992949 0.597756 0.973077 0.5708329999999999 0.983333 0.5157050000000001 0.992308 0.48365400000000003 0.967949 0.44647400000000004 0.932051 0.40673099999999995 0.941667 0.33109 0.998718 0.315705 0.998077 0.577244
0 0.996154 0.13621799999999995 0.985256 0.11826899999999996 0.974359 0.14262799999999998 0.966026 0.17852599999999996 0.937821 0.17724399999999996 0.924359 0.17339700000000002 0.923718 0.13237200000000005 0.927564 0.09006400000000003 0.929487 0.024679000000000006 0.935897 0.0067310000000000425 0.998077 0.011858999999999953 0.998077 0.11698699999999995
0 0.7416670000000001 0.354167 0.746154 0.269551 0.749359 0.22211499999999995 0.7141029999999999 0.24519199999999997 0.667949 0.315705 0.667949 0.34262800000000004 0.698718 0.3375 0.7166669999999999 0.34006400000000003
0 0.594231 0.09519200000000005 0.642949 0.09903799999999996 0.628846 0.051602999999999954 0.608333 0.041345999999999994 0.5974360000000001 0.0067310000000000425 0.560897 0.03621799999999997 0.544231 0.07724399999999998 0.565385 0.12467899999999998 0.580128 0.11442300000000005
0 0.474359 0.20160299999999998 0.503205 0.170833 0.513462 0.15288500000000005 0.49102599999999996 0.12211499999999997 0.48782099999999995 0.11185900000000004 0.47243599999999997 0.11314100000000005 0.45641 0.16185899999999998 0.44935899999999995 0.17980799999999997 0.462179 0.19262800000000002
0 0.894231 0.032371999999999956 0.882051 0.08621800000000002 0.867949 0.083654 0.867308 0.15288500000000005 0.842949 0.13749999999999996 0.809615 0.14006399999999997 0.8230770000000001 0.102885 0.846795 0.05801299999999998 0.845513 0.005449000000000037 0.896154 0.008013000000000048
0 0.392308 0.10929500000000003 0.400641 0.04006399999999999 0.40833299999999995 0.004167000000000032 0.374359 0.008013000000000048 0.378846 0.07467900000000005