0 0.994231 0.5323720000000001 0.952564 0.565705 0.9288460000000001 0.5939099999999999 0.89359 0.6298079999999999 0.864744 0.6323719999999999 0.846154 0.6516029999999999 0.829487 0.69391 0.829487 0.715705 0.808974 0.719551 0.732692 0.691346 0.7128209999999999 0.670833 0.624359 0.6336539999999999 0.595513 0.558013 0.5903849999999999 0.5157050000000001 0.598077 0.44775600000000004 0.5948720000000001 0.415705 0.6 0.36442300000000005 0.610897 0.354167 0.622436 0.40416700000000005 0.641667 0.411859 0.6576919999999999 0.350321 0.6935899999999999 0.288782 0.7198720000000001 0.316987 0.7128209999999999 0.38621799999999995 0.713462 0.42852599999999996 0.726282 0.478526 0.748077 0.5721149999999999 0.75641 0.58109 0.805769 0.5913459999999999 0.8051280000000001 0.546474 0.805769 0.454167 0.816026 0.352885 0.807692 0.297756 0.797436 0.208013 0.80641 0.184936 0.814103 0.13365400000000005 0.828205 0.063141 0.837179 0.008013000000000048 0.907051 0.004167000000000032 0.901923 0.049038000000000026 0.883333 0.06955100000000003 0.866026 0.09134600000000004 0.853846 0.13237200000000005 0.860897 0.14262799999999998 0.883974 0.13109000000000004 0.9076919999999999 0.13878199999999996 0.929487 0.23365400000000003 0.905128 0.23621800000000004 0.857051 0.252885 0.855128 0.28365399999999996 0.853846 0.338782 0.858333 0.38237200000000005 0.863462 0.39134599999999997 0.892308 0.396474 0.920513 0.38878199999999996 0.930128 0.39391 0.962179 0.416987 0.998718 0.455449 0.998077 0.5118590000000001
0 0.657051 0.229808 0.669872 0.21057700000000001 0.708333 0.17339700000000002 0.7141029999999999 0.14390999999999998 0.7032050000000001 0.06955100000000003 0.707051 0.04519200000000001 0.723718 0.008013000000000048 0.636538 0.0067310000000000425 0.625641 0.05544899999999997 0.610897 0.07339700000000005 0.601282 0.11698699999999995 0.583333 0.15544899999999995 0.585897 0.1875 0.600641 0.204167 0.621795 0.22083299999999995 0.649359 0.23750000000000004
0 0.561538 0.649038 0.562179 0.586218 0.567949 0.5503210000000001 0.579487 0.524679 0.578846 0.463141 0.566667 0.38621799999999995 0.561538 0.36185900000000004 0.551282 0.34262800000000004 0.536538 0.36570499999999995 0.5326919999999999 0.39391 0.530769 0.414423 0.519231 0.44519200000000003 0.5096149999999999 0.46826900000000005 0.5121789999999999 0.5131410000000001 0.502564 0.5875 0.505769 0.668269 0.517308 0.668269 0.548718 0.645192
0 0.5070509999999999 0.854167 0.501923 0.808013 0.482051 0.783654 0.48717900000000003 0.747756 0.504487 0.691346 0.47179499999999996 0.638782 0.47243599999999997 0.597756 0.435256 0.599038 0.434615 0.645192 0.42820499999999995 0.677244 0.41089699999999996 0.672115 0.40897399999999995 0.6144229999999999 0.40192300000000003 0.5708329999999999 0.414744 0.516987 0.36859 0.5375 0.351923 0.47211499999999995 0.360897 0.418269 0.36730799999999997 0.356731 0.329487 0.308013 0.31730800000000003 0.28108999999999995 0.30128200000000005 0.24775599999999998 0.28397399999999995 0.205449 0.24166699999999997 0.27852600000000005 0.22628199999999998 0.332372 0.22628199999999998 0.40288500000000005 0.248718 0.479808 0.270513 0.620833 0.254487 0.7246790000000001 0.36730799999999997 0.747756 0.372436 0.796474 0.394231 0.878526 0.44230800000000003 0.891346 0.48141 0.886218
0 0.22499999999999998 0.646474 0.21923099999999995 0.542628 0.210256 0.497756 0.20512799999999998 0.46442300000000003 0.18333299999999997 0.459295 0.13076900000000002 0.47339699999999996 0.105769 0.502885 0.086538 0.5528850000000001 0.086538 0.5939099999999999 0.09999999999999998 0.625962 0.11346199999999995 0.640064 0.162821 0.660577 0.18589699999999998 0.663141 0.21410300000000004 0.646474
0 0.012179000000000051 0.6503209999999999 0.030128000000000044 0.6131409999999999 0.03717899999999996 0.596474 0.04615400000000003 0.527244 0.035255999999999954 0.502885 0.01730799999999999 0.502885 0.0032050000000000134 0.49519199999999997 0.001923000000000008 0.664423
0 0.05320499999999995 0.37852600000000003 0.06794900000000004 0.35929500000000003 0.11217900000000003 0.313141 0.13141000000000003 0.327244 0.15192300000000003 0.328526 0.16025599999999995 0.288782 0.15897399999999995 0.274679 0.13653800000000005 0.24134599999999995 0.105769 0.228526 0.08333299999999999 0.204167 0.05384599999999995 0.20160299999999998 0.032692000000000054 0.23878200000000005 0.02179500000000001 0.296474 0.014102999999999977 0.34391000000000005 0.039744 0.36955099999999996
0 0.479487 0.438782 0.485256 0.38621799999999995 0.5096149999999999 0.396474 0.523077 0.36826899999999996 0.501923 0.336218 0.486538 0.325962 0.46346200000000004 0.30032099999999995 0.44166700000000003 0.30032099999999995 0.43333299999999997 0.31955100000000003 0.43012799999999995 0.36698699999999995 0.42500000000000004 0.399038 0.44807699999999995 0.420833 0.459615 0.42596199999999995 0.47179499999999996 0.44519200000000003
0 0.379487 0.228526 0.40897399999999995 0.205449 0.45641 0.23493600000000003 0.46346200000000004 0.21698700000000004 0.44102600000000003 0.09903799999999996 0.438462 0.07980799999999999 0.42179500000000003 0.05801299999999998 0.369231 0.05544899999999997 0.33846200000000004 0.08750000000000002 0.33141 0.09775599999999995 0.34358999999999995 0.13365400000000005 0.357051 0.17467900000000003
0 0.31730800000000003 0.15673099999999995 0.32115400000000005 0.12211499999999997 0.32243599999999994 0.102885 0.31666700000000003 0.06955100000000003 0.32884599999999997 0.027244000000000046 0.332051 0.01570499999999997 0.30576899999999996 0.01570499999999997 0.28589699999999996 0.027244000000000046 0.27820500000000004 0.09903799999999996 0.276282 0.14006399999999997 0.295513 0.15544899999999995 0.32435899999999995 0.168269
0 0.28461499999999995 0.988782 0.23717900000000003 0.88109 0.19679500000000005 0.8426279999999999 0.18461499999999997 0.822115 0.17115400000000003 0.888782 0.12179499999999999 0.941346 0.11538499999999996 0.992628 0.26153800000000005 0.995192
0 0.995513 0.10544900000000001 0.984615 0.061859 0.966026 0.008013000000000048 0.996795 0.005449000000000037 0.998718 0.08750000000000002