0 0.955769 0.959295 0.949359 0.891346 0.933333 0.8375 0.927564 0.7605770000000001 0.923077 0.7221150000000001 0.947436 0.691346 0.967949 0.678526 0.944872 0.601603 0.904487 0.5875 0.892949 0.6285259999999999 0.910256 0.7375 0.900641 0.755449 0.887821 0.777244 0.882692 0.811859 0.877564 0.849038 0.8448720000000001 0.8375 0.830128 0.896474 0.8416669999999999 0.938782 0.878846 0.94391 0.898718 0.946474 0.939103 0.969551
0 0.846154 0.7233970000000001 0.866026 0.677244 0.876923 0.602885 0.853205 0.565705 0.863462 0.49262799999999995 0.8641030000000001 0.454167 0.816026 0.459295 0.791026 0.48750000000000004 0.7826919999999999 0.577244 0.79359 0.5516030000000001 0.8198719999999999 0.568269 0.81859 0.640064 0.821795 0.674679 0.8423080000000001 0.734936
0 0.5108969999999999 0.854167 0.535256 0.829808 0.525 0.719551 0.542308 0.678526 0.598718 0.674679 0.653205 0.675962 0.6769229999999999 0.640064 0.753205 0.542628 0.748077 0.479808 0.712179 0.48109 0.697436 0.479808 0.6993590000000001 0.40032100000000004 0.655769 0.48493600000000003 0.6525639999999999 0.5323720000000001 0.637821 0.559295 0.610256 0.584936 0.585256 0.556731 0.561538 0.5503210000000001 0.500641 0.583654 0.44166700000000003 0.736218 0.462179 0.774679 0.45641 0.832372 0.419872 0.8644229999999999 0.43205099999999996 0.908013 0.461538 0.908013 0.485897 0.878526
0 0.757051 0.252885 0.789103 0.225962 0.8038460000000001 0.21314100000000002 0.79359 0.15929499999999996 0.7826919999999999 0.12083299999999997 0.771795 0.12211499999999997 0.7391030000000001 0.12724400000000002 0.6935899999999999 0.07339700000000005 0.698718 0.008013000000000048 0.623718 0.0067310000000000425 0.619231 0.11442300000000005 0.642308 0.11442300000000005 0.666026 0.12211499999999997 0.669231 0.17980799999999997 0.6814100000000001 0.23750000000000004 0.703846 0.252885 0.749359 0.25673100000000004
0 0.985897 0.227244 0.969231 0.21570500000000004 0.957051 0.17724399999999996 0.964103 0.11698699999999995 0.95641 0.102885 0.938462 0.07852599999999998 0.936538 0.14134599999999997 0.930128 0.15801299999999996 0.902564 0.20288499999999998 0.857692 0.20032099999999997 0.883974 0.10673100000000002 0.892949 0.08750000000000002 0.923077 0.051602999999999954 0.963462 0.03108999999999995 0.996795 0.043910000000000005 0.997436 0.22083299999999995
0 0.602564 0.274679 0.609615 0.21698700000000004 0.5948720000000001 0.169551 0.564103 0.16185899999999998 0.559615 0.15929499999999996 0.554487 0.186218 0.548718 0.20160299999999998 0.5506409999999999 0.24134599999999995 0.547436 0.292628 0.560256 0.2875 0.579487 0.28237199999999996
0 0.608333 0.47083299999999995 0.5916669999999999 0.4375 0.586538 0.416987 0.583333 0.36570499999999995 0.578846 0.34903799999999996 0.566667 0.338782 0.5576920000000001 0.34519200000000005 0.5480769999999999 0.377244 0.542308 0.44903800000000005 0.536538 0.461859 0.5698719999999999 0.461859 0.603846 0.482372
0 0.41025599999999995 0.40544899999999995 0.45064099999999996 0.36185900000000004 0.45192299999999996 0.32211500000000004 0.40641000000000005 0.23109000000000002 0.392308 0.19519200000000003 0.376282 0.17596199999999995 0.34102600000000005 0.145192 0.291026 0.26570499999999997 0.289103 0.30032099999999995 0.31794900000000004 0.34519200000000005 0.357692 0.38878199999999996 0.375641 0.34647399999999995 0.38717900000000005 0.38621799999999995
0 0.24102599999999996 0.47339699999999996 0.270513 0.423397 0.248718 0.37852600000000003 0.230769 0.356731 0.208333 0.29391 0.20256399999999997 0.274679 0.18782100000000002 0.101603 0.15576900000000005 0.05544899999999997 0.146154 0.03878199999999998 0.11025600000000002 0.09903799999999996 0.126282 0.19134600000000002 0.11282099999999995 0.299038 0.11987199999999998 0.350321 0.13205100000000003 0.39391 0.15320500000000004 0.461859 0.17628200000000005 0.505449 0.20384599999999997 0.396474 0.20705099999999999 0.38237200000000005 0.228205 0.42980799999999997 0.19615400000000005 0.475962 0.21602600000000005 0.479808
0 0.475641 0.09775599999999995 0.44807699999999995 0.11442300000000005 0.44615400000000005 0.15160300000000004 0.42115400000000003 0.11570499999999995 0.40576900000000005 0.06442300000000001 0.38653800000000005 0.08493600000000001 0.34615399999999996 0.07724399999999998 0.32435899999999995 0.008013000000000048 0.45320499999999997 0.008013000000000048 0.476282 0.07211500000000004
0 0.016666999999999987 0.691346 0.03397399999999995 0.642628 0.02948700000000004 0.54391 0.030128000000000044 0.523397 0.0032050000000000134 0.48878200000000005 0.0025640000000000107 0.6875