0 0.10961500000000002 0.788782 0.11410299999999995 0.755449 0.13461500000000004 0.7605770000000001 0.167308 0.755449 0.19102600000000003 0.710577 0.208974 0.673397 0.21602600000000005 0.6285259999999999 0.21923099999999995 0.5913459999999999 0.21538500000000005 0.5541670000000001 0.19935899999999995 0.542628 0.17500000000000004 0.5541670000000001 0.16923100000000002 0.5926279999999999 0.15320500000000004 0.6092949999999999 0.13012800000000002 0.6375 0.10256399999999999 0.659295 0.085897 0.674679 0.07435899999999995 0.695192 0.07243599999999994 0.727244 0.06923100000000004 0.765705 0.08333299999999999 0.784936 0.09807699999999997 0.796474
0 0.15192300000000003 0.988782 0.14871800000000002 0.954167 0.147436 0.932372 0.164103 0.908013 0.16794900000000001 0.8836539999999999 0.14871800000000002 0.868269 0.144872 0.8631409999999999 0.13782099999999997 0.851603 0.13076900000000002 0.838782 0.12051299999999998 0.852885 0.11217900000000003 0.8439099999999999 0.11282099999999995 0.827244 0.105769 0.804167 0.10641 0.825962 0.10192299999999999 0.851603 0.09551299999999996 0.854167 0.10897400000000002 0.911859 0.11923099999999998 0.933654 0.11858999999999997 0.959295 0.11858999999999997 0.974679 0.11410299999999995 0.984936 0.11025600000000002 0.992628 0.14038499999999998 0.995192
0 0.04935900000000004 0.999038 0.07243599999999994 0.954167 0.07499999999999996 0.916987 0.07371799999999995 0.882372 0.060255999999999976 0.860577 0.05192300000000005 0.8375 0.042949000000000015 0.836218 0.019230999999999998 0.879808 0.00961500000000004 0.886218 0.0012820000000000054 0.88109 0.001923000000000008 0.991346
0 0.28397399999999995 0.974679 0.28461499999999995 0.946474 0.314744 0.93109 0.31987200000000005 0.927244 0.31666700000000003 0.884936 0.30576899999999996 0.850321 0.295513 0.838782 0.28076900000000005 0.838782 0.266026 0.836218 0.26153800000000005 0.8451919999999999 0.263462 0.892628 0.271154 0.936218 0.276282 0.959295
0 0.209615 0.45032099999999997 0.21602600000000005 0.397756 0.22628199999999998 0.374679 0.23910299999999995 0.34647399999999995 0.253205 0.34262800000000004 0.264103 0.32467900000000005 0.24230799999999997 0.290064 0.24102599999999996 0.25544900000000004 0.23141 0.23237200000000002 0.20640999999999998 0.228526 0.19423100000000004 0.23109000000000002 0.164103 0.25416700000000003 0.15641000000000005 0.297756 0.164103 0.350321 0.18205099999999996 0.40032100000000004 0.19102600000000003 0.441346 0.19743599999999994 0.455449
0 0.085897 0.06955100000000003 0.11153800000000003 0.03749999999999998 0.125641 0.02083299999999999 0.14102599999999998 0.0028850000000000264 0.019230999999999998 0.001603000000000021 0.050000000000000044 0.03878199999999998 0.07115400000000005 0.05929499999999999
0 0.495513 0.295192 0.5083329999999999 0.268269 0.505769 0.23878200000000005 0.497436 0.19903800000000005 0.49359 0.186218 0.48717900000000003 0.15544899999999995 0.494872 0.11442300000000005 0.503205 0.09903799999999996 0.516026 0.11570499999999995 0.519872 0.13621799999999995 0.519872 0.20032099999999997 0.523718 0.21057700000000001 0.554487 0.204167 0.580769 0.15160300000000004 0.585256 0.147756 0.603846 0.19262800000000002 0.608333 0.229808 0.628846 0.25801300000000005 0.646795 0.288782 0.669231 0.29391 0.6910259999999999 0.24006400000000006 0.686538 0.168269 0.66859 0.13621799999999995 0.6371789999999999 0.11442300000000005 0.639103 0.07083300000000003 0.639103 0.05544899999999997 0.639103 0.03493599999999997 0.641667 0.004167000000000032 0.45064099999999996 0.004167000000000032 0.44743599999999994 0.02596200000000004 0.435897 0.056730999999999976 0.42692300000000005 0.08750000000000002 0.42692300000000005 0.13749999999999996 0.44999999999999996 0.147756 0.45256399999999997 0.15544899999999995 0.45256399999999997 0.184936 0.46794899999999995 0.25416700000000003 0.475641 0.274679
0 0.749359 0.37083299999999997 0.742308 0.32339700000000005 0.744872 0.310577 0.753205 0.30416699999999997 0.765385 0.308013 0.778205 0.316987 0.808333 0.30416699999999997 0.817949 0.266987 0.808333 0.204167 0.783974 0.190064 0.772436 0.20032099999999997 0.759615 0.206731 0.745513 0.19903800000000005 0.726282 0.188782 0.707692 0.19519200000000003 0.6980770000000001 0.21826900000000005 0.697436 0.24775599999999998 0.711538 0.288782 0.7141029999999999 0.328526 0.739744 0.356731
0 0.852564 0.5733969999999999 0.853205 0.5554490000000001 0.866026 0.546474 0.872436 0.5503210000000001 0.876923 0.522115 0.878846 0.5118590000000001 0.8641030000000001 0.48621800000000004 0.854487 0.46698700000000004 0.845513 0.42467900000000003 0.8230770000000001 0.39134599999999997 0.8019229999999999 0.38109000000000004 0.773718 0.36442300000000005 0.795513 0.40288500000000005 0.812821 0.433654 0.817308 0.482372 0.822436 0.5105770000000001 0.8230770000000001 0.518269 0.826282 0.545192 0.833974 0.5528850000000001 0.8435900000000001 0.577244
0 0.626923 0.710577 0.6358969999999999 0.664423 0.6576919999999999 0.6131409999999999 0.626282 0.566987 0.598718 0.549038 0.586538 0.542628 0.560256 0.577244 0.542949 0.655449 0.544231 0.682372 0.564744 0.701603 0.604487 0.718269
0 0.4 0.54391 0.40897399999999995 0.536218 0.390385 0.500321 0.36666699999999997 0.48493600000000003 0.36538499999999996 0.46442300000000003 0.36538499999999996 0.455449 0.335256 0.42596199999999995 0.34615399999999996 0.45032099999999997 0.34615399999999996 0.463141 0.32692299999999996 0.47083299999999995 0.33974400000000005 0.5375 0.34102600000000005 0.559295 0.380128 0.556731
0 0.375 0.436218 0.38141 0.41057699999999997 0.391026 0.413141 0.394872 0.38621799999999995 0.396795 0.336218 0.38589700000000005 0.32211500000000004 0.369231 0.313141 0.36538499999999996 0.27852600000000005 0.358333 0.28237199999999996 0.34679499999999996 0.30288499999999996 0.32884599999999997 0.32339700000000005 0.32884599999999997 0.36442300000000005 0.34487199999999996 0.37852600000000003 0.351282 0.37980800000000003 0.359615 0.413141 0.359615 0.436218
0 0.775 0.946474 0.790385 0.9375 0.802564 0.896474 0.798718 0.852885 0.789103 0.788782 0.786538 0.770833 0.786538 0.733654 0.794231 0.733654 0.80641 0.759295 0.814103 0.778526 0.826282 0.790064 0.844231 0.805449 0.844231 0.8246789999999999 0.83141 0.870833 0.837821 0.888782 0.860256 0.877244 0.867949 0.846474 0.862179 0.810577 0.867308 0.7605770000000001 0.869872 0.7464740000000001 0.878205 0.7439100000000001 0.883974 0.7439100000000001 0.903205 0.7810900000000001 0.910256 0.792628 0.9288460000000001 0.791346 0.937179 0.732372 0.932692 0.711859 0.9083330000000001 0.701603 0.894872 0.696474 0.892308 0.683654 0.892308 0.674679 0.870513 0.649038 0.8448720000000001 0.645192 0.816026 0.634936 0.801282 0.6375 0.7814099999999999 0.668269 0.775 0.690064 0.767949 0.725962 0.747436 0.7413460000000001 0.74359 0.715705 0.757692 0.691346 0.762821 0.678526 0.759615 0.625962 0.760256 0.602885 0.713462 0.563141 0.691667 0.566987 0.669872 0.577244 0.673718 0.6298079999999999 0.657051 0.647756 0.665385 0.68109 0.6801280000000001 0.710577 0.6961539999999999 0.69391 0.710256 0.714423 0.708333 0.7375 0.698718 0.7618590000000001 0.695513 0.7631410000000001 0.671154 0.7823720000000001 0.667308 0.791346 0.649359 0.808013 0.629487 0.815705 0.610256 0.832372 0.585256 0.849038 0.627564 0.896474 0.685256 0.892628 0.688462 0.918269 0.723077 0.963141 0.744872 0.934936 0.767949 0.940064
0 0.991026 0.434936 0.969231 0.40673099999999995 0.960897 0.354167 0.959615 0.325962 0.950641 0.30160299999999995 0.934615 0.27852600000000005 0.928205 0.26314099999999996 0.944231 0.22339699999999996 0.939103 0.19519200000000003 0.935897 0.18108999999999997 0.944872 0.08750000000000002 0.95641 0.03878199999999998 0.989103 0.046474000000000015 1.0 0.06826900000000002 0.999359 0.14262799999999998 0.982692 0.14006399999999997 0.972436 0.13878199999999996 0.964744 0.17467900000000003 0.972436 0.20288499999999998 0.985897 0.21570500000000004 0.99359 0.22467899999999996 0.992308 0.28108999999999995 0.994231 0.309295 0.992308 0.374679 0.996795 0.40544899999999995
0 0.891026 0.992628 0.891667 0.961859 0.882692 0.945192 0.846154 0.932372 0.8641030000000001 0.977244 0.861538 0.988782