0 0.889744 0.7605770000000001 0.900641 0.751603 0.910256 0.751603 0.921154 0.73109 0.910256 0.705449 0.910256 0.674679 0.919231 0.6528849999999999 0.921154 0.634936 0.910256 0.601603 0.887821 0.578526 0.879487 0.568269 0.877564 0.5554490000000001 0.875 0.547756 0.857692 0.560577 0.834615 0.58109 0.811538 0.606731 0.775641 0.645192 0.766026 0.658013 0.7621789999999999 0.7233970000000001 0.791026 0.7375 0.822436 0.752885 0.848718 0.765705 0.871154 0.777244
0 0.7 0.855449 0.6935899999999999 0.775962 0.6935899999999999 0.734936 0.6730769999999999 0.718269 0.637821 0.678526 0.610256 0.695192 0.607692 0.716987 0.607051 0.768269 0.603205 0.8003210000000001 0.608974 0.827244 0.623077 0.854167 0.626282 0.892628 0.648077 0.892628 0.666026 0.877244 0.6826920000000001 0.8836539999999999
0 0.958974 0.98109 0.962821 0.946474 0.955769 0.914423 0.955769 0.891346 0.957051 0.879808 0.960897 0.869551 0.970513 0.8631409999999999 0.971154 0.841346 0.955769 0.8233969999999999 0.94359 0.825962 0.930769 0.840064 0.9269229999999999 0.875962 0.901282 0.900321 0.888462 0.877244 0.885897 0.869551 0.874359 0.88109 0.865385 0.928526 0.865385 0.995192 0.95 0.992628
0 0.40897399999999995 0.98109 0.416667 0.950321 0.44871799999999995 0.965705 0.44807699999999995 0.945192 0.44359000000000004 0.918269 0.44679500000000005 0.905449 0.458333 0.897756 0.44743599999999994 0.851603 0.415385 0.8875 0.396795 0.899038 0.38269200000000003 0.865705 0.34679499999999996 0.841346 0.332051 0.8233969999999999 0.32820499999999997 0.802885 0.30576899999999996 0.804167 0.274359 0.816987 0.266026 0.818269 0.25833300000000003 0.8451919999999999 0.267949 0.910577 0.30128200000000005 0.951603 0.30833299999999997 0.986218 0.30833299999999997 0.991346 0.4 0.990064
0 0.55 0.978526 0.560256 0.929808 0.562179 0.910577 0.561538 0.872115 0.564744 0.846474 0.575 0.850321 0.601923 0.886218 0.5974360000000001 0.8375 0.582692 0.8233969999999999 0.5756410000000001 0.816987 0.5685899999999999 0.7823720000000001 0.5685899999999999 0.773397 0.577564 0.727244 0.575 0.699038 0.558333 0.710577 0.555769 0.749038 0.553205 0.802885 0.551282 0.833654 0.536538 0.866987 0.5346150000000001 0.897756 0.523077 0.922115 0.519872 0.952885 0.5275639999999999 0.988782
0 0.09551299999999996 0.98109 0.11730799999999997 0.947756 0.12884600000000002 0.947756 0.15448700000000004 0.949038 0.14038499999999998 0.919551 0.13910299999999998 0.874679 0.13974399999999998 0.866987 0.128205 0.860577 0.105769 0.856731 0.08205099999999999 0.850321 0.05640999999999996 0.860577 0.042949000000000015 0.8631409999999999 0.032692000000000054 0.878526 0.02884600000000004 0.927244 0.011538000000000048 0.991346 0.08846200000000004 0.99391
0 0.09166700000000005 0.7810900000000001 0.11025600000000002 0.7605770000000001 0.11730799999999997 0.715705 0.103846 0.691346 0.103846 0.670833 0.10256399999999999 0.660577 0.09423099999999995 0.642628 0.07692299999999996 0.634936 0.062178999999999984 0.661859 0.057691999999999966 0.684936 0.04230800000000001 0.7233970000000001 0.045513000000000026 0.749038 0.06987200000000005 0.736218 0.08333299999999999 0.769551
0 0.18205099999999996 0.6144229999999999 0.19743599999999994 0.5900639999999999 0.18589699999999998 0.541346 0.18589699999999998 0.5298080000000001 0.19166700000000003 0.5118590000000001 0.207692 0.502885 0.210897 0.416987 0.20320499999999997 0.37852600000000003 0.19551300000000005 0.356731 0.17179500000000003 0.34262800000000004 0.16217899999999996 0.34647399999999995 0.15192300000000003 0.36314100000000005 0.14038499999999998 0.414423 0.12243599999999999 0.475962 0.12051299999999998 0.508013 0.13782099999999997 0.509295 0.14871800000000002 0.5503210000000001 0.144231 0.6131409999999999
0 0.378846 0.622115 0.38717900000000005 0.579808 0.377564 0.524679 0.36410299999999995 0.5144230000000001 0.348718 0.505449 0.33974400000000005 0.504167 0.32756399999999997 0.523397 0.32756399999999997 0.556731 0.332692 0.5708329999999999 0.34743599999999997 0.5900639999999999 0.35641 0.602885
0 0.31602600000000003 0.482372 0.33846200000000004 0.455449 0.349359 0.441346 0.36410299999999995 0.44775600000000004 0.36730799999999997 0.42467900000000003 0.371154 0.399038 0.375 0.37852600000000003 0.374359 0.328526 0.373077 0.308013 0.35641 0.269551 0.34743599999999997 0.184936 0.30384599999999995 0.266987 0.28269200000000005 0.38749999999999996 0.28141000000000005 0.42724399999999996 0.28012800000000004 0.460577 0.27692300000000003 0.48621800000000004 0.30448699999999995 0.48750000000000004
0 0.521795 0.640064 0.535256 0.599038 0.542949 0.579808 0.519231 0.5349360000000001 0.514744 0.482372 0.500641 0.48878200000000005 0.483333 0.48878200000000005 0.46346200000000004 0.501603 0.455769 0.5298080000000001 0.45320499999999997 0.559295 0.46474400000000005 0.608013 0.478205 0.625962 0.48141 0.6528849999999999 0.48910299999999995 0.624679 0.499359 0.6118589999999999 0.512821 0.634936
0 0.644872 0.5503210000000001 0.651282 0.520833 0.6538459999999999 0.49006400000000006 0.646795 0.475962 0.633974 0.463141 0.624359 0.44903800000000005 0.608974 0.460577 0.602564 0.504167 0.607051 0.524679 0.638462 0.538782
0 0.834615 0.5131410000000001 0.835256 0.478526 0.846154 0.456731 0.855128 0.460577 0.873077 0.48878200000000005 0.888462 0.46698700000000004 0.871154 0.436218 0.876282 0.41057699999999997 0.879487 0.40160300000000004 0.887821 0.36826899999999996 0.887821 0.352885 0.869872 0.3375 0.8019229999999999 0.36314100000000005 0.789103 0.38621799999999995 0.791667 0.4375 0.780769 0.46570500000000004 0.760256 0.423397 0.745513 0.40032100000000004 0.7211540000000001 0.38749999999999996 0.7 0.420833 0.689103 0.44647400000000004 0.7128209999999999 0.475962 0.735897 0.475962 0.745513 0.49519199999999997 0.753846 0.525962 0.775641 0.520833 0.797436 0.502885 0.820513 0.500321 0.825 0.523397
0 0.982692 0.27980799999999995 0.961538 0.268269 0.951282 0.26314099999999996 0.944872 0.266987 0.930128 0.274679 0.921154 0.23237200000000002 0.932051 0.18108999999999997 0.93141 0.15544899999999995 0.932051 0.12852600000000003 0.920513 0.083654 0.930128 0.032371999999999956 0.992949 0.03749999999999998 0.982051 0.09262800000000004 0.986538 0.12083299999999997 0.988462 0.19519200000000003 0.991026 0.25929500000000005
0 0.603846 0.358013 0.591026 0.31955100000000003 0.5948720000000001 0.297756 0.5974360000000001 0.266987 0.609615 0.225962 0.619872 0.206731 0.621154 0.186218 0.598077 0.190064 0.585256 0.19903800000000005 0.5782050000000001 0.17724399999999996 0.583333 0.13237200000000005 0.586538 0.08750000000000002 0.5916669999999999 0.05544899999999997 0.589744 0.019550999999999985 0.503846 0.008013000000000048 0.5096149999999999 0.09775599999999995 0.502564 0.15929499999999996 0.494872 0.206731 0.5333330000000001 0.23237200000000002 0.5480769999999999 0.25544900000000004 0.561538 0.28493599999999997 0.554487 0.33109 0.538462 0.3375 0.522436 0.318269 0.501282 0.311859 0.517949 0.34647399999999995 0.522436 0.374679 0.5275639999999999 0.38878199999999996 0.5538460000000001 0.40288500000000005 0.582051 0.38365400000000005 0.5974360000000001 0.37852600000000003
0 0.023077000000000014 0.327244 0.04935900000000004 0.270833 0.09102600000000005 0.21185900000000002 0.09294899999999995 0.18365399999999998 0.07564099999999996 0.11570499999999995 0.055127999999999955 0.07980799999999999 0.03141000000000005 0.046474000000000015 0.021154000000000006 0.03749999999999998 0.005769000000000024 0.046474000000000015 0.003846000000000016 0.32339700000000005