0 0.31987200000000005 0.975962 0.373077 0.947756 0.376923 0.918269 0.38333300000000003 0.836218 0.391667 0.804167 0.40512800000000004 0.797756 0.46282100000000004 0.808013 0.546154 0.7875 0.603846 0.758013 0.630128 0.756731 0.635256 0.658013 0.630769 0.619551 0.5878209999999999 0.578526 0.557051 0.604167 0.533974 0.619551 0.524359 0.5733969999999999 0.5467949999999999 0.48109 0.526282 0.422115 0.47307699999999997 0.374679 0.45064099999999996 0.34519200000000005 0.44679500000000005 0.292628 0.46730799999999995 0.308013 0.49230799999999997 0.24262799999999995 0.525 0.19262800000000002 0.522436 0.17339700000000002 0.48974399999999996 0.15288500000000005 0.47115399999999996 0.15416700000000005 0.44166700000000003 0.21698700000000004 0.38205100000000003 0.266987 0.40448700000000004 0.34262800000000004 0.42500000000000004 0.45032099999999997 0.438462 0.5298080000000001 0.458974 0.559295 0.439744 0.615705 0.42179500000000003 0.6336539999999999 0.38653800000000005 0.656731 0.309615 0.6118589999999999 0.23910299999999995 0.606731 0.21346200000000004 0.695192 0.19166700000000003 0.8246789999999999 0.20705099999999999 0.890064 0.20448699999999997 0.927244 0.19102600000000003 0.965705 0.19679500000000005 0.992628 0.313462 0.99391
0 0.13974399999999998 0.900321 0.18653799999999998 0.815705 0.164103 0.768269 0.142308 0.725962 0.11474399999999996 0.759295 0.105769 0.860577 0.10641 0.890064
0 0.144231 0.5157050000000001 0.232692 0.48109 0.23974399999999996 0.456731 0.21346200000000004 0.36057700000000004 0.20384599999999997 0.334936 0.17307700000000004 0.26442299999999996 0.15192300000000003 0.26057699999999995 0.126282 0.25929500000000005 0.086538 0.29391 0.06346200000000002 0.34262800000000004 0.09038500000000005 0.4375 0.126923 0.505449
0 0.255769 0.38109000000000004 0.29359 0.416987 0.30640999999999996 0.392628 0.287821 0.336218 0.273077 0.30416699999999997 0.24166699999999997 0.313141 0.23910299999999995 0.325962
0 0.16153799999999996 0.15032100000000004 0.17820499999999995 0.11570499999999995 0.22115399999999996 0.101603 0.24102599999999996 0.029807999999999946 0.24230799999999997 0.001603000000000021 0.11666699999999997 0.008013000000000048 0.13397400000000004 0.14390999999999998 0.147436 0.15288500000000005
0 0.998077 0.8644229999999999 0.988462 0.884936 0.96859 0.892628 0.954487 0.8426279999999999 0.959615 0.809295 0.964744 0.755449 0.962821 0.697756 0.964103 0.6503209999999999 0.960897 0.600321 0.976923 0.582372 0.998077 0.5939099999999999
0 0.754487 0.8836539999999999 0.7846150000000001 0.802885 0.7858970000000001 0.783654 0.8051280000000001 0.7810900000000001 0.832051 0.710577 0.8416669999999999 0.68109 0.866026 0.682372 0.876923 0.664423 0.882692 0.6105769999999999 0.869872 0.566987 0.858333 0.560577 0.834615 0.577244 0.791026 0.582372 0.794231 0.6092949999999999 0.795513 0.672115 0.775 0.713141 0.733974 0.725962 0.719231 0.7413460000000001 0.705769 0.7810900000000001 0.6948719999999999 0.866987 0.6801280000000001 0.910577 0.639744 0.9375 0.622436 0.9875 0.7153849999999999 0.98109 0.735897 0.968269 0.741026 0.892628
0 0.998718 0.549038 0.986538 0.5144230000000001 0.973077 0.506731 0.950641 0.49262799999999995 0.937179 0.44391 0.904487 0.37083299999999997 0.842949 0.274679 0.8211539999999999 0.28237199999999996 0.761538 0.39006399999999997 0.720513 0.522115 0.688462 0.501603 0.707051 0.36955099999999996 0.7141029999999999 0.328526 0.721795 0.268269 0.729487 0.23237200000000002 0.794231 0.16442299999999999 0.829487 0.14390999999999998 0.859615 0.11698699999999995 0.851282 0.07852599999999998 0.8448720000000001 0.0067310000000000425 0.921154 0.008013000000000048 0.9288460000000001 0.07980799999999999 0.932692 0.13493599999999994 0.940385 0.23750000000000004 0.948718 0.295192 0.958974 0.299038 0.961538 0.22339699999999996 0.95641 0.19262800000000002 0.974359 0.19519200000000003 0.997436 0.21570500000000004
0 0.602564 0.46698700000000004 0.623077 0.461859 0.630128 0.399038 0.614744 0.355449 0.626282 0.334936 0.654487 0.29391 0.654487 0.26570499999999997 0.611538 0.288782 0.5923080000000001 0.328526 0.5891029999999999 0.377244 0.594231 0.43109 0.5916669999999999 0.47339699999999996
0 0.51859 0.988782 0.494872 0.945192 0.46730799999999995 0.933654 0.44999999999999996 0.920833 0.436538 0.958013 0.416026 0.992628
0 0.995513 0.908013 0.95 0.905449 0.938462 0.927244 0.911538 0.951603 0.899359 0.99391 0.985897 0.988782