0 0.19487200000000005 0.755449 0.24038499999999996 0.729808 0.248077 0.690064 0.247436 0.678526 0.228205 0.634936 0.22564099999999998 0.6131409999999999 0.23141 0.5900639999999999 0.23525600000000002 0.563141 0.19038500000000003 0.583654 0.19102600000000003 0.596474 0.17179500000000003 0.597756 0.15641000000000005 0.584936 0.13910299999999998 0.6118589999999999 0.11282099999999995 0.647756 0.11025600000000002 0.682372 0.13589700000000005 0.755449 0.164103 0.751603
0 0.34807699999999997 0.984936 0.335897 0.9375 0.32051300000000005 0.919551 0.30512799999999995 0.909295 0.31794900000000004 0.875962 0.275 0.868269 0.266667 0.879808 0.252564 0.934936 0.22499999999999998 0.996474 0.337179 0.99391
0 0.20256399999999997 0.975962 0.208974 0.916987 0.210897 0.899038 0.17564100000000005 0.892628 0.15769200000000005 0.913141 0.13141000000000003 0.949038 0.11346199999999995 0.98109 0.10128199999999998 0.920833 0.10128199999999998 0.865705 0.10064099999999998 0.852885 0.08782100000000004 0.832372 0.038461999999999996 0.8618589999999999 0.00961500000000004 0.88109 0.005128000000000021 0.888782 0.003846000000000016 0.99391 0.11730799999999997 0.992628 0.18974400000000002 0.974679
0 0.06987200000000005 0.777244 0.08333299999999999 0.756731 0.08910300000000004 0.6875 0.08012799999999998 0.659295 0.059614999999999974 0.6503209999999999 0.03717899999999996 0.6336539999999999 0.006410000000000027 0.645192 0.007692000000000032 0.728526 0.03141000000000005 0.708013 0.03141000000000005 0.7413460000000001 0.03205100000000005 0.813141 0.062178999999999984 0.768269
0 0.623718 0.98109 0.589744 0.958013 0.588462 0.922115 0.5923080000000001 0.8246789999999999 0.562179 0.810577 0.5506409999999999 0.8375 0.5346150000000001 0.8836539999999999 0.526282 0.920833 0.519231 0.947756 0.50641 0.991346 0.613462 0.992628
0 0.41859 0.833654 0.44166700000000003 0.773397 0.47115399999999996 0.773397 0.49102599999999996 0.733654 0.498718 0.658013 0.495513 0.618269 0.483974 0.584936 0.46282100000000004 0.5900639999999999 0.44871799999999995 0.645192 0.437179 0.684936 0.42500000000000004 0.646474 0.42435900000000004 0.6285259999999999 0.399359 0.674679 0.38782099999999997 0.7208330000000001 0.380769 0.818269 0.40192300000000003 0.820833
0 0.40320500000000004 0.622115 0.43140999999999996 0.583654 0.47179499999999996 0.500321 0.474359 0.452885 0.460897 0.39006399999999997 0.436538 0.377244 0.416026 0.36955099999999996 0.371154 0.35929500000000003 0.33782100000000004 0.354167 0.32243599999999994 0.37083299999999997 0.313462 0.40160300000000004 0.31794900000000004 0.456731 0.312821 0.509295 0.31923100000000004 0.556731 0.33141 0.6298079999999999 0.348718 0.649038 0.376282 0.6285259999999999 0.389103 0.624679
0 0.670513 0.624679 0.683333 0.5939099999999999 0.687821 0.54391 0.689103 0.48493600000000003 0.689103 0.310577 0.685897 0.28365399999999996 0.682051 0.251603 0.6756409999999999 0.23493600000000003 0.664744 0.229808 0.646795 0.23621800000000004 0.5916669999999999 0.24134599999999995 0.5371790000000001 0.27596200000000004 0.5275639999999999 0.32083300000000003 0.536538 0.38749999999999996 0.5756410000000001 0.455449 0.5903849999999999 0.5157050000000001 0.619872 0.565705 0.6551279999999999 0.619551
0 0.8416669999999999 0.984936 0.853205 0.915705 0.851282 0.851603 0.812179 0.756731 0.796154 0.7246790000000001 0.723077 0.659295 0.691667 0.655449 0.6717949999999999 0.684936 0.685256 0.750321 0.701282 0.819551 0.716026 0.874679 0.751923 0.938782 0.757692 0.995192 0.832051 0.995192
0 0.988462 0.890064 0.971154 0.909295 0.962821 0.932372 0.937179 0.918269 0.914744 0.914423 0.889103 0.872115 0.876282 0.8426279999999999 0.869872 0.818269 0.871795 0.768269 0.882692 0.7451920000000001 0.920513 0.7246790000000001 0.96859 0.734936 0.998077 0.734936 0.996795 0.840064
0 0.995513 0.6298079999999999 0.9666669999999999 0.601603 0.950641 0.588782 0.942949 0.582372 0.932692 0.545192 0.938462 0.501603 0.964103 0.43109 0.998077 0.37852600000000003 0.997436 0.605449
0 0.916026 0.38493599999999994 0.898077 0.30032099999999995 0.875641 0.27980799999999995 0.86859 0.292628 0.876923 0.37083299999999997 0.89359 0.377244
0 0.15256400000000003 0.32467900000000005 0.14038499999999998 0.28237199999999996 0.15833299999999995 0.23493600000000003 0.17179500000000003 0.18365399999999998 0.17820499999999995 0.149038 0.17820499999999995 0.13749999999999996 0.147436 0.15673099999999995 0.13141000000000003 0.190064 0.11025600000000002 0.25801300000000005 0.09358999999999995 0.296474 0.10256399999999999 0.316987 0.126282 0.314423 0.13846199999999997 0.350321 0.15000000000000002 0.34391000000000005
0 0.03589699999999996 0.20160299999999998 0.06089699999999998 0.20160299999999998 0.08012799999999998 0.16314099999999998 0.08974400000000005 0.10544900000000001 0.11025600000000002 0.03365399999999996 0.11474399999999996 0.0067310000000000425 0.02435900000000002 0.0067310000000000425 0.04487200000000002 0.056730999999999976 0.05705099999999996 0.08750000000000002 0.038461999999999996 0.100321 0.032692000000000054 0.12211499999999997 0.0032050000000000134 0.083654 0.005769000000000024 0.18108999999999997 0.01730799999999999 0.19647400000000004