0 0.32115400000000005 0.983654 0.314744 0.910577 0.291667 0.882372 0.27948700000000004 0.858013 0.31923100000000004 0.802885 0.29871800000000004 0.758013 0.272436 0.727244 0.24551299999999998 0.690064 0.17692300000000005 0.795192 0.17051300000000003 0.88109 0.17948699999999995 0.919551 0.20512799999999998 0.936218 0.23782099999999995 0.996474 0.315385 0.99391
0 0.46923099999999995 0.964423 0.508974 0.908013 0.539744 0.786218 0.48782099999999995 0.688782 0.457051 0.688782 0.43205099999999996 0.765705 0.416026 0.833654 0.399359 0.882372 0.38525600000000004 0.9708330000000001 0.420513 0.9875 0.44807699999999995 0.975962
0 0.648077 0.978526 0.654487 0.918269 0.6596150000000001 0.841346 0.648077 0.7875 0.644231 0.751603 0.630128 0.728526 0.619231 0.719551 0.61859 0.784936 0.595513 0.783654 0.578846 0.732372 0.563462 0.719551 0.5519229999999999 0.768269 0.5538460000000001 0.825962 0.5769230000000001 0.8644229999999999 0.607051 0.927244 0.609615 0.996474 0.644231 0.996474
0 0.15961499999999995 0.984936 0.142308 0.941346 0.14359 0.899038 0.10769200000000001 0.866987 0.09230799999999995 0.851603 0.07307699999999995 0.828526 0.05128200000000005 0.766987 0.030769000000000046 0.778526 0.0032050000000000134 0.8618589999999999 0.00961500000000004 0.960577 0.023718000000000017 0.972115 0.018589999999999995 0.991346 0.05448699999999995 0.995192 0.15320500000000004 0.99391
0 0.377564 0.577244 0.33910300000000004 0.566987 0.30192300000000005 0.527244 0.28012800000000004 0.5144230000000001 0.233333 0.48493600000000003 0.21282100000000004 0.42724399999999996 0.207692 0.392628 0.20384599999999997 0.34262800000000004 0.19807699999999995 0.30160299999999995 0.18653799999999998 0.291346 0.15897399999999995 0.292628 0.144231 0.318269 0.12948700000000002 0.396474 0.11730799999999997 0.455449 0.10897400000000002 0.522115 0.124359 0.601603 0.164744 0.597756 0.18140999999999996 0.5939099999999999 0.17948699999999995 0.545192 0.18974400000000002 0.49647399999999997 0.20064099999999996 0.48750000000000004 0.24551299999999998 0.536218 0.273718 0.5733969999999999 0.30000000000000004 0.608013 0.330128 0.670833 0.348718 0.6298079999999999
0 0.010897000000000046 0.565705 0.019230999999999998 0.5516030000000001 0.047436000000000034 0.565705 0.05384599999999995 0.5323720000000001 0.05064100000000005 0.452885 0.04423100000000002 0.397756 0.03461499999999995 0.38237200000000005 0.01730799999999999 0.36185900000000004 0.008333000000000035 0.40929499999999996 0.0032050000000000134 0.411859 0.001923000000000008 0.5721149999999999
0 0.628846 0.68109 0.6538459999999999 0.6298079999999999 0.644872 0.559295 0.64359 0.528526 0.625641 0.504167 0.609615 0.523397 0.585897 0.508013 0.5769230000000001 0.5105770000000001 0.5685899999999999 0.5503210000000001 0.5698719999999999 0.622115 0.5711539999999999 0.661859 0.586538 0.673397 0.598718 0.659295 0.607692 0.702885
0 0.764103 0.499038 0.760256 0.459295 0.725641 0.42467900000000003 0.703846 0.40801299999999996 0.6769229999999999 0.372115 0.673718 0.351603 0.6923079999999999 0.33109 0.7173080000000001 0.373397 0.732051 0.37083299999999997 0.736538 0.34903799999999996 0.732051 0.23237200000000002 0.719231 0.21826900000000005 0.682051 0.21698700000000004 0.6583330000000001 0.21826900000000005 0.639744 0.26442299999999996 0.583974 0.30544899999999997 0.6153850000000001 0.414423 0.65 0.40160300000000004 0.66859 0.46698700000000004 0.763462 0.524679
0 0.951282 0.0067310000000000425 0.937821 0.07211500000000004 0.917308 0.13237200000000005 0.900641 0.15288500000000005 0.850641 0.146474 0.810256 0.13621799999999995 0.814103 0.09134600000000004 0.814103 0.04519200000000001 0.778846 0.03621799999999997 0.727564 0.0028850000000000264
0 0.997436 0.38621799999999995 0.973077 0.355449 0.960897 0.316987 0.942308 0.23750000000000004 0.95 0.17980799999999997 0.997436 0.12211499999999997
0 0.996795 0.627244 0.989103 0.618269 0.978846 0.636218 0.980128 0.682372 0.970513 0.733654 0.9666669999999999 0.7426280000000001 0.932692 0.759295 0.932051 0.729808 0.921795 0.727244 0.914744 0.765705 0.9096150000000001 0.8016030000000001 0.895513 0.852885 0.878205 0.809295 0.855769 0.804167 0.833333 0.802885 0.816667 0.810577 0.810897 0.992628 0.996154 0.99391
0 0.414103 0.36314100000000005 0.44166700000000003 0.328526 0.461538 0.296474 0.482692 0.27596200000000004 0.439103 0.16185899999999998 0.40705100000000005 0.13493599999999994 0.376923 0.12980800000000003 0.348718 0.20032099999999997 0.35641 0.269551 0.38205100000000003 0.338782 0.391026 0.356731
0 0.623077 0.23237200000000002 0.635256 0.168269 0.66859 0.12852600000000003 0.6801280000000001 0.04006399999999999 0.689103 0.008013000000000048 0.376923 0.005449000000000037 0.38525600000000004 0.05544899999999997 0.41217899999999996 0.06057699999999999 0.44487200000000005 0.09647399999999995 0.460897 0.13109000000000004 0.5121789999999999 0.13109000000000004 0.541667 0.09775599999999995 0.563462 0.06442300000000001 0.579487 0.05288499999999996 0.586538 0.09775599999999995 0.570513 0.14134599999999997 0.564744 0.184936 0.570513 0.21955100000000005 0.603846 0.228526
0 0.055127999999999955 0.24647399999999997 0.08846200000000004 0.19775600000000004 0.08269199999999999 0.14134599999999997 0.07564099999999996 0.12467899999999998 0.05384599999999995 0.11698699999999995 0.03717899999999996 0.12724400000000002 0.021154000000000006 0.15673099999999995 0.025000000000000022 0.208013
0 0.17307700000000004 0.100321 0.18717899999999998 0.06057699999999999 0.18333299999999997 0.01570499999999997 0.18205099999999996 0.0028850000000000264 0.128205 0.009295000000000053 0.13333300000000003 0.043910000000000005 0.14359 0.07980799999999999
0 0.007692000000000032 0.10929500000000003 0.01474399999999998 0.063141 0.017948999999999993 0.032371999999999956 0.012820999999999971 0.008013000000000048 0.0032050000000000134 0.008013000000000048 0.004487000000000019 0.09391000000000005