0 0.816667 0.946474 0.81859 0.832372 0.8019229999999999 0.766987 0.778205 0.696474 0.76859 0.665705 0.7391030000000001 0.647756 0.723077 0.641346 0.711538 0.700321 0.7153849999999999 0.752885 0.721795 0.790064 0.70641 0.772115 0.687179 0.708013 0.682051 0.684936 0.658974 0.679808 0.642949 0.719551 0.6596150000000001 0.813141 0.64359 0.836218 0.6320509999999999 0.756731 0.619872 0.740064 0.6179490000000001 0.856731 0.646154 0.899038 0.6583330000000001 0.955449 0.708974 0.983654 0.778205 0.978526 0.805769 0.973397
0 0.479487 0.833654 0.498077 0.7439100000000001 0.498077 0.660577 0.461538 0.5926279999999999 0.44487200000000005 0.578526 0.42884599999999995 0.568269 0.389744 0.6541669999999999 0.414744 0.747756 0.435897 0.786218 0.414744 0.832372 0.436538 0.851603 0.478846 0.852885
0 0.733974 0.5516030000000001 0.746154 0.49647399999999997 0.728205 0.432372 0.710897 0.43109 0.687179 0.45032099999999997 0.6769229999999999 0.482372 0.686538 0.5375 0.710256 0.545192 0.719231 0.5503210000000001
0 0.705769 0.28493599999999997 0.726923 0.26057699999999995 0.709615 0.228526 0.742308 0.23109000000000002 0.748077 0.21826900000000005 0.758974 0.146474 0.758974 0.12083299999999997 0.723718 0.11698699999999995 0.7032050000000001 0.14134599999999997 0.6801280000000001 0.11826899999999996 0.639103 0.09519200000000005 0.5935900000000001 0.06442300000000001 0.560256 0.042628 0.516026 0.063141 0.494872 0.10801300000000003 0.510256 0.18237199999999998 0.555769 0.17980799999999997 0.585256 0.15929499999999996 0.595513 0.19134600000000002 0.624359 0.24519199999999997 0.616026 0.286218 0.660256 0.296474 0.6948719999999999 0.30160299999999995
0 0.522436 0.479808 0.537821 0.442628 0.5275639999999999 0.414423 0.46410300000000004 0.396474 0.439744 0.395192 0.434615 0.434936 0.47243599999999997 0.458013 0.498077 0.47467899999999996
0 0.398077 0.36826899999999996 0.42435900000000004 0.30544899999999997 0.398077 0.25673100000000004 0.399359 0.21057700000000001 0.435256 0.19647400000000004 0.459615 0.17596199999999995 0.42179500000000003 0.12211499999999997 0.40769200000000005 0.101603 0.377564 0.10801300000000003 0.355769 0.11442300000000005 0.34679499999999996 0.16185899999999998 0.32115400000000005 0.23621800000000004 0.32115400000000005 0.25929500000000005 0.31666700000000003 0.329808 0.32307699999999995 0.36955099999999996 0.348718 0.358013 0.378846 0.375962 0.390385 0.35929500000000003
0 0.273077 0.38749999999999996 0.28589699999999996 0.31955100000000003 0.28717899999999996 0.28493599999999997 0.26282099999999997 0.273397 0.24487199999999998 0.25673100000000004 0.22243599999999997 0.28108999999999995 0.19807699999999995 0.30160299999999995 0.18653799999999998 0.316987 0.18910300000000002 0.354167 0.22243599999999997 0.35929500000000003 0.23653800000000003 0.37083299999999997
0 0.17371800000000004 0.597756 0.19230800000000003 0.5375 0.19423100000000004 0.500321 0.18012799999999995 0.413141 0.166026 0.38493599999999994 0.15897399999999995 0.36442300000000005 0.142308 0.39391 0.15705100000000005 0.477244 0.16025599999999995 0.5310900000000001 0.15192300000000003 0.575962 0.15448700000000004 0.5951919999999999
0 0.05448699999999995 0.6310899999999999 0.07243599999999994 0.5913459999999999 0.07628199999999996 0.5516030000000001 0.06923100000000004 0.5157050000000001 0.05064100000000005 0.49390999999999996 0.027564000000000033 0.518269 0.010897000000000046 0.527244 0.003846000000000016 0.5349360000000001 0.0032050000000000134 0.6144229999999999 0.02692300000000003 0.6105769999999999 0.038461999999999996 0.6131409999999999
0 0.28525599999999995 0.5746789999999999 0.31730800000000003 0.536218 0.31794900000000004 0.516987 0.315385 0.46442300000000003 0.315385 0.438782 0.312179 0.42467900000000003 0.30256400000000006 0.434936 0.28525599999999995 0.49519199999999997 0.253205 0.525962 0.250641 0.5541670000000001 0.25 0.563141 0.269231 0.5733969999999999
0 0.23141 0.11698699999999995 0.24358999999999997 0.07339700000000005 0.232692 0.04006399999999999 0.23397400000000002 0.029807999999999946 0.24423099999999998 0.005449000000000037 0.09230799999999995 0.0067310000000000425 0.07499999999999996 0.049038000000000026 0.08269199999999999 0.07596199999999997 0.11153800000000003 0.08621800000000002 0.145513 0.06826900000000002 0.16089699999999996 0.06442300000000001 0.18076899999999996 0.11185900000000004 0.211538 0.11955099999999996
0 0.997436 0.15544899999999995 0.976923 0.14262799999999998 0.962179 0.13878199999999996 0.942949 0.145192 0.930769 0.13365400000000005 0.9096150000000001 0.09006400000000003 0.904487 0.06570500000000001 0.915385 0.0067310000000000425 0.996154 0.008013000000000048
0 0.85 0.286218 0.853846 0.228526 0.862179 0.19391000000000003 0.865385 0.17339700000000002 0.869231 0.12724400000000002 0.871795 0.09519200000000005 0.875 0.07724399999999998 0.857051 0.07467900000000005 0.8423080000000001 0.11570499999999995 0.835897 0.149038 0.8230770000000001 0.17980799999999997 0.833333 0.23237200000000002 0.834615 0.26185899999999995 0.8211539999999999 0.270833 0.796154 0.270833 0.774359 0.29391 0.765385 0.327244 0.766026 0.355449 0.792949 0.373397 0.80641 0.3375 0.8211539999999999 0.310577 0.836538 0.30416699999999997