0 0.994231 0.878526 0.957692 0.8451919999999999 0.912179 0.804167 0.855128 0.754167 0.783974 0.696474 0.744872 0.673397 0.730128 0.646474 0.74359 0.5554490000000001 0.769872 0.5105770000000001 0.7801279999999999 0.46698700000000004 0.8416669999999999 0.456731 0.8641030000000001 0.478526 0.91859 0.549038 0.954487 0.519551 0.998077 0.524679
0 0.5096149999999999 0.829808 0.5371790000000001 0.64391 0.532051 0.636218 0.512821 0.5695509999999999 0.503846 0.525962 0.498077 0.5131410000000001 0.485897 0.49390999999999996 0.415385 0.508013 0.41025599999999995 0.499038 0.36859 0.5336540000000001 0.332692 0.5926279999999999 0.30769199999999997 0.6528849999999999 0.333974 0.69391 0.36859 0.7426280000000001 0.42692300000000005 0.827244 0.499359 0.820833
0 0.5519229999999999 0.977244 0.5358970000000001 0.933654 0.520513 0.908013 0.46602600000000005 0.913141 0.435256 0.908013 0.414103 0.928526 0.40833299999999995 0.991346 0.544231 0.992628
0 0.7403850000000001 0.991346 0.726923 0.929808 0.724359 0.890064 0.716026 0.873397 0.709615 0.874679 0.704487 0.899038 0.7 0.945192 0.703846 0.995192
0 0.73141 0.36057700000000004 0.766667 0.306731 0.762821 0.25544900000000004 0.7858970000000001 0.184936 0.786538 0.14390999999999998 0.7378210000000001 0.13109000000000004 0.7141029999999999 0.14262799999999998 0.6910259999999999 0.209295 0.65 0.295192 0.6608970000000001 0.36955099999999996 0.705128 0.36185900000000004
0 0.998077 0.288782 0.953846 0.32339700000000005 0.9269229999999999 0.325962 0.926282 0.25801300000000005 0.927564 0.21955100000000005 0.916026 0.170833 0.894231 0.11955099999999996 0.8423080000000001 0.008013000000000048 0.914103 0.013140999999999958 0.916667 0.03749999999999998 0.942949 0.043910000000000005 0.978846 0.024679000000000006 1.0 0.02596200000000004
0 0.5769230000000001 0.28237199999999996 0.5916669999999999 0.252885 0.608333 0.19391000000000003 0.626923 0.14262799999999998 0.626282 0.056730999999999976 0.628205 0.010576999999999948 0.5589740000000001 0.005449000000000037 0.5782050000000001 0.03365399999999996 0.578846 0.09391000000000005 0.544231 0.13109000000000004 0.545513 0.17980799999999997 0.5551280000000001 0.23109000000000002 0.575 0.295192
0 0.516026 0.42467900000000003 0.55 0.38493599999999994 0.562821 0.358013 0.540385 0.34903799999999996 0.514103 0.352885 0.497436 0.38621799999999995 0.501282 0.418269
0 0.46282100000000004 0.30544899999999997 0.510256 0.21955100000000005 0.521154 0.11570499999999995 0.530769 0.009295000000000053 0.391026 0.0067310000000000425 0.40576900000000005 0.100321 0.376923 0.14134599999999997 0.335897 0.17852599999999996 0.33141 0.25544900000000004 0.355128 0.26314099999999996 0.414744 0.25673100000000004 0.43012799999999995 0.252885 0.44294900000000004 0.29391
0 0.26153800000000005 0.315705 0.295513 0.30416699999999997 0.309615 0.24519199999999997 0.269872 0.209295 0.23461500000000002 0.22083299999999995 0.22371799999999997 0.24519199999999997 0.228846 0.30544899999999997 0.23461500000000002 0.32467900000000005
0 0.15256400000000003 0.563141 0.19551300000000005 0.5375 0.21794899999999995 0.48750000000000004 0.21346200000000004 0.420833 0.17307700000000004 0.38493599999999994 0.12179499999999999 0.310577 0.06474400000000002 0.309295 0.07564099999999996 0.25673100000000004 0.07884599999999997 0.21698700000000004 0.07884599999999997 0.20160299999999998 0.08910300000000004 0.13749999999999996 0.09166700000000005 0.08109 0.09294899999999995 0.043910000000000005 0.05448699999999995 0.022114999999999996 0.0025640000000000107 0.019550999999999985 0.003846000000000016 0.34647399999999995 0.020513000000000003 0.37852600000000003 0.03653799999999996 0.42852599999999996 0.042949000000000015 0.461859 0.07820499999999997 0.527244 0.124359 0.545192
0 0.00961500000000004 0.886218 0.045513000000000026 0.827244 0.12051299999999998 0.73109 0.07948699999999997 0.670833 0.06474400000000002 0.663141 0.04615400000000003 0.625962 0.05128200000000005 0.575962 0.027564000000000033 0.563141 0.0012820000000000054 0.516987 0.0032050000000000134 0.868269
0 0.18397399999999997 0.992628 0.19038500000000003 0.93109 0.15641000000000005 0.922115 0.14807700000000001 0.945192 0.13910299999999998 0.992628
0 0.16923100000000002 0.08750000000000002 0.18076899999999996 0.05288499999999996 0.16987200000000002 0.027244000000000046 0.17307700000000004 0.004167000000000032 0.10064099999999998 0.005449000000000037 0.12115399999999998 0.03878199999999998 0.13653800000000005 0.082372 0.15448700000000004 0.09262800000000004