0 0.29359 0.928526 0.30769199999999997 0.900321 0.32692299999999996 0.895192 0.32179500000000005 0.854167 0.32499999999999996 0.8246789999999999 0.348718 0.832372 0.359615 0.827244 0.351923 0.7875 0.354487 0.765705 0.36217900000000003 0.7618590000000001 0.355128 0.714423 0.337179 0.709295 0.310256 0.729808 0.29679500000000003 0.747756 0.28205100000000005 0.7426280000000001 0.265385 0.725962 0.23846199999999995 0.670833 0.21794899999999995 0.668269 0.18974400000000002 0.682372 0.17756400000000006 0.6875 0.17243600000000003 0.738782 0.18846200000000002 0.810577 0.20576899999999998 0.809295 0.21666700000000005 0.841346 0.210256 0.873397 0.209615 0.892628 0.22371799999999997 0.9028849999999999 0.23141 0.897756 0.23974399999999996 0.888782 0.25897400000000004 0.908013 0.25769200000000003 0.936218 0.27756400000000003 0.919551 0.28653799999999996 0.915705
0 0.603205 0.736218 0.607051 0.702885 0.607051 0.664423 0.598718 0.6323719999999999 0.5935900000000001 0.5875 0.585256 0.568269 0.5673079999999999 0.5554490000000001 0.5506409999999999 0.5375 0.5301279999999999 0.5336540000000001 0.51859 0.538782 0.5121789999999999 0.577244 0.51859 0.619551 0.5121789999999999 0.660577 0.521154 0.69391 0.540385 0.738782 0.540385 0.7618590000000001 0.566667 0.7439100000000001 0.592949 0.752885
0 0.798718 0.6310899999999999 0.8051280000000001 0.601603 0.821795 0.5951919999999999 0.828846 0.5554490000000001 0.816667 0.524679 0.817308 0.508013 0.820513 0.49006400000000006 0.809615 0.46442300000000003 0.796154 0.44903800000000005 0.791026 0.44391 0.786538 0.441346 0.786538 0.42596199999999995 0.769231 0.419551 0.7608969999999999 0.42852599999999996 0.744872 0.463141 0.726923 0.479808 0.714744 0.499038 0.689744 0.49647399999999997 0.6743589999999999 0.556731 0.6717949999999999 0.565705 0.6839740000000001 0.588782 0.750641 0.6092949999999999 0.773077 0.640064
0 0.43140999999999996 0.497756 0.438462 0.46442300000000003 0.438462 0.42596199999999995 0.439744 0.40801299999999996 0.434615 0.38878199999999996 0.42179500000000003 0.372115 0.41025599999999995 0.358013 0.38461500000000004 0.350321 0.36410299999999995 0.36057700000000004 0.36410299999999995 0.395192 0.36410299999999995 0.441346 0.38269200000000003 0.46442300000000003 0.394872 0.518269 0.40256400000000003 0.506731 0.414103 0.48109 0.419872 0.500321
0 0.46730799999999995 0.24262799999999995 0.502564 0.225962 0.5108969999999999 0.21826900000000005 0.5108969999999999 0.17724399999999996 0.5096149999999999 0.13621799999999995 0.5121789999999999 0.11314100000000005 0.517308 0.09134600000000004 0.524359 0.05929499999999999 0.517308 0.05032099999999995 0.49294899999999997 0.082372 0.479487 0.043910000000000005 0.482692 0.02083299999999999 0.479487 0.0028850000000000264 0.416667 0.011858999999999953 0.42307700000000004 0.07339700000000005 0.455769 0.10801300000000003 0.47051299999999996 0.12852600000000003 0.46666700000000005 0.17339700000000002 0.45641 0.205449 0.44359000000000004 0.205449 0.42756400000000006 0.17852599999999996 0.41859 0.19519200000000003 0.420513 0.228526 0.42628200000000005 0.24647399999999997 0.43397399999999997 0.24775599999999998 0.44615400000000005 0.25416700000000003
0 0.7801279999999999 0.296474 0.791026 0.268269 0.796795 0.23365400000000003 0.788462 0.209295 0.771795 0.21442300000000003 0.7416670000000001 0.23109000000000002 0.711538 0.25416700000000003 0.7 0.26442299999999996 0.6980770000000001 0.299038 0.690385 0.34262800000000004 0.673718 0.306731 0.663462 0.266987 0.64359 0.24006400000000006 0.611538 0.26314099999999996 0.5961540000000001 0.30288499999999996 0.612179 0.334936 0.642308 0.334936 0.6596150000000001 0.36057700000000004 0.6788460000000001 0.37852600000000003 0.728205 0.36955099999999996 0.748718 0.3375 0.75 0.328526 0.764103 0.327244 0.782051 0.32339700000000005 0.787821 0.30416699999999997
0 0.5589740000000001 0.399038 0.5538460000000001 0.34134600000000004 0.548718 0.32467900000000005 0.528205 0.314423 0.508974 0.325962 0.5070509999999999 0.374679 0.524359 0.40288500000000005 0.5480769999999999 0.40160300000000004
0 0.11089700000000002 0.4375 0.09551299999999996 0.40544899999999995 0.09358999999999995 0.38237200000000005 0.11538499999999996 0.372115 0.11666699999999997 0.36057700000000004 0.12179499999999999 0.24519199999999997 0.11217900000000003 0.229808 0.09679499999999996 0.206731 0.087179 0.206731 0.06282100000000002 0.229808 0.04871800000000004 0.268269 0.04423100000000002 0.295192 0.03141000000000005 0.34903799999999996 0.039744 0.37980800000000003 0.05705099999999996 0.392628 0.062178999999999984 0.40288500000000005 0.059614999999999974 0.46442300000000003 0.06089699999999998 0.49390999999999996 0.07884599999999997 0.49134599999999995 0.09038500000000005 0.47083299999999995 0.10961500000000002 0.455449
0 0.864744 0.901603 0.870513 0.849038 0.879487 0.8246789999999999 0.863462 0.774679 0.859615 0.755449 0.863462 0.725962 0.876282 0.7233970000000001 0.876923 0.696474 0.864744 0.691346 0.846154 0.691346 0.832051 0.711859 0.816667 0.7413460000000001 0.812821 0.7605770000000001 0.8038460000000001 0.752885 0.796795 0.7413460000000001 0.789103 0.740064 0.775 0.7375 0.76859 0.754167 0.775641 0.83109 0.776923 0.88109 0.787821 0.910577 0.819231 0.897756 0.853205 0.9041669999999999
0 0.994872 0.3375 0.977564 0.34134600000000004 0.973077 0.3375 0.960897 0.30544899999999997 0.951282 0.299038 0.935256 0.28108999999999995 0.930769 0.25544900000000004 0.947436 0.22083299999999995 0.955769 0.19262800000000002 0.967949 0.18365399999999998 0.973718 0.18108999999999997 0.995513 0.16314099999999998 0.998718 0.270833 0.990385 0.299038 0.996154 0.30416699999999997 0.998077 0.32339700000000005
0 0.883974 0.13365400000000005 0.897436 0.082372 0.898718 0.056730999999999976 0.891026 0.022114999999999996 0.883333 0.011858999999999953 0.8435900000000001 0.0067310000000000425 0.835256 0.05032099999999995 0.835256 0.11698699999999995 0.839744 0.14134599999999997 0.851923 0.14134599999999997 0.866667 0.13621799999999995
0 0.24166699999999997 0.332372 0.248077 0.309295 0.275641 0.27596200000000004 0.271154 0.26314099999999996 0.264103 0.22339699999999996 0.270513 0.17467900000000003 0.275 0.146474 0.273718 0.12467899999999998 0.255128 0.10673100000000002 0.24423099999999998 0.07852599999999998 0.22371799999999997 0.101603 0.207692 0.145192 0.20705099999999999 0.21698700000000004 0.19935899999999995 0.26442299999999996 0.18782100000000002 0.308013 0.18397399999999997 0.33109 0.19743599999999994 0.350321 0.21730799999999995 0.34391000000000005 0.22564099999999998 0.333654