0 0.09999999999999998 0.850321 0.09807699999999997 0.786218 0.07499999999999996 0.715705 0.06153799999999998 0.701603 0.05640999999999996 0.688782 0.05320499999999995 0.642628 0.027564000000000033 0.6323719999999999 0.004487000000000019 0.619551 0.012179000000000051 0.715705 0.016025999999999985 0.705449 0.02692300000000003 0.740064 0.02243600000000001 0.766987 0.003846000000000016 0.802885 0.004487000000000019 0.859295 0.02692300000000003 0.841346 0.04679500000000003 0.833654 0.060255999999999976 0.816987 0.07115400000000005 0.8246789999999999 0.07884599999999997 0.840064 0.09294899999999995 0.852885
0 0.523718 0.984936 0.5326919999999999 0.947756 0.5333330000000001 0.8451919999999999 0.5108969999999999 0.8375 0.484615 0.8016030000000001 0.46474400000000005 0.775962 0.458974 0.775962 0.437821 0.851603 0.43205099999999996 0.906731 0.42307700000000004 0.959295 0.420513 0.991346 0.5121789999999999 0.996474
0 0.847436 0.991346 0.851282 0.938782 0.847436 0.88109 0.8628210000000001 0.875962 0.894872 0.890064 0.880769 0.849038 0.867308 0.770833 0.855128 0.713141 0.857692 0.69391 0.862179 0.640064 0.860256 0.605449 0.857051 0.5733969999999999 0.874359 0.516987 0.895513 0.49262799999999995 0.917308 0.48109 0.955128 0.419551 0.905769 0.325962 0.869231 0.32339700000000005 0.846154 0.36314100000000005 0.8198719999999999 0.38237200000000005 0.8 0.36314100000000005 0.762821 0.34391000000000005 0.745513 0.36570499999999995 0.753846 0.42596199999999995 0.735897 0.49647399999999997 0.7032050000000001 0.440064 0.703846 0.38365400000000005 0.704487 0.36185900000000004 0.6730769999999999 0.299038 0.6538459999999999 0.273397 0.633974 0.20032099999999997 0.587179 0.18108999999999997 0.561538 0.23621800000000004 0.567949 0.27724400000000005 0.614744 0.35929500000000003 0.6564099999999999 0.432372 0.6371789999999999 0.459295 0.610256 0.434936 0.562821 0.413141 0.54359 0.414423 0.553205 0.508013 0.616026 0.549038 0.646795 0.678526 0.671154 0.732372 0.708333 0.675962 0.752564 0.6092949999999999 0.778205 0.622115 0.782051 0.623397 0.782051 0.691346 0.774359 0.7375 0.724359 0.836218 0.723077 0.906731 0.737179 0.977244 0.769872 0.961859 0.789744 0.956731 0.775641 0.995192
0 0.5326919999999999 0.68109 0.525641 0.697756 0.496154 0.69391 0.485256 0.672115 0.46987199999999996 0.670833 0.474359 0.6285259999999999 0.500641 0.5746789999999999 0.523718 0.5695509999999999 0.525 0.5913459999999999 0.5314099999999999 0.6541669999999999
0 0.232051 0.49390999999999996 0.24102599999999996 0.44391 0.28333299999999995 0.422115 0.28589699999999996 0.46826900000000005 0.337179 0.458013 0.29359 0.375962 0.29935900000000004 0.351603 0.34038500000000005 0.30416699999999997 0.360256 0.299038 0.330128 0.23878200000000005 0.31730800000000003 0.21314100000000002 0.289103 0.227244 0.24166699999999997 0.25801300000000005 0.18782100000000002 0.251603 0.19102600000000003 0.30288499999999996 0.21538500000000005 0.372115 0.21730799999999995 0.44519200000000003 0.21346200000000004 0.477244 0.22435899999999998 0.504167
0 0.11987199999999998 0.505449 0.126282 0.47083299999999995 0.142308 0.45032099999999997 0.15576900000000005 0.482372 0.17307700000000004 0.482372 0.164103 0.433654 0.16923100000000002 0.40673099999999995 0.13910299999999998 0.37852600000000003 0.12884600000000002 0.332372 0.13846199999999997 0.310577 0.09743599999999997 0.311859 0.08782100000000004 0.34519200000000005 0.084615 0.40160300000000004 0.08269199999999999 0.501603 0.10256399999999999 0.48878200000000005
0 0.016666999999999987 0.5708329999999999 0.04102600000000001 0.546474 0.02435900000000002 0.49262799999999995 0.02692300000000003 0.46955100000000005 0.027564000000000033 0.44903800000000005 0.004487000000000019 0.423397 0.003846000000000016 0.559295
0 0.12115399999999998 0.07467900000000005 0.19102600000000003 0.05288499999999996 0.20384599999999997 0.008013000000000048 0.05128200000000005 0.0067310000000000425 0.06346200000000002 0.03749999999999998 0.08910300000000004 0.05032099999999995 0.10705100000000001 0.06570500000000001
0 0.992949 0.509295 0.9673080000000001 0.545192 0.946795 0.561859 0.950641 0.625962 0.958974 0.6285259999999999 0.976282 0.6310899999999999 0.998077 0.649038 0.995513 0.5310900000000001
0 0.996795 0.41057699999999997 0.967949 0.419551 0.947436 0.36442300000000005 0.946154 0.355449 0.957692 0.32339700000000005 0.953846 0.295192 0.930128 0.251603 0.9064099999999999 0.227244 0.888462 0.14134599999999997 0.88141 0.13493599999999994 0.885897 0.08493600000000001 0.900641 0.07980799999999999 0.929487 0.149038 0.96859 0.24134599999999995 0.998077 0.268269
0 0.826923 0.318269 0.842949 0.28108999999999995 0.854487 0.25416700000000003 0.8448720000000001 0.23109000000000002 0.832051 0.209295 0.8198719999999999 0.21570500000000004 0.8 0.24390999999999996 0.773718 0.23878200000000005 0.764103 0.225962 0.757692 0.251603 0.761538 0.27596200000000004 0.785256 0.291346 0.796795 0.286218 0.7993589999999999 0.309295 0.80641 0.34903799999999996 0.811538 0.351603 0.821795 0.327244
0 0.842949 0.013140999999999958 0.827564 0.07596199999999997 0.8006409999999999 0.08493600000000001 0.755128 0.05801299999999998 0.6935899999999999 0.005449000000000037 0.830769 0.009295000000000053