0 0.880769 0.99391 0.876282 0.974679 0.871795 0.947756 0.875641 0.89391 0.908974 0.852885 0.917949 0.820833 0.914744 0.799038 0.916026 0.765705 0.922436 0.747756 0.954487 0.754167 0.975 0.7875 0.975 0.820833 0.976282 0.832372 0.986538 0.833654 0.994872 0.840064 0.997436 0.855449 0.999359 0.990064
0 0.833974 0.754167 0.851923 0.725962 0.851923 0.678526 0.8435900000000001 0.6310899999999999 0.8448720000000001 0.618269 0.845513 0.5913459999999999 0.850641 0.5721149999999999 0.862179 0.566987 0.871795 0.575962 0.896795 0.602885 0.903205 0.634936 0.900641 0.655449 0.898718 0.686218 0.905128 0.686218 0.923077 0.64391 0.924359 0.6298079999999999 0.919231 0.582372 0.919231 0.566987 0.925 0.5554490000000001 0.941026 0.5554490000000001 0.957051 0.575962 0.980769 0.596474 0.989744 0.588782 0.989103 0.5528850000000001 0.988462 0.5336540000000001 0.967949 0.5157050000000001 0.95641 0.504167 0.949359 0.475962 0.926282 0.44775600000000004 0.910897 0.441346 0.898718 0.42596199999999995 0.842949 0.452885 0.8391029999999999 0.46698700000000004 0.823718 0.509295 0.811538 0.5541670000000001 0.798077 0.49006400000000006 0.798077 0.42724399999999996 0.798077 0.40032100000000004 0.791026 0.38237200000000005 0.767949 0.38365400000000005 0.75 0.38749999999999996 0.732692 0.38749999999999996 0.713462 0.38749999999999996 0.728205 0.411859 0.733333 0.48878200000000005 0.751282 0.499038 0.766026 0.5144230000000001 0.767308 0.527244 0.7608969999999999 0.563141 0.735256 0.579808 0.704487 0.599038 0.682051 0.599038 0.663462 0.640064 0.667949 0.700321 0.7224360000000001 0.709295 0.74359 0.709295 0.767949 0.774679 0.7846150000000001 0.7208330000000001 0.779487 0.6541669999999999 0.7833330000000001 0.6516029999999999 0.796154 0.646474 0.808333 0.678526 0.8006409999999999 0.713141 0.80641 0.755449 0.816026 0.7605770000000001
0 0.664103 0.524679 0.6801280000000001 0.508013 0.707051 0.47083299999999995 0.708974 0.432372 0.707051 0.399038 0.7 0.377244 0.689103 0.36570499999999995 0.6743589999999999 0.36185900000000004 0.661538 0.36057700000000004 0.6551279999999999 0.351603 0.650641 0.309295 0.646154 0.306731 0.64359 0.34262800000000004 0.621795 0.351603 0.605769 0.36185900000000004 0.6153850000000001 0.40929499999999996 0.602564 0.46698700000000004 0.612179 0.49134599999999995 0.6320509999999999 0.509295 0.6551279999999999 0.518269
0 0.902564 0.374679 0.9096150000000001 0.350321 0.933333 0.350321 0.930769 0.30544899999999997 0.923077 0.27852600000000005 0.911538 0.25801300000000005 0.903846 0.23621800000000004 0.879487 0.21314100000000002 0.8641030000000001 0.19519200000000003 0.850641 0.184936 0.839744 0.17980799999999997 0.828205 0.17724399999999996 0.8403849999999999 0.19391000000000003 0.858333 0.21442300000000003 0.864744 0.23237200000000002 0.866667 0.269551 0.878846 0.297756 0.878846 0.315705 0.876282 0.334936 0.89359 0.356731 0.894872 0.36314100000000005
0 0.878205 0.04775600000000002 0.872436 0.08109 0.871795 0.101603 0.85641 0.10801300000000003 0.833333 0.13493599999999994 0.822436 0.12980800000000003 0.819231 0.11955099999999996 0.816026 0.11185900000000004 0.80641 0.10801300000000003 0.802564 0.10801300000000003 0.8019229999999999 0.12852600000000003 0.807051 0.15416700000000005 0.807692 0.18237199999999998 0.797436 0.17724399999999996 0.783974 0.147756 0.776923 0.14262799999999998 0.770513 0.12980800000000003 0.769872 0.10929500000000003 0.766026 0.09134600000000004 0.753846 0.07852599999999998 0.733333 0.100321 0.725 0.12596200000000002 0.7166669999999999 0.08493600000000001 0.701282 0.07724399999999998 0.697436 0.061859 0.691667 0.03749999999999998 0.682051 0.02852600000000005 0.669872 0.02596200000000004 0.655769 0.01826899999999998 0.648077 0.005449000000000037 0.771154 0.0067310000000000425 0.782051 0.013140999999999958 0.814103 0.013140999999999958 0.88141 0.008013000000000048
0 0.43269199999999997 0.24134599999999995 0.43269199999999997 0.19775600000000004 0.45641 0.21698700000000004 0.46346200000000004 0.168269 0.45256399999999997 0.13878199999999996 0.436538 0.12467899999999998 0.42179500000000003 0.09775599999999995 0.41859 0.083654 0.395513 0.12852600000000003 0.396795 0.13878199999999996 0.40769200000000005 0.17339700000000002 0.412821 0.209295 0.416667 0.23365400000000003
0 0.47115399999999996 0.316987 0.44423100000000004 0.297756 0.43012799999999995 0.28237199999999996 0.415385 0.250321 0.401282 0.23621800000000004 0.394872 0.266987 0.38717900000000005 0.273397 0.391667 0.328526 0.42435900000000004 0.327244 0.46666700000000005 0.350321 0.478205 0.34006400000000003 0.478846 0.33109
0 0.544872 0.12211499999999997 0.5743590000000001 0.09519200000000005 0.577564 0.07852599999999998 0.570513 0.06826900000000002 0.5782050000000001 0.04775600000000002 0.585897 0.03365399999999996 0.582692 0.005449000000000037 0.503846 0.0067310000000000425 0.516667 0.051602999999999954 0.5275639999999999 0.09262800000000004 0.542308 0.10801300000000003
0 0.26025600000000004 0.25929500000000005 0.273718 0.17724399999999996 0.287821 0.13749999999999996 0.310256 0.11185900000000004 0.30384599999999995 0.05929499999999999 0.30320499999999995 0.04775600000000002 0.292949 0.03749999999999998 0.267308 0.04006399999999999 0.24166699999999997 0.03749999999999998 0.22051299999999996 0.09519200000000005 0.230128 0.14134599999999997 0.23910299999999995 0.22211499999999995 0.251282 0.25544900000000004
0 0.18717899999999998 0.584936 0.233333 0.540064 0.26217900000000005 0.5118590000000001 0.26859 0.441346 0.269231 0.40673099999999995 0.272436 0.373397 0.25897400000000004 0.36314100000000005 0.22179499999999996 0.38621799999999995 0.20256399999999997 0.43109 0.17820499999999995 0.454167 0.15769200000000005 0.47211499999999995 0.13333300000000003 0.48878200000000005 0.123718 0.5144230000000001 0.125641 0.556731 0.13782099999999997 0.588782 0.15769200000000005 0.6118589999999999 0.166026 0.599038 0.167308 0.5746789999999999 0.17628200000000005 0.564423
0 0.19807699999999995 0.915705 0.20576899999999998 0.869551 0.20640999999999998 0.8426279999999999 0.20576899999999998 0.815705 0.20512799999999998 0.786218 0.20064099999999996 0.7426280000000001 0.210256 0.708013 0.21794899999999995 0.706731 0.20384599999999997 0.686218 0.20192299999999996 0.660577 0.19871799999999995 0.647756 0.18910300000000002 0.6503209999999999 0.17371800000000004 0.656731 0.15705100000000005 0.6323719999999999 0.144231 0.6541669999999999 0.15576900000000005 0.686218 0.15961499999999995 0.719551 0.16923100000000002 0.7464740000000001 0.17371800000000004 0.777244 0.15833299999999995 0.811859 0.14871800000000002 0.8439099999999999 0.14871800000000002 0.869551 0.15833299999999995 0.892628 0.18653799999999998 0.924679 0.19166700000000003 0.929808
0 0.34423099999999995 0.7810900000000001 0.34615399999999996 0.7631410000000001 0.353205 0.749038 0.36602599999999996 0.715705 0.357051 0.679808 0.355128 0.642628 0.34102600000000005 0.6298079999999999 0.32820499999999997 0.6336539999999999 0.31602600000000003 0.642628 0.32307699999999995 0.709295 0.330769 0.752885 0.33141 0.769551
0 0.334615 0.918269 0.315385 0.906731 0.29935900000000004 0.892628 0.30320499999999995 0.827244 0.29679500000000003 0.805449 0.28012800000000004 0.8003210000000001 0.26025600000000004 0.8003210000000001 0.248718 0.827244 0.255769 0.869551 0.24358999999999997 0.909295 0.23141 0.923397 0.23910299999999995 0.965705 0.24551299999999998 0.9875 0.251282 0.995192 0.376923 0.990064 0.374359 0.936218 0.355769 0.9041669999999999 0.34038500000000005 0.908013
0 0.07499999999999996 0.854167 0.085256 0.804167 0.126282 0.7464740000000001 0.12884600000000002 0.696474 0.11602599999999996 0.642628 0.09487199999999996 0.642628 0.07115400000000005 0.679808 0.05448699999999995 0.701603 0.027564000000000033 0.7375 0.019230999999999998 0.756731 0.033332999999999946 0.790064 0.05833299999999997 0.815705 0.05897399999999997 0.851603 0.06538500000000003 0.866987
0 0.04359000000000002 0.996474 0.05833299999999997 0.955449 0.05384599999999995 0.923397 0.038461999999999996 0.906731 0.028205000000000036 0.895192 0.020513000000000003 0.882372 0.012179000000000051 0.827244 0.003846000000000016 0.809295 0.003846000000000016 0.809295 0.001923000000000008 0.99391
0 0.07435899999999995 0.415705 0.07499999999999996 0.38109000000000004 0.08333299999999999 0.373397 0.08140999999999998 0.34775599999999995 0.07179500000000005 0.34647399999999995 0.06859000000000004 0.325962 0.05064100000000005 0.34903799999999996 0.020513000000000003 0.392628 0.028205000000000036 0.420833 0.04871800000000004 0.419551
0 0.566667 0.44775600000000004 0.562179 0.414423 0.5730770000000001 0.36057700000000004 0.5589740000000001 0.34006400000000003 0.548718 0.37980800000000003 0.5333330000000001 0.38365400000000005 0.51859 0.374679 0.515385 0.36570499999999995 0.505769 0.35929500000000003 0.510256 0.37980800000000003 0.526923 0.433654 0.535256 0.456731 0.5589740000000001 0.451603