0 0.6769229999999999 0.777244 0.6788460000000001 0.645192 0.655769 0.5516030000000001 0.649359 0.456731 0.6371789999999999 0.36185900000000004 0.620513 0.316987 0.5923080000000001 0.32083300000000003 0.5711539999999999 0.26185899999999995 0.555769 0.22083299999999995 0.54359 0.19903800000000005 0.532051 0.205449 0.502564 0.24775599999999998 0.474359 0.34262800000000004 0.455769 0.38749999999999996 0.503846 0.395192 0.5519229999999999 0.36698699999999995 0.567949 0.415705 0.585897 0.575962 0.595513 0.665705 0.600641 0.732372 0.641667 0.754167
0 0.832051 0.634936 0.855128 0.563141 0.845513 0.504167 0.8435900000000001 0.477244 0.8391029999999999 0.45032099999999997 0.810897 0.442628 0.798077 0.463141 0.759615 0.42852599999999996 0.7416670000000001 0.441346 0.745513 0.500321 0.749359 0.516987 0.774359 0.538782 0.7801279999999999 0.582372 0.8019229999999999 0.642628
0 0.724359 0.297756 0.7211540000000001 0.252885 0.724359 0.22467899999999996 0.752564 0.26057699999999995 0.776923 0.18108999999999997 0.787821 0.15160300000000004 0.837179 0.0067310000000000425 0.667949 0.004167000000000032 0.6910259999999999 0.05929499999999999 0.6980770000000001 0.10929500000000003 0.684615 0.15929499999999996 0.667308 0.24262799999999995 0.691667 0.286218
0 0.379487 0.7233970000000001 0.373718 0.5900639999999999 0.370513 0.504167 0.361538 0.44903800000000005 0.36474399999999996 0.423397 0.40192300000000003 0.46955100000000005 0.419872 0.44775600000000004 0.40641000000000005 0.415705 0.38461500000000004 0.375962 0.369231 0.352885 0.32884599999999997 0.32083300000000003 0.30320499999999995 0.308013 0.29679500000000003 0.38109000000000004 0.28589699999999996 0.420833 0.25833300000000003 0.48109 0.24551299999999998 0.556731 0.271795 0.566987 0.29935900000000004 0.616987 0.312821 0.668269 0.32756399999999997 0.7208330000000001 0.371154 0.759295
0 0.457051 0.751603 0.498077 0.7375 0.51859 0.688782 0.499359 0.660577 0.502564 0.5951919999999999 0.49166699999999997 0.6131409999999999 0.46858999999999995 0.646474 0.45256399999999997 0.656731 0.439744 0.683654 0.435256 0.7246790000000001 0.41859 0.7618590000000001 0.44679500000000005 0.758013
0 0.25961500000000004 0.986218 0.253846 0.954167 0.26089700000000005 0.924679 0.26025600000000004 0.909295 0.228205 0.9028849999999999 0.21602600000000005 0.890064 0.19807699999999995 0.860577 0.17307700000000004 0.829808 0.15064100000000002 0.819551 0.142308 0.8233969999999999 0.13333300000000003 0.851603 0.11346199999999995 0.988782 0.250641 0.995192
0 0.07948699999999997 0.83109 0.07948699999999997 0.778526 0.09743599999999997 0.751603 0.10192299999999999 0.733654 0.08269199999999999 0.7246790000000001 0.06282100000000002 0.719551 0.05640999999999996 0.700321 0.04230800000000001 0.697756 0.030128000000000044 0.659295 0.02243600000000001 0.6528849999999999 0.020513000000000003 0.713141 0.020513000000000003 0.738782 0.015384999999999982 0.768269 0.030769000000000046 0.79391 0.06346200000000002 0.791346 0.07371799999999995 0.818269
0 0.18461499999999997 0.5695509999999999 0.20705099999999999 0.542628 0.21538500000000005 0.49390999999999996 0.21602600000000005 0.46698700000000004 0.19871799999999995 0.44647400000000004 0.18333299999999997 0.441346 0.16153799999999996 0.49647399999999997 0.16153799999999996 0.527244 0.17115400000000003 0.549038
0 0.93141 0.725962 0.892308 0.764423 0.812821 0.860577 0.8038460000000001 0.868269 0.8 0.747756 0.812821 0.7375 0.845513 0.751603 0.877564 0.718269 0.9288460000000001 0.663141 0.939103 0.716987
0 0.994872 0.505449 0.96859 0.46826900000000005 0.971154 0.416987 0.976282 0.377244 0.978846 0.354167 0.979487 0.30032099999999995 0.997436 0.295192
0 0.907051 0.13493599999999994 0.872436 0.145192 0.878846 0.19903800000000005 0.860256 0.21955100000000005 0.826923 0.208013 0.820513 0.165705 0.83141 0.12339699999999998 0.852564 0.08750000000000002 0.869872 0.08493600000000001 0.917308 0.09262800000000004 0.913462 0.12211499999999997
0 0.457692 0.225962 0.503205 0.21698700000000004 0.510256 0.16442299999999999 0.49102599999999996 0.10544900000000001 0.480128 0.07596199999999997 0.45641 0.100321 0.44166700000000003 0.146474 0.42884599999999995 0.184936 0.44230800000000003 0.225962