0 0.17307700000000004 0.866987 0.16025599999999995 0.805449 0.16025599999999995 0.7631410000000001 0.146795 0.704167 0.144872 0.664423 0.14038499999999998 0.640064 0.15384600000000004 0.602885 0.15448700000000004 0.5733969999999999 0.14359 0.504167 0.11987199999999998 0.49006400000000006 0.08974400000000005 0.48750000000000004 0.08910300000000004 0.563141 0.086538 0.6310899999999999 0.06474400000000002 0.659295 0.06859000000000004 0.702885 0.07307699999999995 0.778526 0.06923100000000004 0.847756 0.07948699999999997 0.913141 0.08012799999999998 0.959295 0.084615 0.984936 0.11666699999999997 0.974679 0.15961499999999995 0.978526 0.18397399999999997 0.974679 0.18589699999999998 0.945192 0.17756400000000006 0.9028849999999999
0 0.02884600000000004 0.818269 0.052564000000000055 0.7823720000000001 0.05576899999999996 0.718269 0.060255999999999976 0.691346 0.057691999999999966 0.660577 0.04359000000000002 0.6375 0.03205100000000005 0.6131409999999999 0.025641000000000025 0.6092949999999999 0.0025640000000000107 0.619551 0.0032050000000000134 0.840064 0.016666999999999987 0.825962
0 0.914103 0.93109 0.921795 0.890064 0.929487 0.850321 0.942308 0.8233969999999999 0.951923 0.815705 0.957692 0.7823720000000001 0.941026 0.729808 0.933333 0.702885 0.917949 0.686218 0.9076919999999999 0.68109 0.883974 0.708013 0.874359 0.7451920000000001 0.876923 0.777244 0.882692 0.795192 0.876282 0.846474 0.8628210000000001 0.8439099999999999 0.853846 0.832372 0.846154 0.786218 0.829487 0.733654 0.803205 0.752885 0.807051 0.822115 0.801282 0.851603 0.802564 0.865705 0.816667 0.884936 0.830769 0.918269 0.866026 0.942628 0.886538 0.960577 0.898077 0.941346
0 0.635256 0.749038 0.639744 0.702885 0.655769 0.714423 0.6608970000000001 0.683654 0.6371789999999999 0.6541669999999999 0.621795 0.6323719999999999 0.604487 0.619551 0.5743590000000001 0.646474 0.561538 0.64391 0.548718 0.638782 0.535256 0.6541669999999999 0.523077 0.6875 0.5288459999999999 0.7413460000000001 0.546154 0.758013 0.5576920000000001 0.733654 0.5756410000000001 0.7413460000000001 0.58141 0.778526 0.601923 0.777244 0.6166670000000001 0.7618590000000001
0 0.5467949999999999 0.972115 0.552564 0.919551 0.560897 0.8875 0.569231 0.8631409999999999 0.5660259999999999 0.846474 0.542308 0.816987 0.539103 0.811859 0.516667 0.834936 0.503846 0.840064 0.48717900000000003 0.850321 0.474359 0.856731 0.45128199999999996 0.852885 0.44999999999999996 0.836218 0.440385 0.813141 0.43333299999999997 0.806731 0.414103 0.797756 0.391026 0.820833 0.373718 0.836218 0.398077 0.884936 0.40769200000000005 0.955449 0.416026 0.972115 0.42628200000000005 0.977244 0.44615400000000005 0.986218 0.483974 0.983654 0.519872 0.9708330000000001 0.535256 0.9708330000000001
0 0.31794900000000004 0.908013 0.34230799999999995 0.886218 0.33846200000000004 0.840064 0.34230799999999995 0.828526 0.351282 0.815705 0.358333 0.797756 0.359615 0.756731 0.354487 0.755449 0.337179 0.774679 0.32179500000000005 0.790064 0.30000000000000004 0.804167 0.28525599999999995 0.822115 0.275 0.847756 0.267308 0.88109 0.269872 0.900321 0.29679500000000003 0.923397
0 0.797436 0.616987 0.789103 0.5375 0.783974 0.500321 0.776923 0.46698700000000004 0.760256 0.460577 0.746154 0.49519199999999997 0.745513 0.5503210000000001 0.755769 0.600321 0.761538 0.6298079999999999 0.767949 0.649038 0.7846150000000001 0.620833
0 0.7141029999999999 0.582372 0.739744 0.559295 0.7429490000000001 0.545192 0.735256 0.505449 0.728846 0.478526 0.726923 0.42724399999999996 0.7185900000000001 0.40929499999999996 0.7141029999999999 0.397756 0.708974 0.396474 0.689103 0.413141 0.669231 0.44519200000000003 0.6551279999999999 0.48493600000000003 0.623718 0.48109 0.617308 0.49519199999999997 0.617308 0.54391 0.641667 0.579808 0.6756409999999999 0.596474 0.703846 0.5951919999999999
0 0.49230799999999997 0.749038 0.478846 0.656731 0.46346200000000004 0.638782 0.460897 0.600321 0.48141 0.568269 0.500641 0.500321 0.503205 0.48621800000000004 0.501282 0.44775600000000004 0.47307699999999997 0.48750000000000004 0.44743599999999994 0.516987 0.42884599999999995 0.560577 0.42371800000000004 0.5939099999999999 0.437821 0.647756 0.43205099999999996 0.683654 0.43140999999999996 0.713141 0.45128199999999996 0.740064 0.479487 0.752885
0 0.996154 0.48109 0.978205 0.48365400000000003 0.960897 0.48109 0.944872 0.461859 0.916667 0.44647400000000004 0.908974 0.41057699999999997 0.910897 0.36570499999999995 0.920513 0.313141 0.935256 0.31955100000000003 0.976282 0.34262800000000004 0.985256 0.30288499999999996 0.998077 0.28237199999999996
0 0.992949 0.04006399999999999 0.974359 0.063141 0.962179 0.09134600000000004 0.958974 0.10801300000000003 0.957051 0.13621799999999995 0.940385 0.14262799999999998 0.907051 0.10544900000000001 0.891667 0.09134600000000004 0.872436 0.056730999999999976 0.8628210000000001 0.03749999999999998 0.852564 0.008013000000000048 0.996154 0.009295000000000053
0 0.687179 0.17980799999999997 0.694231 0.14006399999999997 0.675 0.061859 0.6743589999999999 0.03365399999999996 0.6756409999999999 0.009295000000000053 0.585897 0.008013000000000048 0.5673079999999999 0.07467900000000005 0.5685899999999999 0.09647399999999995 0.5935900000000001 0.13109000000000004 0.603846 0.170833 0.633974 0.186218 0.657051 0.186218 0.6743589999999999 0.186218