0 0.992949 0.886218 0.975 0.834936 0.971154 0.797756 0.951282 0.764423 0.921154 0.7605770000000001 0.899359 0.7875 0.882051 0.920833 0.891667 0.950321 0.964103 0.965705 0.973077 0.99391 0.998718 0.995192 0.998077 0.899038
0 0.866667 0.977244 0.851923 0.879808 0.842949 0.770833 0.817949 0.663141 0.812821 0.575962 0.790385 0.558013 0.7378210000000001 0.564423 0.690385 0.6144229999999999 0.646795 0.68109 0.642949 0.73109 0.685897 0.796474 0.707692 0.916987 0.714744 0.945192 0.766026 0.986218 0.8628210000000001 0.990064
0 0.5576920000000001 0.895192 0.585897 0.8375 0.598718 0.808013 0.570513 0.675962 0.46474400000000005 0.699038 0.438462 0.6528849999999999 0.43140999999999996 0.568269 0.457692 0.5913459999999999 0.521795 0.6285259999999999 0.557051 0.5926279999999999 0.612179 0.5875 0.621795 0.520833 0.601923 0.463141 0.584615 0.39391 0.547436 0.36570499999999995 0.45192299999999996 0.45032099999999997 0.38589700000000005 0.49647399999999997 0.360897 0.5516030000000001 0.348718 0.6310899999999999 0.337179 0.751603 0.29807700000000004 0.829808 0.27756400000000003 0.942628 0.32564099999999996 0.924679 0.378846 0.873397 0.458333 0.9041669999999999 0.474359 0.950321 0.473718 0.991346 0.512821 0.988782 0.526282 0.941346 0.552564 0.886218
0 0.13269200000000003 0.7810900000000001 0.17179500000000003 0.736218 0.17500000000000004 0.664423 0.141667 0.6503209999999999 0.11217900000000003 0.586218 0.11602599999999996 0.5528850000000001 0.15448700000000004 0.49006400000000006 0.16987200000000002 0.440064 0.104487 0.332372 0.057691999999999966 0.351603 0.028205000000000036 0.40160300000000004 0.02948700000000004 0.49134599999999995 0.03397399999999995 0.549038 0.033332999999999946 0.599038 0.010897000000000046 0.622115 0.00961500000000004 0.660577 0.045513000000000026 0.6541669999999999 0.09038500000000005 0.68109 0.07628199999999996 0.728526 0.07628199999999996 0.759295 0.08269199999999999 0.791346 0.11282099999999995 0.7605770000000001
0 0.09679499999999996 0.986218 0.08910300000000004 0.920833 0.09807699999999997 0.874679 0.02179500000000001 0.7439100000000001 0.0032050000000000134 0.7413460000000001 0.003846000000000016 0.995192
0 0.29679500000000003 0.516987 0.313462 0.499038 0.32692299999999996 0.38878199999999996 0.31987200000000005 0.26442299999999996 0.31794900000000004 0.21185900000000002 0.330128 0.170833 0.369872 0.16057699999999997 0.505769 0.24647399999999997 0.5673079999999999 0.23621800000000004 0.5 0.1875 0.46987199999999996 0.15673099999999995 0.435256 0.12852600000000003 0.40384600000000004 0.09519200000000005 0.40512800000000004 0.04006399999999999 0.34358999999999995 0.09006400000000003 0.25833300000000003 0.10544900000000001 0.232692 0.184936 0.25641 0.22467899999999996 0.30384599999999995 0.26314099999999996 0.294872 0.333654 0.271154 0.338782 0.26217900000000005 0.38109000000000004 0.27692300000000003 0.47083299999999995 0.27756400000000003 0.518269
0 0.004487000000000019 0.310577 0.025641000000000025 0.30288499999999996 0.050000000000000044 0.328526 0.05384599999999995 0.286218 0.07499999999999996 0.23621800000000004 0.07499999999999996 0.16442299999999999 0.07051300000000005 0.08621800000000002 0.04871800000000004 0.05032099999999995 0.003846000000000016 0.008013000000000048
0 0.09487199999999996 0.149038 0.15384600000000004 0.17339700000000002 0.18974400000000002 0.17724399999999996 0.19038500000000003 0.15160300000000004 0.18717899999999998 0.09775599999999995 0.19102600000000003 0.06570500000000001 0.20448699999999997 0.009295000000000053 0.10641 0.004167000000000032 0.08910300000000004 0.051602999999999954 0.08333299999999999 0.09391000000000005
0 0.997436 0.668269 0.983974 0.656731 0.969872 0.661859 0.955769 0.701603 0.944872 0.658013 0.942949 0.616987 0.955128 0.577244 0.977564 0.5323720000000001 0.997436 0.5131410000000001
0 0.891026 0.525962 0.863462 0.565705 0.851282 0.5695509999999999 0.830128 0.5310900000000001 0.81859 0.5323720000000001 0.853846 0.463141 0.859615 0.482372 0.871795 0.501603
0 0.873077 0.30544899999999997 0.922436 0.266987 0.934615 0.24390999999999996 0.91859 0.184936 0.891026 0.22211499999999995 0.860897 0.251603 0.8448720000000001 0.28365399999999996 0.852564 0.299038
0 0.796795 0.03108999999999995 0.7621789999999999 0.07724399999999998 0.735256 0.04519200000000001 0.708974 0.056730999999999976 0.685256 0.07724399999999998 0.6717949999999999 0.12852600000000003 0.664103 0.054166999999999965 0.638462 0.008013000000000048 0.787821 0.004167000000000032
0 0.526282 0.008013000000000048 0.522436 0.056730999999999976 0.5 0.043910000000000005 0.486538 0.03621799999999997 0.436538 0.03493599999999997 0.42884599999999995 0.004167000000000032
0 0.6717949999999999 0.475962 0.6839740000000001 0.44647400000000004 0.677564 0.411859 0.6756409999999999 0.38878199999999996 0.661538 0.39134599999999997 0.6576919999999999 0.423397 0.654487 0.451603 0.653205 0.461859 0.664744 0.47467899999999996