0 0.005128000000000021 0.890064 0.013461999999999974 0.870833 0.025000000000000022 0.846474 0.03205100000000005 0.825962 0.04166700000000001 0.820833 0.05640999999999996 0.8644229999999999 0.09423099999999995 0.832372 0.08910300000000004 0.810577 0.09358999999999995 0.765705 0.09358999999999995 0.7426280000000001 0.09358999999999995 0.7233970000000001 0.09294899999999995 0.682372 0.09294899999999995 0.64391 0.09294899999999995 0.627244 0.08269199999999999 0.6118589999999999 0.06666700000000003 0.5926279999999999 0.06346200000000002 0.5708329999999999 0.06346200000000002 0.547756 0.059614999999999974 0.5349360000000001 0.052564000000000055 0.5118590000000001 0.03205100000000005 0.502885 0.01474399999999998 0.522115 0.0032050000000000134 0.536218 0.0032050000000000134 0.874679
0 0.21858999999999995 0.990064 0.21346200000000004 0.969551 0.212179 0.932372 0.21538500000000005 0.909295 0.210897 0.886218 0.17820499999999995 0.866987 0.13846199999999997 0.865705 0.12051299999999998 0.860577 0.10897400000000002 0.906731 0.12115399999999998 0.946474 0.13846199999999997 0.9708330000000001 0.14359 0.9875 0.141667 0.996474
0 0.349359 0.879808 0.36474399999999996 0.850321 0.379487 0.814423 0.389103 0.7810900000000001 0.38782099999999997 0.7426280000000001 0.43333299999999997 0.7221150000000001 0.460897 0.706731 0.483974 0.641346 0.435256 0.656731 0.40192300000000003 0.646474 0.396795 0.583654 0.371795 0.604167 0.34487199999999996 0.597756 0.34679499999999996 0.540064 0.335256 0.502885 0.314103 0.479808 0.30192300000000005 0.47467899999999996 0.289103 0.556731 0.27948700000000004 0.6144229999999999 0.275 0.656731 0.29871800000000004 0.69391 0.30512799999999995 0.7464740000000001 0.312179 0.799038 0.32692299999999996 0.818269 0.32307699999999995 0.860577 0.32435899999999995 0.868269
0 0.19999999999999996 0.825962 0.228846 0.797756 0.24038499999999996 0.773397 0.24038499999999996 0.7246790000000001 0.247436 0.699038 0.22115399999999996 0.665705 0.208974 0.688782 0.18653799999999998 0.699038 0.15641000000000005 0.727244 0.17051300000000003 0.752885 0.18653799999999998 0.790064
0 0.482051 0.929808 0.514744 0.920833 0.5480769999999999 0.929808 0.555769 0.877244 0.553205 0.868269 0.544872 0.8375 0.542949 0.816987 0.5301279999999999 0.778526 0.521154 0.768269 0.49230799999999997 0.818269 0.478846 0.852885 0.475 0.856731 0.459615 0.8875 0.458974 0.906731
0 0.23846199999999995 0.6144229999999999 0.24551299999999998 0.566987 0.247436 0.5349360000000001 0.249359 0.5131410000000001 0.251282 0.48493600000000003 0.250641 0.478526 0.24294899999999997 0.452885 0.24230799999999997 0.43109 0.25897400000000004 0.420833 0.272436 0.40416700000000005 0.26859 0.374679 0.25641 0.351603 0.23653800000000003 0.34647399999999995 0.21602600000000005 0.332372 0.19743599999999994 0.32211500000000004 0.19102600000000003 0.356731 0.21730799999999995 0.418269 0.21858999999999995 0.461859 0.20320499999999997 0.49134599999999995 0.19102600000000003 0.518269 0.21346200000000004 0.599038
0 0.10961500000000002 0.527244 0.13141000000000003 0.497756 0.15192300000000003 0.47211499999999995 0.16923100000000002 0.44903800000000005 0.17628200000000005 0.415705 0.17564100000000005 0.372115 0.165385 0.350321 0.145513 0.332372 0.12884600000000002 0.34134600000000004 0.125 0.36314100000000005 0.11410299999999995 0.38109000000000004 0.09166700000000005 0.39134599999999997 0.07243599999999994 0.415705 0.06859000000000004 0.456731 0.084615 0.482372 0.09551299999999996 0.506731 0.10320499999999999 0.527244
0 0.20512799999999998 0.26570499999999997 0.21730799999999995 0.24903799999999998 0.230128 0.25801300000000005 0.23974399999999996 0.25929500000000005 0.270513 0.250321 0.288462 0.228526 0.30576899999999996 0.16314099999999998 0.310256 0.14390999999999998 0.30833299999999997 0.06826900000000002 0.30000000000000004 0.04775600000000002 0.29615400000000003 0.04775600000000002 0.26282099999999997 0.08493600000000001 0.23397400000000002 0.146474 0.18846200000000002 0.17467900000000003 0.15576900000000005 0.204167 0.164744 0.24262799999999995 0.17435900000000004 0.26185899999999995 0.18461499999999997 0.269551 0.19615400000000005 0.27980799999999995
0 0.380769 0.44903800000000005 0.40320500000000004 0.42467900000000003 0.413462 0.42467900000000003 0.41859 0.38365400000000005 0.40641000000000005 0.351603 0.391026 0.332372 0.377564 0.32467900000000005 0.369231 0.32467900000000005 0.359615 0.37083299999999997 0.36474399999999996 0.415705 0.371795 0.44391
0 0.016025999999999985 0.315705 0.023077000000000014 0.292628 0.03141000000000005 0.27980799999999995 0.03717899999999996 0.25544900000000004 0.04423100000000002 0.23365400000000003 0.03397399999999995 0.208013 0.028205000000000036 0.20032099999999997 0.017948999999999993 0.19903800000000005 0.010256000000000043 0.23493600000000003 0.0032050000000000134 0.23621800000000004 0.0025640000000000107 0.306731
0 0.995513 0.822115 0.984615 0.786218 0.975 0.777244 0.959615 0.7823720000000001 0.932051 0.700321 0.919231 0.684936 0.910256 0.646474 0.9096150000000001 0.615705 0.9096150000000001 0.578526 0.933974 0.5528850000000001 0.948718 0.5336540000000001 0.953846 0.524679 0.955769 0.504167 0.955769 0.475962 0.942949 0.438782 0.938462 0.42980799999999997 0.955769 0.42596199999999995 0.977564 0.418269 0.999359 0.38749999999999996
0 0.95 0.36057700000000004 0.960256 0.332372 0.960897 0.274679 0.964744 0.24519199999999997 0.973718 0.227244 0.980128 0.21955100000000005 0.992308 0.250321 0.998077 0.22083299999999995 0.997436 0.20160299999999998 0.997436 0.188782 0.997436 0.166987 0.970513 0.14134599999999997 0.928205 0.12852600000000003 0.916667 0.13365400000000005 0.892308 0.15160300000000004 0.879487 0.17980799999999997 0.891026 0.21826900000000005 0.91859 0.24262799999999995 0.933333 0.299038 0.933974 0.34519200000000005
0 0.865385 0.420833 0.886538 0.413141 0.9 0.37083299999999997 0.903846 0.336218 0.896795 0.30032099999999995 0.889744 0.27980799999999995 0.88141 0.20032099999999997 0.875 0.17724399999999996 0.869231 0.168269 0.855128 0.23878200000000005 0.841026 0.22083299999999995 0.845513 0.15032100000000004 0.841026 0.06826900000000002 0.832692 0.05032099999999995 0.790385 0.06057699999999999 0.773077 0.10416700000000001 0.769231 0.15032100000000004 0.7858970000000001 0.17724399999999996 0.8019229999999999 0.19262800000000002 0.805769 0.21570500000000004 0.8019229999999999 0.251603 0.783974 0.25929500000000005 0.76859 0.28365399999999996 0.75 0.310577 0.733333 0.292628 0.691667 0.332372 0.6935899999999999 0.34903799999999996 0.7378210000000001 0.375962 0.7608969999999999 0.40288500000000005 0.7858970000000001 0.40288500000000005 0.810256 0.423397 0.810256 0.47467899999999996 0.822436 0.47467899999999996 0.827564 0.433654 0.826282 0.40288500000000005 0.826282 0.36185900000000004 0.826282 0.350321 0.826282 0.336218 0.832692 0.33109 0.839744 0.34262800000000004 0.846795 0.37083299999999997 0.855128 0.40801299999999996
0 0.704487 0.21314100000000002 0.712179 0.19262800000000002 0.732051 0.15929499999999996 0.736538 0.15416700000000005 0.745513 0.145192 0.753205 0.12339699999999998 0.757051 0.08750000000000002 0.732051 0.03878199999999998 0.7006410000000001 0.046474000000000015 0.694231 0.023397 0.689103 0.005449000000000037 0.6801280000000001 0.0028850000000000264 0.665385 0.027244000000000046 0.6608970000000001 0.03749999999999998 0.6525639999999999 0.09006400000000003 0.648718 0.12339699999999998 0.64359 0.15288500000000005 0.649359 0.17724399999999996 0.6576919999999999 0.190064 0.682051 0.19262800000000002 0.691667 0.19391000000000003 0.696795 0.206731
0 0.982051 0.005449000000000037 0.977564 0.027244000000000046 0.973718 0.043910000000000005 0.95641 0.04006399999999999 0.95 0.06826900000000002 0.937821 0.051602999999999954 0.930769 0.04006399999999999 0.922436 0.03108999999999995 0.915385 0.02083299999999999 0.916667 0.0028850000000000264
0 0.542949 0.0067310000000000425 0.514103 0.019550999999999985 0.48717900000000003 0.042628 0.46794899999999995 0.03878199999999998 0.44935899999999995 0.03493599999999997 0.43397399999999997 0.024679000000000006 0.43076899999999996 0.005449000000000037
0 0.08974400000000005 0.09647399999999995 0.10256399999999999 0.08109 0.10897400000000002 0.05801299999999998 0.12884600000000002 0.03878199999999998 0.11346199999999995 0.024679000000000006 0.11089700000000002 0.0028850000000000264 0.09551299999999996 0.019550999999999985 0.07179500000000005 0.05801299999999998 0.07371799999999995 0.07596199999999997 0.07820499999999997 0.082372
0 0.032692000000000054 0.100321 0.060255999999999976 0.07724399999999998 0.05705099999999996 0.05929499999999999 0.05064100000000005 0.049038000000000026 0.04679500000000003 0.02852600000000005 0.04487200000000002 0.016986999999999974 0.04423100000000002 0.001603000000000021 0.001923000000000008 0.004167000000000032 0.013461999999999974 0.06057699999999999 0.02435900000000002 0.07852599999999998