0 0.670513 0.846474 0.711538 0.8439099999999999 0.726923 0.832372 0.749359 0.797756 0.769231 0.772115 0.794872 0.725962 0.794872 0.697756 0.79359 0.647756 0.823718 0.597756 0.821795 0.58109 0.783974 0.463141 0.764103 0.40673099999999995 0.724359 0.438782 0.685897 0.6118589999999999 0.660256 0.647756 0.641026 0.669551 0.6141030000000001 0.690064 0.6128210000000001 0.770833 0.613462 0.828526 0.620513 0.847756 0.665385 0.8375
0 0.7185900000000001 0.9875 0.6980770000000001 0.950321 0.667949 0.963141 0.639744 0.973397 0.623077 0.945192 0.5916669999999999 0.9375 0.583974 0.990064 0.600641 0.996474 0.710256 0.996474
0 0.567949 0.995192 0.5538460000000001 0.964423 0.547436 0.916987 0.548718 0.850321 0.55 0.758013 0.525641 0.73109 0.504487 0.7439100000000001 0.49038499999999996 0.792628 0.47307699999999997 0.872115 0.46410300000000004 0.914423 0.435897 0.995192
0 0.517308 0.700321 0.525641 0.658013 0.510256 0.6131409999999999 0.54359 0.605449 0.566667 0.5746789999999999 0.585897 0.528526 0.577564 0.49006400000000006 0.572436 0.42467900000000003 0.532051 0.38109000000000004 0.519872 0.36698699999999995 0.477564 0.34006400000000003 0.46794899999999995 0.35929500000000003 0.47051299999999996 0.433654 0.47051299999999996 0.48493600000000003 0.42435900000000004 0.5926279999999999 0.434615 0.68109 0.499359 0.688782
0 0.34423099999999995 0.815705 0.354487 0.754167 0.36602599999999996 0.641346 0.36410299999999995 0.584936 0.371154 0.5695509999999999 0.40192300000000003 0.549038 0.396795 0.48493600000000003 0.399359 0.375962 0.40384600000000004 0.28493599999999997 0.380769 0.32339700000000005 0.36474399999999996 0.36314100000000005 0.34102600000000005 0.399038 0.314103 0.44519200000000003 0.30192300000000005 0.501603 0.30640999999999996 0.5746789999999999 0.28525599999999995 0.6092949999999999 0.24423099999999998 0.6516029999999999 0.248718 0.706731 0.276282 0.733654 0.30256400000000006 0.804167 0.330128 0.822115
0 0.395513 0.992628 0.376282 0.959295 0.33910300000000004 0.913141 0.30064100000000005 0.913141 0.273077 0.94391 0.266667 0.99391
0 0.24230799999999997 0.986218 0.228205 0.918269 0.210897 0.856731 0.19743599999999994 0.858013 0.17435900000000004 0.933654 0.15256400000000003 0.93109 0.125641 0.927244 0.127564 0.99391 0.23589700000000002 0.99391
0 0.11282099999999995 0.891346 0.14935900000000002 0.8375 0.15897399999999995 0.684936 0.16089699999999996 0.645192 0.13525600000000004 0.615705 0.128205 0.5528850000000001 0.19294900000000004 0.575962 0.249359 0.559295 0.253205 0.5298080000000001 0.20320499999999997 0.46442300000000003 0.17371800000000004 0.414423 0.162821 0.38493599999999994 0.13846199999999997 0.306731 0.105128 0.28493599999999997 0.10256399999999999 0.26185899999999995 0.059614999999999974 0.27596200000000004 0.030128000000000044 0.356731 0.02243600000000001 0.49519199999999997 0.062178999999999984 0.545192 0.09487199999999996 0.5541670000000001 0.11666699999999997 0.596474 0.08910300000000004 0.623397 0.057691999999999966 0.666987 0.040385000000000004 0.677244 0.018589999999999995 0.600321 0.003846000000000016 0.5695509999999999 0.0032050000000000134 0.786218 0.030128000000000044 0.773397 0.05064100000000005 0.79391 0.04359000000000002 0.865705 0.060255999999999976 0.877244 0.10064099999999998 0.89391
0 0.957692 0.6528849999999999 0.9666669999999999 0.565705 0.973077 0.49647399999999997 0.977564 0.42852599999999996 0.995513 0.377244 0.996154 0.27724400000000005 0.976923 0.309295 0.965385 0.39134599999999997 0.942308 0.455449 0.941026 0.5118590000000001 0.932051 0.542628 0.901282 0.5695509999999999 0.898077 0.6144229999999999 0.901923 0.641346 0.941667 0.6541669999999999
0 0.846795 0.299038 0.847436 0.23621800000000004 0.874359 0.13878199999999996 0.855769 0.05929499999999999 0.858974 0.0067310000000000425 0.796795 0.005449000000000037 0.8051280000000001 0.05801299999999998 0.794872 0.07980799999999999 0.772436 0.03878199999999998 0.753846 0.043910000000000005 0.739744 0.041345999999999994 0.705128 0.07339700000000005 0.686538 0.082372 0.6769229999999999 0.09134600000000004 0.675 0.13109000000000004 0.7006410000000001 0.166987 0.708974 0.21955100000000005 0.723077 0.274679 0.746795 0.314423 0.791667 0.308013 0.812179 0.297756 0.830769 0.30032099999999995
0 0.686538 0.21057700000000001 0.672436 0.170833 0.646795 0.12724400000000002 0.60641 0.09134600000000004 0.583333 0.05288499999999996 0.564103 0.03365399999999996 0.5358970000000001 0.03621799999999997 0.51859 0.06698700000000002 0.485897 0.10544900000000001 0.46794899999999995 0.14134599999999997 0.42948699999999995 0.25673100000000004 0.41859 0.34006400000000003 0.455769 0.316987 0.46730799999999995 0.251603 0.483333 0.19903800000000005 0.505769 0.22339699999999996 0.544872 0.26314099999999996 0.5756410000000001 0.19519200000000003 0.623718 0.17339700000000002 0.638462 0.16442299999999999 0.650641 0.19903800000000005
0 0.587179 0.422115 0.607692 0.34903799999999996 0.599359 0.292628 0.588462 0.27596200000000004 0.552564 0.290064 0.554487 0.34903799999999996 0.561538 0.38878199999999996
0 0.31923100000000004 0.26570499999999997 0.31666700000000003 0.19903800000000005 0.310897 0.18108999999999997 0.289103 0.13365400000000005 0.271795 0.15929499999999996 0.273077 0.21570500000000004 0.291667 0.24647399999999997 0.31730800000000003 0.27980799999999995