0 0.603846 0.99391 0.608333 0.94391 0.595513 0.854167 0.599359 0.816987 0.585256 0.79391 0.585256 0.754167 0.603846 0.706731 0.614744 0.658013 0.645513 0.627244 0.663462 0.5951919999999999 0.670513 0.5708329999999999 0.685256 0.54391 0.70641 0.518269 0.725641 0.5131410000000001 0.73141 0.5144230000000001 0.734615 0.5541670000000001 0.728846 0.602885 0.73141 0.6323719999999999 0.708333 0.675962 0.7006410000000001 0.695192 0.688462 0.725962 0.669872 0.769551 0.658974 0.815705 0.665385 0.850321 0.687821 0.873397 0.7006410000000001 0.882372 0.759615 0.899038 0.770513 0.918269 0.763462 0.9708330000000001 0.764103 0.99391
0 0.991026 0.920833 0.964103 0.897756 0.933974 0.877244 0.925641 0.851603 0.952564 0.846474 0.952564 0.832372 0.945513 0.7605770000000001 0.942308 0.718269 0.957051 0.706731 0.972436 0.733654 0.975641 0.791346 0.979487 0.811859 0.996795 0.8233969999999999 0.99359 0.49519199999999997 0.971795 0.5131410000000001 0.951923 0.49519199999999997 0.93141 0.48750000000000004 0.889103 0.482372 0.866026 0.5144230000000001 0.852564 0.5554490000000001 0.873077 0.6118589999999999 0.890385 0.649038 0.910256 0.646474 0.919231 0.686218 0.921795 0.713141 0.910256 0.7233970000000001 0.871795 0.7208330000000001 0.842949 0.736218 0.837179 0.786218 0.837179 0.822115 0.844231 0.846474 0.860897 0.88109 0.863462 0.927244 0.876282 0.995192 0.997436 0.996474 0.996795 0.9375
0 0.36217900000000003 0.975962 0.380128 0.914423 0.391026 0.877244 0.40384600000000004 0.8451919999999999 0.39359 0.816987 0.391667 0.773397 0.40705100000000005 0.732372 0.41153799999999996 0.727244 0.439103 0.777244 0.460256 0.772115 0.46538500000000005 0.764423 0.473718 0.7221150000000001 0.480128 0.6528849999999999 0.46923099999999995 0.6144229999999999 0.46538500000000005 0.49647399999999997 0.43397399999999997 0.48750000000000004 0.42564100000000005 0.49519199999999997 0.38141 0.506731 0.333974 0.5336540000000001 0.314744 0.5528850000000001 0.31666700000000003 0.5939099999999999 0.33141 0.691346 0.32435899999999995 0.7221150000000001 0.30000000000000004 0.7631410000000001 0.29359 0.810577 0.30064100000000005 0.827244 0.34230799999999995 0.8836539999999999 0.348718 0.901603 0.336538 0.946474 0.32499999999999996 0.992628 0.355128 0.991346
0 0.21410300000000004 0.986218 0.19166700000000003 0.869551 0.18076899999999996 0.819551 0.15769200000000005 0.695192 0.15320500000000004 0.68109 0.10256399999999999 0.672115 0.07307699999999995 0.690064 0.07884599999999997 0.725962 0.103846 0.738782 0.11025600000000002 0.7618590000000001 0.11153800000000003 0.788782 0.10833300000000001 0.8439099999999999 0.11025600000000002 0.886218 0.12051299999999998 0.923397 0.10064099999999998 0.955449 0.06458299999999995 1.0 0.20576899999999998 0.995192
0 0.012820999999999971 0.952885 0.017948999999999993 0.88109 0.023718000000000017 0.813141 0.028205000000000036 0.777244 0.03589699999999996 0.750321 0.047436000000000034 0.695192 0.04615400000000003 0.666987 0.03589699999999996 0.655449 0.03461499999999995 0.6285259999999999 0.059614999999999974 0.623397 0.08782100000000004 0.623397 0.09871799999999997 0.597756 0.09807699999999997 0.54391 0.07371799999999995 0.48109 0.04423100000000002 0.47211499999999995 0.032692000000000054 0.477244 0.003846000000000016 0.5554490000000001 0.003846000000000016 0.950321
0 0.49294899999999997 0.392628 0.501923 0.36955099999999996 0.5275639999999999 0.354167 0.519231 0.30416699999999997 0.503846 0.22467899999999996 0.501282 0.21570500000000004 0.476923 0.19519200000000003 0.44487200000000005 0.21442300000000003 0.434615 0.28365399999999996 0.44359000000000004 0.34134600000000004 0.455769 0.374679 0.476923 0.395192
0 0.923077 0.149038 0.886538 0.17852599999999996 0.8416669999999999 0.19903800000000005 0.836538 0.188782 0.829487 0.169551 0.794872 0.16442299999999999 0.771795 0.186218 0.787821 0.225962 0.782051 0.24775599999999998 0.7403850000000001 0.272115 0.705769 0.273397 0.6910259999999999 0.26442299999999996 0.642308 0.23621800000000004 0.585256 0.20032099999999997 0.5730770000000001 0.188782 0.5564100000000001 0.16185899999999998 0.553205 0.11826899999999996 0.5769230000000001 0.08109 0.619872 0.100321 0.6564099999999999 0.07083300000000003 0.680769 0.10801300000000003 0.703846 0.12083299999999997 0.734615 0.10929500000000003 0.746154 0.06698700000000002 0.769231 0.03108999999999995 0.791667 0.03108999999999995 0.833333 0.024679000000000006 0.853846 0.019550999999999985 0.858333 0.010576999999999948 0.905128 0.0028850000000000264 0.903846 0.06955100000000003 0.905128 0.101603 0.917949 0.12852600000000003
0 0.44487200000000005 0.09391000000000005 0.436538 0.14134599999999997 0.399359 0.147756 0.375641 0.09391000000000005 0.36538499999999996 0.08878200000000003 0.35 0.10673100000000002 0.32820499999999997 0.12724400000000002 0.30384599999999995 0.05801299999999998 0.32628199999999996 0.005449000000000037 0.43140999999999996 0.005449000000000037 0.435256 0.04775600000000002 0.44359000000000004 0.05288499999999996 0.44999999999999996 0.07980799999999999
0 0.23910299999999995 0.024679000000000006 0.21858999999999995 0.05544899999999997 0.21346200000000004 0.07211500000000004 0.20128199999999996 0.083654 0.18269199999999997 0.05929499999999999 0.14807700000000001 0.05032099999999995 0.11602599999999996 0.03365399999999996 0.10833300000000001 0.005449000000000037 0.23846199999999995 0.005449000000000037
0 0.09166700000000005 0.049038000000000026 0.06923100000000004 0.09775599999999995 0.05128200000000005 0.101603 0.02884600000000004 0.061859 0.019230999999999998 0.03749999999999998 0.003846000000000016 0.0067310000000000425 0.09679499999999996 0.005449000000000037
0 0.247436 0.520833 0.248077 0.46955100000000005 0.250641 0.461859 0.23974399999999996 0.4375 0.23461500000000002 0.42596199999999995 0.228205 0.418269 0.22435899999999998 0.40673099999999995 0.20512799999999998 0.40929499999999996 0.207692 0.438782 0.211538 0.501603 0.24102599999999996 0.5336540000000001
0 0.255769 0.660577 0.255769 0.6144229999999999 0.24615399999999998 0.5951919999999999 0.23846199999999995 0.5733969999999999 0.23653800000000003 0.566987 0.20320499999999997 0.5939099999999999 0.19935899999999995 0.616987 0.20705099999999999 0.638782 0.22499999999999998 0.636218 0.24166699999999997 0.6285259999999999 0.246795 0.634936