0 0.20320499999999997 0.5900639999999999 0.22307699999999997 0.516987 0.23910299999999995 0.48621800000000004 0.275 0.458013 0.31666700000000003 0.37980800000000003 0.312821 0.306731 0.30833299999999997 0.26570499999999997 0.28589699999999996 0.12339699999999998 0.264744 0.06570500000000001 0.22564099999999998 0.05929499999999999 0.20256399999999997 0.08621800000000002 0.20705099999999999 0.13621799999999995 0.209615 0.208013 0.20448699999999997 0.306731 0.16987200000000002 0.25673100000000004 0.16987200000000002 0.204167 0.12179499999999999 0.168269 0.11666699999999997 0.22083299999999995 0.11153800000000003 0.26314099999999996 0.10320499999999999 0.37083299999999997 0.13717900000000005 0.38109000000000004 0.16153799999999996 0.42596199999999995 0.19038500000000003 0.44647400000000004 0.17692300000000005 0.506731 0.16025599999999995 0.556731 0.162821 0.5926279999999999 0.18589699999999998 0.5913459999999999
0 0.15769200000000005 0.661859 0.14871800000000002 0.6118589999999999 0.12179499999999999 0.605449 0.11282099999999995 0.583654 0.09935899999999998 0.5144230000000001 0.09038500000000005 0.48621800000000004 0.11474399999999996 0.46955100000000005 0.09999999999999998 0.42724399999999996 0.06474400000000002 0.423397 0.055127999999999955 0.440064 0.039744 0.527244 0.02948700000000004 0.5310900000000001 0.027564000000000033 0.48750000000000004 0.033332999999999946 0.455449 0.03397399999999995 0.414423 0.02179500000000001 0.34006400000000003 0.003846000000000016 0.336218 0.004487000000000019 0.625962 0.04423100000000002 0.6131409999999999 0.08846200000000004 0.605449 0.08782100000000004 0.6310899999999999 0.11025600000000002 0.674679 0.13141000000000003 0.699038 0.13461500000000004 0.699038
0 0.585897 0.6323719999999999 0.608333 0.5875 0.610256 0.518269 0.610256 0.49006400000000006 0.623077 0.46955100000000005 0.63141 0.454167 0.6346149999999999 0.42980799999999997 0.601923 0.32467900000000005 0.591026 0.313141 0.559615 0.34006400000000003 0.546154 0.375962 0.539103 0.40801299999999996 0.501282 0.43109 0.496795 0.44647400000000004 0.5108969999999999 0.565705 0.530769 0.5951919999999999 0.5589740000000001 0.618269 0.569231 0.618269
0 0.717949 0.88109 0.776282 0.818269 0.798077 0.7823720000000001 0.808974 0.736218 0.811538 0.705449 0.814103 0.658013 0.79359 0.620833 0.772436 0.540064 0.757692 0.528526 0.7378210000000001 0.5554490000000001 0.714744 0.608013 0.691667 0.656731 0.692949 0.716987 0.687821 0.7451920000000001 0.654487 0.7810900000000001 0.65 0.822115 0.648077 0.866987 0.695513 0.905449
0 0.855128 0.6528849999999999 0.883333 0.509295 0.899359 0.48750000000000004 0.928205 0.48750000000000004 0.947436 0.458013 0.964103 0.38878199999999996 0.895513 0.377244 0.873718 0.433654 0.870513 0.372115 0.846154 0.299038 0.826282 0.291346 0.789103 0.30032099999999995 0.773077 0.3375 0.816667 0.38878199999999996 0.820513 0.45032099999999997 0.812179 0.500321 0.816026 0.5746789999999999 0.807692 0.615705 0.828846 0.6528849999999999 0.835256 0.656731
0 0.996795 0.24903799999999998 0.975 0.25929500000000005 0.950641 0.30160299999999995 0.935897 0.24775599999999998 0.930128 0.21698700000000004 0.925 0.206731 0.946154 0.14390999999999998 0.964103 0.11442300000000005 0.997436 0.049038000000000026
0 0.912179 0.12724400000000002 0.938462 0.102885 0.960897 0.07467900000000005 0.964744 0.05801299999999998 0.975 0.011858999999999953 0.789744 0.005449000000000037 0.7993589999999999 0.049038000000000026 0.810256 0.10673100000000002 0.83141 0.12083299999999997 0.858333 0.11314100000000005 0.880128 0.10801300000000003 0.885256 0.10801300000000003 0.899359 0.14134599999999997
0 0.696795 0.352885 0.7211540000000001 0.311859 0.725641 0.27596200000000004 0.7141029999999999 0.23750000000000004 0.7141029999999999 0.209295 0.6814100000000001 0.225962 0.672436 0.27980799999999995 0.666667 0.32211500000000004 0.679487 0.338782
0 0.557051 0.2875 0.571795 0.23750000000000004 0.554487 0.17980799999999997 0.538462 0.17339700000000002 0.504487 0.21570500000000004 0.521795 0.28237199999999996 0.563462 0.291346
0 0.32499999999999996 0.886218 0.352564 0.846474 0.351923 0.797756 0.349359 0.774679 0.32051300000000005 0.7439100000000001 0.30256400000000006 0.7426280000000001 0.289103 0.73109 0.27756400000000003 0.736218 0.28397399999999995 0.766987 0.310897 0.7875 0.291026 0.828526 0.28461499999999995 0.856731 0.29871800000000004 0.869551
0 0.13397400000000004 0.982372 0.11987199999999998 0.910577 0.09102600000000005 0.859295 0.087179 0.833654 0.07756399999999997 0.816987 0.06859000000000004 0.805449 0.06730800000000003 0.847756 0.05640999999999996 0.8836539999999999 0.03461499999999995 0.8426279999999999 0.02884600000000004 0.832372 0.015384999999999982 0.833654 0.019872 0.991346 0.12948700000000002 0.995192