0 0.398718 0.8003210000000001 0.41217899999999996 0.772115 0.437821 0.758013 0.44679500000000005 0.7618590000000001 0.459615 0.7798080000000001 0.476923 0.759295 0.477564 0.7375 0.44102600000000003 0.641346 0.44679500000000005 0.608013 0.473718 0.5721149999999999 0.505128 0.5298080000000001 0.5108969999999999 0.505449 0.526282 0.460577 0.533974 0.436218 0.48846199999999995 0.463141 0.462179 0.49390999999999996 0.42884599999999995 0.54391 0.414744 0.5875 0.40641000000000005 0.6092949999999999 0.38397400000000004 0.6144229999999999 0.372436 0.677244 0.36666699999999997 0.733654 0.371795 0.765705 0.380769 0.799038
0 0.5506409999999999 0.740064 0.5974360000000001 0.7208330000000001 0.6179490000000001 0.709295 0.630769 0.642628 0.58141 0.6118589999999999 0.552564 0.619551 0.530769 0.661859 0.5288459999999999 0.725962
0 0.7391030000000001 0.94391 0.734615 0.9375 0.6935899999999999 0.906731 0.677564 0.852885 0.650641 0.775962 0.6128210000000001 0.738782 0.601923 0.783654 0.5974360000000001 0.8375 0.610897 0.8836539999999999 0.6153850000000001 0.920833 0.625641 0.968269 0.639103 0.995192 0.722917 1.0
0 0.886538 0.992628 0.898077 0.938782 0.890385 0.8836539999999999 0.882692 0.820833 0.862179 0.7823720000000001 0.81859 0.700321 0.803205 0.665705 0.778205 0.660577 0.771154 0.7221150000000001 0.76859 0.828526 0.7993589999999999 0.818269 0.8019229999999999 0.856731 0.796154 0.884936 0.792308 0.94391 0.7814099999999999 0.978526 0.775641 0.99391 0.880128 0.996474
0 0.998077 0.884936 0.988462 0.899038 0.979487 0.955449 0.969872 0.977244 0.95 0.983654 0.939103 0.950321 0.9673080000000001 0.847756 0.967949 0.792628 0.958333 0.713141 0.951923 0.702885 0.944872 0.684936 0.933333 0.566987 0.936538 0.522115 0.950641 0.501603 0.960256 0.5131410000000001 0.978205 0.566987 0.99359 0.625962 0.998077 0.677244
0 0.875 0.5528850000000001 0.896154 0.49006400000000006 0.883333 0.460577 0.870513 0.451603 0.847436 0.475962 0.855769 0.516987 0.860256 0.5323720000000001
0 0.769872 0.563141 0.805769 0.545192 0.794872 0.482372 0.782051 0.36057700000000004 0.8038460000000001 0.332372 0.810897 0.309295 0.807692 0.28237199999999996 0.7993589999999999 0.25673100000000004 0.755128 0.205449 0.763462 0.28493599999999997 0.714744 0.290064 0.6993590000000001 0.338782 0.689103 0.38621799999999995 0.690385 0.46570500000000004 0.6948719999999999 0.504167 0.720513 0.522115 0.7416670000000001 0.545192
0 0.646154 0.441346 0.6608970000000001 0.415705 0.6596150000000001 0.373397 0.647436 0.355449 0.642949 0.34647399999999995 0.6153850000000001 0.37852600000000003 0.6333329999999999 0.40801299999999996
0 0.6583330000000001 0.309295 0.66859 0.273397 0.6948719999999999 0.28108999999999995 0.6961539999999999 0.25673100000000004 0.702564 0.22083299999999995 0.697436 0.17467900000000003 0.6839740000000001 0.16057699999999997 0.671154 0.17211500000000002 0.6576919999999999 0.19775600000000004 0.64359 0.21185900000000002 0.6320509999999999 0.26314099999999996 0.641667 0.288782
0 0.25961500000000004 0.672115 0.27756400000000003 0.6298079999999999 0.292949 0.646474 0.315385 0.5528850000000001 0.31730800000000003 0.523397 0.29615400000000003 0.500321 0.23397400000000002 0.458013 0.21858999999999995 0.44775600000000004 0.18461499999999997 0.436218 0.15705100000000005 0.497756 0.15384600000000004 0.5516030000000001 0.17115400000000003 0.6105769999999999 0.19935899999999995 0.582372 0.20512799999999998 0.578526 0.22628199999999998 0.588782 0.24358999999999997 0.599038 0.24358999999999997 0.615705 0.23974399999999996 0.668269
0 0.005769000000000024 0.5375 0.02243600000000001 0.541346 0.07564099999999996 0.5105770000000001 0.08269199999999999 0.49390999999999996 0.08846200000000004 0.442628 0.09038500000000005 0.36570499999999995 0.11666699999999997 0.315705 0.19102600000000003 0.36185900000000004 0.20705099999999999 0.313141 0.208974 0.1875 0.19487200000000005 0.101603 0.162821 0.09775599999999995 0.09999999999999998 0.083654 0.08910300000000004 0.027244000000000046 0.08910300000000004 0.008013000000000048 0.0025640000000000107 0.005449000000000037 0.0012820000000000054 0.524679
0 0.985256 0.36698699999999995 0.952564 0.36955099999999996 0.923077 0.34647399999999995 0.910256 0.310577 0.88141 0.28493599999999997 0.900641 0.23365400000000003 0.913462 0.23750000000000004 0.934615 0.274679 0.9480770000000001 0.296474 0.974359 0.28108999999999995 0.978205 0.274679
0 0.902564 0.08621800000000002 0.919231 0.022114999999999996 0.915385 0.010576999999999948 0.86859 0.004167000000000032 0.872436 0.049038000000000026 0.882692 0.082372
0 0.754487 0.165705 0.771795 0.13621799999999995 0.75641 0.083654 0.744231 0.12852600000000003 0.746154 0.16057699999999997
0 0.834615 0.05544899999999997 0.851282 0.046474000000000015 0.855769 0.03621799999999997 0.857692 0.024679000000000006 0.85 0.009295000000000053 0.792308 0.0067310000000000425 0.776282 0.02596200000000004 0.775641 0.04775600000000002 0.796795 0.046474000000000015 0.8198719999999999 0.051602999999999954 0.8256410000000001 0.051602999999999954
0 0.503846 0.12467899999999998 0.522436 0.07852599999999998 0.5493589999999999 0.051602999999999954 0.578846 0.04006399999999999 0.576282 0.010576999999999948 0.50641 0.008013000000000048 0.482692 0.06057699999999999 0.46794899999999995 0.07339700000000005 0.486538 0.10801300000000003 0.48846199999999995 0.11442300000000005 0.510256 0.12596200000000002