0 0.11025600000000002 0.841346 0.15000000000000002 0.818269 0.17435900000000004 0.8003210000000001 0.15320500000000004 0.7618590000000001 0.13717900000000005 0.7439100000000001 0.13589700000000005 0.7233970000000001 0.15512800000000004 0.665705 0.18140999999999996 0.661859 0.18333299999999997 0.584936 0.18012799999999995 0.5721149999999999 0.16217899999999996 0.559295 0.126282 0.561859 0.09551299999999996 0.564423 0.085897 0.564423 0.08076899999999998 0.619551 0.06666700000000003 0.656731 0.05064100000000005 0.69391 0.05064100000000005 0.736218 0.05384599999999995 0.7875 0.05384599999999995 0.814423 0.08012799999999998 0.811859 0.085256 0.827244
0 0.41089699999999996 0.764423 0.438462 0.766987 0.460897 0.7413460000000001 0.475641 0.719551 0.45320499999999997 0.700321 0.45641 0.672115 0.476282 0.664423 0.485897 0.669551 0.48782099999999995 0.6310899999999999 0.486538 0.602885 0.508974 0.600321 0.484615 0.520833 0.45384599999999997 0.5541670000000001 0.44999999999999996 0.578526 0.44679500000000005 0.584936 0.42500000000000004 0.5733969999999999 0.38525600000000004 0.54391 0.378846 0.5310900000000001 0.359615 0.5105770000000001 0.335897 0.5298080000000001 0.31794900000000004 0.518269 0.30897399999999997 0.5323720000000001 0.313462 0.588782 0.32499999999999996 0.641346 0.352564 0.665705 0.35641 0.697756 0.34423099999999995 0.73109 0.376282 0.733654 0.38589700000000005 0.766987 0.390385 0.777244 0.401282 0.770833
0 0.733333 0.605449 0.744872 0.583654 0.747436 0.546474 0.738462 0.500321 0.738462 0.46826900000000005 0.732051 0.44775600000000004 0.703846 0.415705 0.7006410000000001 0.397756 0.6839740000000001 0.39134599999999997 0.667308 0.39006399999999997 0.651923 0.39134599999999997 0.650641 0.40673099999999995 0.6538459999999999 0.451603 0.64359 0.502885 0.644231 0.525962 0.664744 0.5695509999999999 0.6769229999999999 0.5900639999999999 0.687179 0.6105769999999999 0.6980770000000001 0.5939099999999999 0.7153849999999999 0.5939099999999999
0 0.927564 0.479808 0.941667 0.441346 0.957051 0.411859 0.955128 0.39006399999999997 0.953205 0.36057700000000004 0.966026 0.351603 0.948718 0.308013 0.942949 0.28237199999999996 0.93141 0.26442299999999996 0.930128 0.250321 0.941026 0.23621800000000004 0.934615 0.22467899999999996 0.920513 0.23237200000000002 0.905128 0.26185899999999995 0.882692 0.288782 0.863462 0.310577 0.819231 0.34519200000000005 0.812821 0.36057700000000004 0.807051 0.40288500000000005 0.817949 0.432372 0.837821 0.4375 0.870513 0.454167 0.903846 0.479808 0.919231 0.48878200000000005
0 0.996795 0.756731 0.991667 0.738782 0.9673080000000001 0.756731 0.949359 0.7439100000000001 0.920513 0.733654 0.917308 0.690064 0.904487 0.6105769999999999 0.904487 0.577244 0.9064099999999999 0.5708329999999999 0.949359 0.601603 0.954487 0.5900639999999999 0.962821 0.565705 0.996795 0.5310900000000001
0 0.5711539999999999 0.334936 0.5769230000000001 0.306731 0.584615 0.30160299999999995 0.602564 0.32467900000000005 0.603205 0.28237199999999996 0.5961540000000001 0.25544900000000004 0.579487 0.23493600000000003 0.567949 0.23109000000000002 0.5301279999999999 0.227244 0.516667 0.21955100000000005 0.5070509999999999 0.21955100000000005 0.502564 0.26442299999999996 0.521795 0.32083300000000003 0.523077 0.34519200000000005 0.5275639999999999 0.35929500000000003 0.537821 0.351603 0.541026 0.32083300000000003 0.5519229999999999 0.32211500000000004 0.5589740000000001 0.34006400000000003
0 0.247436 0.31955100000000003 0.250641 0.313141 0.24551299999999998 0.26570499999999997 0.24166699999999997 0.25544900000000004 0.23461500000000002 0.23621800000000004 0.233333 0.225962 0.249359 0.21314100000000002 0.255769 0.21185900000000002 0.26089700000000005 0.184936 0.253205 0.12339699999999998 0.251282 0.09647399999999995 0.250641 0.082372 0.250641 0.061859 0.246795 0.05032099999999995 0.24166699999999997 0.04006399999999999 0.228846 0.03108999999999995 0.209615 0.07596199999999997 0.18974400000000002 0.13109000000000004 0.17371800000000004 0.16314099999999998 0.17115400000000003 0.18237199999999998 0.17948699999999995 0.206731 0.20064099999999996 0.23109000000000002 0.20128199999999996 0.272115 0.18397399999999997 0.333654 0.19230800000000003 0.354167 0.210897 0.34391000000000005 0.228846 0.313141
0 0.27820500000000004 0.6285259999999999 0.30064100000000005 0.608013 0.29615400000000003 0.5746789999999999 0.28461499999999995 0.538782 0.269872 0.522115 0.23974399999999996 0.522115 0.232051 0.5349360000000001 0.24102599999999996 0.616987 0.251923 0.6336539999999999
0 0.13653800000000005 0.49006400000000006 0.15961499999999995 0.452885 0.15448700000000004 0.422115 0.14807700000000001 0.38621799999999995 0.14038499999999998 0.338782 0.11346199999999995 0.333654 0.10256399999999999 0.36698699999999995 0.09807699999999997 0.396474 0.09551299999999996 0.411859 0.09102600000000005 0.44647400000000004 0.11089700000000002 0.455449 0.13076900000000002 0.475962
0 0.40512800000000004 0.311859 0.42307700000000004 0.29391 0.42948699999999995 0.268269 0.42115400000000003 0.23493600000000003 0.41025599999999995 0.21955100000000005 0.391667 0.21185900000000002 0.36602599999999996 0.225962 0.36538499999999996 0.26570499999999997 0.38589700000000005 0.292628 0.392308 0.311859
0 0.41089699999999996 0.17467900000000003 0.419231 0.13749999999999996 0.420513 0.102885 0.417949 0.07467900000000005 0.417308 0.05288499999999996 0.420513 0.029807999999999946 0.420513 0.004167000000000032 0.348718 0.0003210000000000157 0.336538 0.083654 0.333974 0.13365400000000005 0.32628199999999996 0.166987 0.348718 0.19775600000000004 0.36474399999999996 0.18108999999999997 0.38782099999999997 0.169551 0.394872 0.16185899999999998
0 0.6980770000000001 0.24775599999999998 0.696795 0.21698700000000004 0.694231 0.19134600000000002 0.679487 0.16442299999999999 0.6743589999999999 0.15673099999999995 0.663462 0.16057699999999997 0.649359 0.21057700000000001 0.649359 0.22211499999999995 0.685897 0.24775599999999998
0 0.605128 0.09647399999999995 0.6320509999999999 0.08109 0.646154 0.06570500000000001 0.639103 0.03108999999999995 0.639744 0.011858999999999953 0.6320509999999999 0.004167000000000032 0.610256 0.008013000000000048 0.601282 0.03878199999999998 0.587179 0.049038000000000026 0.573718 0.04519200000000001 0.5589740000000001 0.06442300000000001 0.5576920000000001 0.083654 0.570513 0.09391000000000005 0.580128 0.100321
0 0.923718 0.15801299999999996 0.922436 0.12596200000000002 0.929487 0.101603 0.933333 0.07211500000000004 0.933333 0.05032099999999995 0.932051 0.009295000000000053 0.916026 0.008013000000000048 0.902564 0.010576999999999948 0.899359 0.032371999999999956 0.891667 0.06955100000000003 0.8628210000000001 0.08878200000000003 0.851923 0.08878200000000003 0.837179 0.10673100000000002 0.837179 0.15288500000000005 0.830769 0.165705 0.813462 0.14390999999999998 0.803205 0.11955099999999996 0.7826919999999999 0.09006400000000003 0.766026 0.09006400000000003 0.755769 0.12467899999999998 0.7608969999999999 0.17724399999999996 0.787821 0.18365399999999998 0.8019229999999999 0.21698700000000004 0.816667 0.227244 0.846795 0.21442300000000003 0.864744 0.21185900000000002 0.878205 0.21826900000000005 0.889103 0.17852599999999996 0.894872 0.16442299999999999 0.907051 0.17339700000000002 0.913462 0.17980799999999997
0 0.851923 0.949038 0.846154 0.900321 0.8391029999999999 0.879808 0.830769 0.872115 0.8051280000000001 0.882372 0.795513 0.865705 0.789744 0.8375 0.782051 0.8233969999999999 0.766667 0.847756 0.766026 0.884936 0.760256 0.923397 0.75641 0.960577 0.7621789999999999 0.975962 0.808974 0.986218 0.846795 0.986218 0.85641 0.986218