0 0.16025599999999995 0.996474 0.146154 0.920833 0.15256400000000003 0.8246789999999999 0.145513 0.806731 0.127564 0.736218 0.125 0.642628 0.12051299999999998 0.5875 0.10641 0.5375 0.09102600000000005 0.5105770000000001 0.07051300000000005 0.505449 0.039103 0.508013 0.017948999999999993 0.559295 0.04423100000000002 0.565705 0.055127999999999955 0.577244 0.05192300000000005 0.663141 0.04935900000000004 0.688782 0.05833299999999997 0.7426280000000001 0.042949000000000015 0.786218 0.030128000000000044 0.791346 0.0025640000000000107 0.83109 0.005769000000000024 0.996474
0 0.584615 0.991346 0.5538460000000001 0.955449 0.54359 0.955449 0.540385 0.882372 0.530769 0.858013 0.48782099999999995 0.866987 0.47307699999999997 0.934936 0.44423100000000004 0.877244 0.43333299999999997 0.866987 0.42564100000000005 0.8451919999999999 0.40705100000000005 0.8233969999999999 0.400641 0.815705 0.38653800000000005 0.850321 0.369872 0.8875 0.34551299999999996 0.996474
0 0.309615 0.7631410000000001 0.32115400000000005 0.704167 0.34166700000000005 0.672115 0.34038500000000005 0.638782 0.329487 0.6144229999999999 0.34487199999999996 0.5528850000000001 0.36346199999999995 0.545192 0.380128 0.561859 0.40897399999999995 0.5951919999999999 0.419231 0.563141 0.42756400000000006 0.478526 0.412821 0.44391 0.400641 0.40544899999999995 0.395513 0.37852600000000003 0.358974 0.34134600000000004 0.31794900000000004 0.32211500000000004 0.271795 0.374679 0.253846 0.395192 0.26153800000000005 0.47211499999999995 0.269231 0.518269 0.26217900000000005 0.5516030000000001 0.22499999999999998 0.620833 0.230769 0.656731 0.273718 0.678526 0.28461499999999995 0.718269 0.292308 0.756731 0.294872 0.804167
0 0.6788460000000001 0.8631409999999999 0.692949 0.8233969999999999 0.7128209999999999 0.759295 0.7128209999999999 0.733654 0.6935899999999999 0.713141 0.648718 0.705449 0.602564 0.6875 0.610256 0.6285259999999999 0.628205 0.561859 0.6371789999999999 0.5157050000000001 0.6743589999999999 0.461859 0.679487 0.434936 0.658974 0.3375 0.6141030000000001 0.372115 0.562821 0.48109 0.5288459999999999 0.54391 0.5326919999999999 0.606731 0.544231 0.672115 0.5314099999999999 0.734936 0.5506409999999999 0.8016030000000001 0.608333 0.874679 0.6346149999999999 0.884936 0.664103 0.8836539999999999
0 0.848077 0.978526 0.8256410000000001 0.929808 0.826923 0.890064 0.757692 0.888782 0.766667 0.938782 0.75 0.919551 0.737179 0.895192 0.685897 0.899038 0.682051 0.952885 0.691667 0.991346 0.812179 0.992628
0 0.951923 0.969551 0.93141 0.961859 0.892949 0.924679 0.888462 0.8631409999999999 0.891026 0.797756 0.851282 0.811859 0.811538 0.822115 0.810256 0.7823720000000001 0.8 0.733654 0.787179 0.699038 0.776282 0.6875 0.769231 0.645192 0.769231 0.568269 0.809615 0.556731 0.833974 0.549038 0.848077 0.542628 0.854487 0.5375 0.85641 0.524679 0.853846 0.49647399999999997 0.850641 0.482372 0.821795 0.451603 0.814103 0.433654 0.8038460000000001 0.34647399999999995 0.815385 0.314423 0.826923 0.313141 0.855769 0.32467900000000005 0.887821 0.333654 0.914103 0.333654 0.919231 0.329808 0.914744 0.291346 0.914744 0.28365399999999996 0.930128 0.269551 0.960256 0.27980799999999995 0.984615 0.288782 0.994872 0.32083300000000003 0.989103 0.36955099999999996 0.975641 0.399038 0.969872 0.440064 0.964103 0.49390999999999996 0.998077 0.477244 0.999359 0.854167 0.970513 0.832372 0.960256 0.756731 0.964103 0.697756 0.957692 0.679808 0.946154 0.658013 0.9288460000000001 0.6323719999999999 0.919872 0.6118589999999999 0.9076919999999999 0.547756 0.900641 0.5310900000000001 0.889744 0.527244 0.878846 0.565705 0.876282 0.6131409999999999 0.875641 0.646474 0.869872 0.690064 0.891667 0.708013 0.926282 0.7246790000000001 0.935897 0.764423 0.959615 0.9041669999999999 0.957051 0.959295
0 0.725641 0.07852599999999998 0.687179 0.10544900000000001 0.651923 0.12467899999999998 0.6141030000000001 0.08878200000000003 0.594231 0.06955100000000003 0.5660259999999999 0.0067310000000000425 0.7153849999999999 0.005449000000000037 0.717949 0.03749999999999998 0.733333 0.051602999999999954
0 0.42692300000000005 0.22083299999999995 0.45128199999999996 0.20032099999999997 0.46987199999999996 0.19647400000000004 0.46666700000000005 0.14134599999999997 0.44166700000000003 0.05801299999999998 0.42243600000000003 0.041345999999999994 0.391667 0.05801299999999998 0.38333300000000003 0.056730999999999976 0.371154 0.08750000000000002 0.38141 0.145192 0.38717900000000005 0.18365399999999998 0.400641 0.21057700000000001
0 0.030769000000000046 0.452885 0.03717899999999996 0.42467900000000003 0.04615400000000003 0.40544899999999995 0.039103 0.38878199999999996 0.03397399999999995 0.358013 0.033332999999999946 0.34134600000000004 0.026282000000000028 0.314423 0.015384999999999982 0.292628 0.003846000000000016 0.28365399999999996 0.0032050000000000134 0.44775600000000004
0 0.20128199999999996 0.477244 0.19935899999999995 0.4375 0.19423100000000004 0.420833 0.18140999999999996 0.399038 0.17820499999999995 0.39391 0.15000000000000002 0.42596199999999995 0.15000000000000002 0.436218 0.19038500000000003 0.44775600000000004
0 0.18076899999999996 0.35929500000000003 0.18846200000000002 0.28237199999999996 0.18140999999999996 0.25801300000000005 0.17500000000000004 0.23621800000000004 0.14038499999999998 0.24519199999999997 0.127564 0.30032099999999995 0.15320500000000004 0.35929500000000003
0 0.03205100000000005 0.17980799999999997 0.06987200000000005 0.19519200000000003 0.12179499999999999 0.19903800000000005 0.11474399999999996 0.14390999999999998 0.09935899999999998 0.10929500000000003 0.09615399999999996 0.10673100000000002 0.04102600000000001 0.07724399999999998 0.003846000000000016 0.05032099999999995 0.001923000000000008 0.19262800000000002