0 0.355128 0.98109 0.359615 0.932372 0.376923 0.9028849999999999 0.38525600000000004 0.884936 0.36666699999999997 0.851603 0.32564099999999996 0.825962 0.291026 0.802885 0.269231 0.797756 0.21602600000000005 0.849038 0.22051299999999996 0.895192 0.232051 0.910577 0.253846 0.932372 0.269872 0.995192 0.350641 0.99391
0 0.49230799999999997 0.98109 0.476923 0.9028849999999999 0.476923 0.832372 0.458333 0.783654 0.458333 0.7246790000000001 0.416026 0.69391 0.395513 0.677244 0.369872 0.68109 0.34679499999999996 0.699038 0.34615399999999996 0.740064 0.36730799999999997 0.773397 0.375 0.855449 0.395513 0.868269 0.40384600000000004 0.873397 0.40384600000000004 0.942628 0.436538 0.9708330000000001 0.44294900000000004 0.988782 0.48717900000000003 0.991346
0 0.564744 0.858013 0.583333 0.819551 0.591026 0.774679 0.5743590000000001 0.705449 0.569231 0.691346 0.566667 0.624679 0.571795 0.5939099999999999 0.5673079999999999 0.49006400000000006 0.592949 0.436218 0.5660259999999999 0.36185900000000004 0.5108969999999999 0.314423 0.476282 0.316987 0.457692 0.373397 0.46538500000000005 0.42852599999999996 0.46794899999999995 0.46570500000000004 0.46923099999999995 0.5746789999999999 0.5083329999999999 0.560577 0.532051 0.5695509999999999 0.5288459999999999 0.702885 0.524359 0.706731 0.48910299999999995 0.675962 0.460897 0.68109 0.462179 0.759295 0.496154 0.777244 0.519872 0.766987 0.529487 0.799038 0.516667 0.8233969999999999 0.548718 0.8426279999999999 0.5564100000000001 0.8426279999999999
0 0.690385 0.99391 0.728846 0.925962 0.744872 0.8426279999999999 0.76859 0.7810900000000001 0.780769 0.765705 0.7993589999999999 0.750321 0.8019229999999999 0.700321 0.8019229999999999 0.670833 0.809615 0.620833 0.820513 0.6092949999999999 0.848718 0.6118589999999999 0.860897 0.600321 0.862179 0.516987 0.85641 0.46955100000000005 0.848077 0.42980799999999997 0.8403849999999999 0.40929499999999996 0.804487 0.38365400000000005 0.757051 0.42467900000000003 0.751282 0.475962 0.737179 0.546474 0.7378210000000001 0.575962 0.727564 0.620833 0.729487 0.683654 0.721795 0.7439100000000001 0.6948719999999999 0.7618590000000001 0.6576919999999999 0.795192 0.639744 0.8233969999999999 0.641667 0.884936 0.650641 0.950321 0.650641 0.995192
0 0.929487 0.988782 0.932692 0.932372 0.938462 0.8836539999999999 0.9269229999999999 0.8375 0.903205 0.815705 0.885897 0.809295 0.875641 0.802885 0.880769 0.772115 0.866026 0.7605770000000001 0.846154 0.755449 0.827564 0.755449 0.812821 0.7618590000000001 0.8019229999999999 0.810577 0.798718 0.847756 0.810256 0.849038 0.826923 0.8426279999999999 0.8448720000000001 0.8836539999999999 0.866667 0.924679 0.873718 0.965705 0.860897 0.991346
0 0.971154 0.8375 0.978205 0.809295 0.980128 0.7810900000000001 0.976282 0.725962 0.975641 0.697756 0.96859 0.649038 0.967949 0.627244 0.996795 0.6310899999999999 0.996154 0.419551 0.959615 0.413141 0.920513 0.40929499999999996 0.8871789999999999 0.509295 0.876923 0.577244 0.875 0.622115 0.889103 0.6541669999999999 0.892949 0.683654 0.892949 0.714423 0.912179 0.786218 0.957051 0.8375
0 0.860256 0.315705 0.913462 0.27724400000000005 0.926282 0.24390999999999996 0.913462 0.21570500000000004 0.851282 0.15288500000000005 0.826923 0.15288500000000005 0.798718 0.15288500000000005 0.755769 0.12980800000000003 0.766026 0.21955100000000005 0.776282 0.24647399999999997 0.7846150000000001 0.266987 0.7846150000000001 0.28493599999999997 0.807051 0.266987 0.814103 0.28108999999999995 0.817949 0.327244 0.845513 0.329808 0.850641 0.327244
0 0.994872 0.27596200000000004 0.962179 0.27980799999999995 0.946154 0.272115 0.938462 0.22083299999999995 0.94359 0.206731 0.937821 0.18108999999999997 0.924359 0.166987 0.923718 0.15416700000000005 0.942949 0.09006400000000003 0.976923 0.07467900000000005 0.997436 0.04006399999999999
0 0.690385 0.41057699999999997 0.702564 0.32339700000000005 0.7211540000000001 0.333654 0.723718 0.28237199999999996 0.7006410000000001 0.205449 0.687821 0.17211500000000002 0.663462 0.188782 0.640385 0.23878200000000005 0.642949 0.288782 0.675 0.286218 0.6788460000000001 0.318269 0.6730769999999999 0.352885 0.644231 0.327244 0.625641 0.32467900000000005 0.613462 0.355449 0.612179 0.399038 0.628205 0.42852599999999996 0.655769 0.418269 0.6730769999999999 0.40544899999999995
0 0.60641 0.188782 0.63141 0.12083299999999997 0.649359 0.06570500000000001 0.650641 0.03749999999999998 0.645513 0.009295000000000053 0.5769230000000001 0.008013000000000048 0.562179 0.051602999999999954 0.553205 0.0067310000000000425 0.494231 0.010576999999999948 0.494231 0.05929499999999999 0.503205 0.13493599999999994 0.548718 0.13365400000000005 0.5660259999999999 0.14262799999999998 0.58141 0.18108999999999997
0 0.728205 0.082372 0.745513 0.05288499999999996 0.746154 0.02596200000000004 0.744231 0.005449000000000037 0.692949 0.008013000000000048 0.7006410000000001 0.056730999999999976 0.70641 0.07467900000000005
0 0.39359 0.34391000000000005 0.41217899999999996 0.34134600000000004 0.42115400000000003 0.318269 0.439103 0.24647399999999997 0.44487200000000005 0.20032099999999997 0.44871799999999995 0.168269 0.435256 0.12339699999999998 0.42307700000000004 0.083654 0.40384600000000004 0.06698700000000002 0.400641 0.027244000000000046 0.391026 0.0067310000000000425 0.291026 0.009295000000000053 0.30640999999999996 0.01826899999999998 0.337179 0.032371999999999956 0.353846 0.06698700000000002 0.36602599999999996 0.100321 0.36282099999999995 0.16314099999999998 0.34358999999999995 0.184936 0.310897 0.24006400000000006 0.29615400000000003 0.25416700000000003 0.294231 0.336218 0.30256400000000006 0.37852600000000003 0.34487199999999996 0.39391 0.369872 0.38621799999999995 0.38333300000000003 0.351603
0 0.227564 0.692628 0.253846 0.658013 0.253846 0.597756 0.24551299999999998 0.561859 0.23782099999999995 0.523397 0.20640999999999998 0.479808 0.19999999999999996 0.438782 0.20320499999999997 0.38878199999999996 0.18461499999999997 0.372115 0.16794900000000001 0.36185900000000004 0.16794900000000001 0.38749999999999996 0.19359000000000004 0.479808 0.17948699999999995 0.49647399999999997 0.16089699999999996 0.49006400000000006 0.15256400000000003 0.5875 0.18461499999999997 0.604167 0.19230800000000003 0.642628 0.20512799999999998 0.672115
0 0.08205099999999999 0.586218 0.10961500000000002 0.560577 0.11666699999999997 0.519551 0.09423099999999995 0.48493600000000003 0.08269199999999999 0.46826900000000005 0.05064100000000005 0.5157050000000001 0.03717899999999996 0.566987 0.057691999999999966 0.58109
0 0.15448700000000004 0.17339700000000002 0.17115400000000003 0.14262799999999998 0.22115399999999996 0.15160300000000004 0.20640999999999998 0.08621800000000002 0.167308 0.04519200000000001 0.14359 0.09519200000000005 0.141667 0.15288500000000005 0.14038499999999998 0.168269 0.14807700000000001 0.18237199999999998
0 0.11730799999999997 0.34647399999999995 0.11858999999999997 0.286218 0.11025600000000002 0.268269 0.07564099999999996 0.24903799999999998 0.05384599999999995 0.23878200000000005 0.04230800000000001 0.25544900000000004 0.06987200000000005 0.274679 0.09999999999999998 0.29391 0.08910300000000004 0.314423 0.06987200000000005 0.327244 0.09423099999999995 0.34647399999999995 0.10256399999999999 0.350321
0 0.03653799999999996 0.149038 0.04359000000000002 0.06955100000000003 0.050000000000000044 0.02596200000000004 0.05192300000000005 0.016986999999999974 0.02435900000000002 0.01570499999999997 0.015384999999999982 0.024679000000000006 0.008333000000000035 0.05544899999999997 0.008333000000000035 0.10673100000000002 0.026282000000000028 0.14390999999999998
0 0.012820999999999971 0.351603 0.033332999999999946 0.32211500000000004 0.032692000000000054 0.28237199999999996 0.018589999999999995 0.252885 0.016025999999999985 0.21314100000000002 0.0032050000000000134 0.204167 0.003846000000000016 0.351603
0 0.039103 0.992628 0.02179500000000001 0.952885 0.01730799999999999 0.924679 0.0012820000000000054 0.915705 0.001923000000000008 0.991346