0 0.944231 0.877244 0.977564 0.8451919999999999 0.975641 0.816987 0.962179 0.7618590000000001 0.941667 0.670833 0.919872 0.649038 0.889744 0.634936 0.863462 0.636218 0.833333 0.670833 0.8019229999999999 0.749038 0.795513 0.795192 0.794872 0.854167 0.819231 0.941346 0.830769 0.99391 0.916026 0.996474 0.9076919999999999 0.954167 0.897436 0.905449 0.891667 0.882372 0.891667 0.854167 0.916667 0.854167 0.929487 0.856731 0.935256 0.879808
0 0.777564 0.838782 0.789744 0.827244 0.788462 0.783654 0.7833330000000001 0.747756 0.778846 0.697756 0.771154 0.659295 0.7429490000000001 0.6310899999999999 0.7211540000000001 0.6144229999999999 0.705128 0.620833 0.682051 0.692628 0.666026 0.755449 0.660256 0.809295 0.648077 0.855449 0.647436 0.891346 0.648077 0.946474 0.6346149999999999 0.969551 0.608974 0.98109 0.598718 0.996474 0.730769 0.991346 0.733333 0.979808 0.720513 0.925962 0.737179 0.915705 0.776282 0.908013 0.761538 0.873397 0.732692 0.884936 0.737179 0.8246789999999999 0.752564 0.8233969999999999 0.780769 0.819551
0 0.539744 0.938782 0.545513 0.878526 0.5333330000000001 0.792628 0.522436 0.734936 0.5108969999999999 0.725962 0.501282 0.773397 0.496795 0.819551 0.504487 0.8836539999999999 0.504487 0.919551 0.522436 0.936218
0 0.510256 0.9875 0.494231 0.933654 0.49166699999999997 0.8836539999999999 0.48782099999999995 0.8016030000000001 0.49038499999999996 0.7798080000000001 0.48846199999999995 0.7631410000000001 0.49102599999999996 0.7375 0.505769 0.713141 0.521795 0.665705 0.5301279999999999 0.624679 0.514103 0.604167 0.477564 0.5733969999999999 0.43140999999999996 0.549038 0.401282 0.5746789999999999 0.38333300000000003 0.6285259999999999 0.38782099999999997 0.672115 0.388462 0.7221150000000001 0.380128 0.772115 0.38717900000000005 0.79391 0.419231 0.7798080000000001 0.45064099999999996 0.791346 0.45384599999999997 0.850321 0.455769 0.927244 0.44359000000000004 0.928526 0.42435900000000004 0.911859 0.41089699999999996 0.900321 0.398077 0.9041669999999999 0.38397400000000004 0.9375 0.36602599999999996 0.93109 0.332692 0.909295 0.30833299999999997 0.909295 0.265385 0.929808 0.275 0.975962 0.289744 0.995192 0.502564 0.992628
0 0.28525599999999995 0.622115 0.30320499999999995 0.5951919999999999 0.333333 0.588782 0.350641 0.519551 0.355769 0.48750000000000004 0.36474399999999996 0.415705 0.359615 0.34775599999999995 0.336538 0.314423 0.31987200000000005 0.272115 0.31859000000000004 0.25673100000000004 0.30640999999999996 0.19262800000000002 0.30384599999999995 0.16185899999999998 0.30833299999999997 0.09006400000000003 0.310897 0.07724399999999998 0.28141000000000005 0.06955100000000003 0.255769 0.09262800000000004 0.21794899999999995 0.14390999999999998 0.210897 0.19134600000000002 0.20640999999999998 0.24647399999999997 0.211538 0.273397 0.24230799999999997 0.274679 0.269231 0.274679 0.289103 0.315705 0.28717899999999996 0.36185900000000004 0.255769 0.436218 0.230128 0.475962 0.22243599999999997 0.520833 0.23974399999999996 0.602885 0.272436 0.615705
0 0.162821 0.909295 0.17820499999999995 0.8631409999999999 0.16923100000000002 0.808013 0.166667 0.756731 0.13910299999999998 0.7451920000000001 0.128205 0.709295 0.11858999999999997 0.692628 0.09551299999999996 0.732372 0.08205099999999999 0.73109 0.07692299999999996 0.758013 0.08076899999999998 0.8246789999999999 0.10641 0.8426279999999999 0.12179499999999999 0.860577 0.13333300000000003 0.905449 0.144872 0.938782 0.15769200000000005 0.899038
0 0.547436 0.642628 0.580769 0.6285259999999999 0.608333 0.6323719999999999 0.626923 0.602885 0.6320509999999999 0.568269 0.638462 0.5375 0.639744 0.48750000000000004 0.630128 0.459295 0.6179490000000001 0.441346 0.588462 0.420833 0.577564 0.42980799999999997 0.564103 0.500321 0.564103 0.508013 0.5916669999999999 0.5157050000000001 0.604487 0.523397 0.596795 0.579808 0.5923080000000001 0.586218 0.5756410000000001 0.5541670000000001 0.560256 0.5541670000000001 0.539103 0.564423 0.533974 0.597756 0.5346150000000001 0.6285259999999999
0 0.819231 0.5298080000000001 0.842949 0.49647399999999997 0.849359 0.48109 0.832051 0.436218 0.790385 0.40801299999999996 0.751923 0.40160300000000004 0.736538 0.434936 0.730769 0.397756 0.7211540000000001 0.37852600000000003 0.66859 0.356731 0.650641 0.395192 0.6801280000000001 0.42467900000000003 0.6980770000000001 0.45032099999999997 0.707051 0.47083299999999995 0.694231 0.499038 0.695513 0.516987 0.7185900000000001 0.500321 0.735256 0.479808 0.745513 0.49519199999999997 0.736538 0.549038 0.770513 0.545192 0.792949 0.524679 0.810256 0.5323720000000001
0 0.962179 0.5157050000000001 0.966026 0.47339699999999996 0.977564 0.454167 0.975641 0.413141 0.975 0.37852600000000003 0.980128 0.32211500000000004 0.980769 0.28237199999999996 0.979487 0.21185900000000002 0.971795 0.184936 0.957692 0.17467900000000003 0.917308 0.15032100000000004 0.9096150000000001 0.15032100000000004 0.900641 0.11314100000000005 0.883333 0.09775599999999995 0.857051 0.05929499999999999 0.846795 0.06826900000000002 0.819231 0.11314100000000005 0.805769 0.12211499999999997 0.8019229999999999 0.169551 0.810256 0.229808 0.828846 0.24390999999999996 0.845513 0.23365400000000003 0.857692 0.19391000000000003 0.882051 0.170833 0.896154 0.19519200000000003 0.916026 0.23621800000000004 0.925 0.26185899999999995 0.910256 0.290064 0.891667 0.286218 0.878205 0.313141 0.858333 0.38493599999999994 0.858333 0.40032100000000004 0.872436 0.44391 0.872436 0.47467899999999996 0.879487 0.500321 0.916026 0.49390999999999996 0.927564 0.49647399999999997 0.941667 0.5144230000000001 0.948718 0.527244
0 0.642949 0.313141 0.662821 0.291346 0.666667 0.26570499999999997 0.669231 0.21185900000000002 0.662821 0.17980799999999997 0.642949 0.17339700000000002 0.622436 0.19903800000000005 0.619872 0.23621800000000004 0.622436 0.29391 0.627564 0.306731
0 0.5288459999999999 0.375962 0.5288459999999999 0.32211500000000004 0.557051 0.313141 0.565385 0.290064 0.5685899999999999 0.24134599999999995 0.565385 0.22211499999999995 0.560897 0.20032099999999997 0.561538 0.17724399999999996 0.5519229999999999 0.13365400000000005 0.547436 0.12339699999999998 0.503205 0.13749999999999996 0.44615400000000005 0.19519200000000003 0.419231 0.24006400000000006 0.42564100000000005 0.286218 0.44743599999999994 0.313141 0.48974399999999996 0.37083299999999997 0.502564 0.38493599999999994
0 0.36538499999999996 0.23109000000000002 0.40256400000000003 0.168269 0.41025599999999995 0.15160300000000004 0.38333300000000003 0.11442300000000005 0.353205 0.09775599999999995 0.34358999999999995 0.10929500000000003 0.330128 0.15160300000000004 0.32115400000000005 0.17467900000000003 0.32820499999999997 0.209295 0.357051 0.22339699999999996
0 0.09038500000000005 0.36570499999999995 0.11858999999999997 0.372115 0.13012800000000002 0.38493599999999994 0.13461500000000004 0.32083300000000003 0.10320499999999999 0.290064 0.07692299999999996 0.28365399999999996 0.06923100000000004 0.350321 0.06474400000000002 0.38493599999999994 0.084615 0.372115
0 0.641667 0.06698700000000002 0.642308 0.02852600000000005 0.650641 0.022114999999999996 0.6583330000000001 0.008013000000000048 0.601282 0.0067310000000000425 0.610897 0.03365399999999996 0.623718 0.061859 0.633974 0.07724399999999998