0 0.31602600000000003 0.983654 0.30448699999999995 0.946474 0.30192300000000005 0.886218 0.314103 0.868269 0.32692299999999996 0.8644229999999999 0.34743599999999997 0.896474 0.375 0.9028849999999999 0.389744 0.852885 0.38717900000000005 0.7875 0.380128 0.738782 0.36859 0.701603 0.360897 0.686218 0.294872 0.64391 0.25897400000000004 0.677244 0.230128 0.695192 0.21602600000000005 0.715705 0.21923099999999995 0.749038 0.23461500000000002 0.79391 0.23846199999999995 0.819551 0.23846199999999995 0.855449 0.208333 0.899038 0.20064099999999996 0.934936 0.19871799999999995 0.986218 0.19999999999999996 0.995192 0.30640999999999996 0.995192
0 0.5711539999999999 0.992628 0.5756410000000001 0.934936 0.596795 0.896474 0.602564 0.866987 0.601923 0.8233969999999999 0.603205 0.8016030000000001 0.609615 0.788782 0.639744 0.788782 0.641026 0.759295 0.641026 0.702885 0.630128 0.645192 0.594231 0.674679 0.561538 0.715705 0.5288459999999999 0.773397 0.5121789999999999 0.836218 0.485897 0.913141 0.499359 0.955449 0.513462 0.996474
0 0.09487199999999996 0.992628 0.09743599999999997 0.927244 0.08846200000000004 0.878526 0.060255999999999976 0.815705 0.030128000000000044 0.808013 0.005769000000000024 0.819551 0.004487000000000019 0.884936 0.023077000000000014 0.891346 0.020513000000000003 0.965705 0.0070510000000000295 0.996474
0 0.16987200000000002 0.799038 0.16794900000000001 0.750321 0.164103 0.7208330000000001 0.15448700000000004 0.708013 0.144872 0.704167 0.12243599999999999 0.7208330000000001 0.10833300000000001 0.752885 0.11089700000000002 0.764423 0.13717900000000005 0.7798080000000001 0.15641000000000005 0.765705 0.15769200000000005 0.814423
0 0.389744 0.54391 0.40641000000000005 0.506731 0.42948699999999995 0.508013 0.42756400000000006 0.49390999999999996 0.41859 0.44647400000000004 0.412821 0.40929499999999996 0.41025599999999995 0.374679 0.40833299999999995 0.35929500000000003 0.372436 0.34262800000000004 0.358974 0.35929500000000003 0.34487199999999996 0.396474 0.34615399999999996 0.451603 0.36282099999999995 0.499038 0.371154 0.528526
0 0.812821 0.2875 0.813462 0.228526 0.820513 0.186218 0.821795 0.149038 0.832051 0.12852600000000003 0.844231 0.09903799999999996 0.855769 0.07724399999999998 0.849359 0.008013000000000048 0.7416670000000001 0.008013000000000048 0.748718 0.04519200000000001 0.762821 0.09519200000000005 0.7621789999999999 0.145192 0.754487 0.18108999999999997 0.729487 0.17211500000000002 0.7141029999999999 0.15673099999999995 0.695513 0.169551 0.673718 0.19647400000000004 0.629487 0.25929500000000005 0.589744 0.23109000000000002 0.562179 0.22211499999999995 0.536538 0.18237199999999998 0.512821 0.21314100000000002 0.458333 0.28365399999999996 0.49294899999999997 0.351603 0.5538460000000001 0.37980800000000003 0.609615 0.418269 0.6814100000000001 0.40032100000000004 0.7006410000000001 0.38365400000000005 0.705128 0.36314100000000005 0.692949 0.332372 0.6910259999999999 0.314423 0.707051 0.314423 0.741026 0.327244 0.758974 0.34006400000000003 0.802564 0.314423
0 0.997436 0.188782 0.982692 0.17211500000000002 0.958333 0.16057699999999997 0.936538 0.14390999999999998 0.921795 0.09006400000000003 0.921154 0.05288499999999996 0.919231 0.008013000000000048 0.996795 0.0067310000000000425
0 0.996795 0.766987 0.960897 0.802885 0.935897 0.818269 0.910897 0.7810900000000001 0.878846 0.670833 0.857051 0.638782 0.814744 0.620833 0.785256 0.636218 0.773077 0.679808 0.778846 0.719551 0.807692 0.759295 0.8403849999999999 0.816987 0.871795 0.852885 0.888462 0.910577 0.905128 0.950321 0.923077 0.99391 0.997436 0.99391
0 0.848718 0.982372 0.849359 0.911859 0.841026 0.846474 0.838462 0.820833 0.826923 0.855449 0.807692 0.88109 0.766667 0.877244 0.749359 0.906731 0.746795 0.990064 0.835256 0.991346
0 0.34166700000000005 0.27724400000000005 0.357692 0.22211499999999995 0.357692 0.19391000000000003 0.34166700000000005 0.17980799999999997 0.333333 0.13749999999999996 0.292949 0.14006399999999997 0.27948700000000004 0.1875 0.249359 0.14134599999999997 0.229487 0.16057699999999997 0.21538500000000005 0.22211499999999995 0.22179499999999996 0.28108999999999995 0.25769200000000003 0.23878200000000005 0.28141000000000005 0.23878200000000005 0.31666700000000003 0.25929500000000005 0.330769 0.274679
0 0.11025600000000002 0.22467899999999996 0.13525600000000004 0.19647400000000004 0.147436 0.14262799999999998 0.14807700000000001 0.11185900000000004 0.11858999999999997 0.11314100000000005 0.09294899999999995 0.101603 0.09935899999999998 0.046474000000000015 0.10320499999999999 0.013140999999999958 0.060255999999999976 0.0003210000000000157 0.039744 0.03493599999999997 0.020513000000000003 0.063141 0.020513000000000003 0.15416700000000005 0.042949000000000015 0.17467900000000003 0.08076899999999998 0.19519200000000003
0 0.15384600000000004 0.664423 0.17243600000000003 0.583654 0.15641000000000005 0.5695509999999999 0.14102599999999998 0.558013 0.13782099999999997 0.527244 0.10705100000000001 0.5554490000000001 0.10256399999999999 0.5695509999999999 0.11602599999999996 0.6323719999999999 0.13012800000000002 0.659295
0 0.05705099999999996 0.518269 0.09294899999999995 0.519551 0.09807699999999997 0.49647399999999997 0.07756399999999997 0.441346 0.05384599999999995 0.40160300000000004 0.0032050000000000134 0.374679 0.003846000000000016 0.502885 0.02435900000000002 0.49647399999999997 0.045513000000000026 0.508013