0 0.16794900000000001 0.974679 0.19487200000000005 0.890064 0.208974 0.852885 0.25641 0.813141 0.25833300000000003 0.758013 0.23910299999999995 0.716987 0.20448699999999997 0.642628 0.19935899999999995 0.596474 0.18140999999999996 0.541346 0.141667 0.46826900000000005 0.10064099999999998 0.442628 0.003846000000000016 0.39391 0.005128000000000021 0.992628 0.15961499999999995 0.995192
0 0.351923 0.73109 0.392308 0.68109 0.40448700000000004 0.634936 0.391026 0.577244 0.392949 0.5554490000000001 0.394872 0.5375 0.38269200000000003 0.520833 0.372436 0.5733969999999999 0.373718 0.596474 0.353846 0.6092949999999999 0.334615 0.624679 0.330128 0.668269 0.32756399999999997 0.709295 0.335256 0.729808
0 0.522436 0.705449 0.5108969999999999 0.6298079999999999 0.504487 0.604167 0.5275639999999999 0.599038 0.536538 0.5746789999999999 0.542308 0.540064 0.539103 0.500321 0.5346150000000001 0.461859 0.528205 0.42724399999999996 0.5083329999999999 0.46826900000000005 0.474359 0.477244 0.437179 0.5336540000000001 0.476282 0.596474 0.480769 0.6528849999999999 0.485256 0.7246790000000001 0.503846 0.747756 0.519872 0.7221150000000001
0 0.460897 0.459295 0.46987199999999996 0.414423 0.44935899999999995 0.34006400000000003 0.44423100000000004 0.28493599999999997 0.401282 0.26314099999999996 0.359615 0.29391 0.332051 0.310577 0.29743600000000003 0.272115 0.314103 0.184936 0.314744 0.08878200000000003 0.28397399999999995 0.13749999999999996 0.26025600000000004 0.17211500000000002 0.24294899999999997 0.19519200000000003 0.232051 0.24006400000000006 0.253846 0.34903799999999996 0.264103 0.415705 0.289103 0.49262799999999995 0.32243599999999994 0.48750000000000004 0.361538 0.47467899999999996 0.43333299999999997 0.46570500000000004
0 0.551282 0.38365400000000005 0.5878209999999999 0.36826899999999996 0.611538 0.310577 0.650641 0.2875 0.6814100000000001 0.18108999999999997 0.669872 0.07339700000000005 0.612179 0.11057700000000004 0.580769 0.14390999999999998 0.564103 0.169551 0.541026 0.19647400000000004 0.5275639999999999 0.21570500000000004 0.508974 0.327244 0.511538 0.36442300000000005
0 0.889103 0.990064 0.89359 0.955449 0.895513 0.89391 0.873077 0.83109 0.89359 0.792628 0.958333 0.755449 0.991667 0.728526 0.992308 0.836218 0.989744 0.870833 0.995513 0.882372 0.998077 0.991346
0 0.899359 0.5721149999999999 0.895513 0.5375 0.8871789999999999 0.504167 0.882051 0.482372 0.874359 0.479808 0.851282 0.500321 0.8423080000000001 0.579808 0.853846 0.575962 0.876282 0.564423 0.883333 0.5695509999999999 0.890385 0.586218
0 0.996795 0.40160300000000004 0.991026 0.37083299999999997 0.979487 0.34134600000000004 0.936538 0.33109 0.912179 0.296474 0.904487 0.25673100000000004 0.916026 0.204167 0.934615 0.21698700000000004 0.950641 0.225962 0.945513 0.17724399999999996 0.933333 0.149038 0.942949 0.09647399999999995 0.971795 0.10673100000000002 0.998718 0.11698699999999995
0 0.774359 0.40801299999999996 0.787821 0.40288500000000005 0.774359 0.3375 0.75641 0.351603 0.751282 0.395192
0 0.6583330000000001 0.06955100000000003 0.662821 0.02852600000000005 0.669872 0.009295000000000053 0.5891029999999999 0.0028850000000000264 0.60641 0.043910000000000005 0.623718 0.07980799999999999 0.6333329999999999 0.08621800000000002
0 0.576282 0.03108999999999995 0.564103 0.063141 0.541667 0.07083300000000003 0.498718 0.05801299999999998 0.480128 0.06570500000000001 0.45128199999999996 0.07083300000000003 0.46602600000000005 0.02596200000000004 0.45192299999999996 0.0067310000000000425 0.5551280000000001 0.005449000000000037 0.564744 0.02852600000000005
0 0.20192299999999996 0.251603 0.210897 0.15544899999999995 0.210256 0.13109000000000004 0.232692 0.11057700000000004 0.254487 0.043910000000000005 0.26089700000000005 0.0067310000000000425 0.11794899999999997 0.0067310000000000425 0.16025599999999995 0.04519200000000001 0.17115400000000003 0.07339700000000005 0.16923100000000002 0.11185900000000004 0.18012799999999995 0.166987 0.17628200000000005 0.19519200000000003 0.16923100000000002 0.24006400000000006 0.18205099999999996 0.25416700000000003
0 0.016025999999999985 0.19262800000000002 0.037820999999999994 0.17467900000000003 0.06474400000000002 0.11955099999999996 0.07179500000000005 0.11314100000000005 0.08012799999999998 0.056730999999999976 0.06987200000000005 0.032371999999999956 0.06282100000000002 0.01570499999999997 0.07115400000000005 0.0003210000000000157 0.017948999999999993 0.008013000000000048 0.003846000000000016 0.06057699999999999 0.0025640000000000107 0.20160299999999998