0 0.10769200000000001 0.679808 0.11410299999999995 0.64391 0.13974399999999998 0.64391 0.146154 0.624679 0.16153799999999996 0.596474 0.16859000000000002 0.506731 0.14359 0.501603 0.125641 0.48750000000000004 0.12884600000000002 0.44647400000000004 0.11153800000000003 0.458013 0.06666700000000003 0.452885 0.03589699999999996 0.454167 0.026282000000000028 0.45032099999999997 0.005128000000000021 0.5105770000000001 0.005769000000000024 0.556731 0.01730799999999999 0.5875 0.02948700000000004 0.616987 0.033332999999999946 0.597756 0.05192300000000005 0.5951919999999999 0.07115400000000005 0.597756 0.08782100000000004 0.5900639999999999 0.09230799999999995 0.5951919999999999 0.09294899999999995 0.618269 0.09102600000000005 0.660577 0.09487199999999996 0.668269
0 0.02692300000000003 0.36955099999999996 0.040385000000000004 0.34903799999999996 0.050000000000000044 0.310577 0.06410300000000002 0.24006400000000006 0.07051300000000005 0.20160299999999998 0.06474400000000002 0.12852600000000003 0.045513000000000026 0.10929500000000003 0.004487000000000019 0.13109000000000004 0.001923000000000008 0.32339700000000005 0.015384999999999982 0.325962 0.018589999999999995 0.34903799999999996 0.015384999999999982 0.37083299999999997
0 0.34038500000000005 0.736218 0.313462 0.714423 0.291026 0.658013 0.290385 0.623397 0.312821 0.5939099999999999 0.32307699999999995 0.586218 0.357692 0.5349360000000001 0.371795 0.516987 0.375641 0.438782 0.38205100000000003 0.416987 0.350641 0.45032099999999997 0.32499999999999996 0.48493600000000003 0.292949 0.538782 0.269872 0.600321 0.232051 0.622115 0.212179 0.663141 0.232051 0.728526 0.22499999999999998 0.775962 0.23717900000000003 0.796474 0.26859 0.765705 0.294231 0.764423 0.30512799999999995 0.772115 0.332051 0.756731 0.337179 0.747756
0 0.42307700000000004 0.7375 0.45128199999999996 0.715705 0.46794899999999995 0.710577 0.476923 0.663141 0.483974 0.647756 0.434615 0.618269 0.40448700000000004 0.605449 0.392308 0.660577 0.392308 0.727244 0.40512800000000004 0.738782
0 0.586538 0.992628 0.5878209999999999 0.945192 0.5538460000000001 0.916987 0.546154 0.886218 0.540385 0.854167 0.526282 0.813141 0.496154 0.770833 0.483974 0.752885 0.480128 0.729808 0.460256 0.749038 0.459615 0.8451919999999999 0.47115399999999996 0.900321 0.484615 0.954167 0.49166699999999997 0.975962 0.496795 0.99391 0.5782050000000001 0.995192
0 0.742308 0.988782 0.750641 0.938782 0.755769 0.913141 0.747436 0.877244 0.727564 0.834936 0.705769 0.795192 0.671154 0.7233970000000001 0.664744 0.695192 0.646795 0.678526 0.633974 0.716987 0.628205 0.7618590000000001 0.632692 0.818269 0.639744 0.822115 0.653205 0.815705 0.662821 0.868269 0.6608970000000001 0.888782 0.6551279999999999 0.922115 0.654487 0.956731 0.651923 0.975962 0.626923 0.99391 0.733333 0.995192
0 0.8243590000000001 0.966987 0.833974 0.886218 0.836538 0.869551 0.859615 0.870833 0.867308 0.877244 0.86859 0.827244 0.860897 0.727244 0.853205 0.674679 0.847436 0.636218 0.835256 0.5875 0.816667 0.5323720000000001 0.798718 0.518269 0.789744 0.528526 0.785256 0.540064 0.7858970000000001 0.563141 0.8 0.623397 0.8038460000000001 0.647756 0.798718 0.673397 0.8038460000000001 0.709295 0.820513 0.729808 0.8256410000000001 0.7413460000000001 0.826923 0.7810900000000001 0.826282 0.820833 0.820513 0.8451919999999999 0.807692 0.879808 0.795513 0.918269 0.801282 0.94391 0.817308 0.955449
0 0.733974 0.563141 0.739744 0.540064 0.745513 0.518269 0.739744 0.48109 0.726282 0.454167 0.703846 0.475962 0.703846 0.506731 0.7128209999999999 0.536218 0.723718 0.556731
0 0.625 0.563141 0.657051 0.547756 0.6596150000000001 0.5323720000000001 0.649359 0.504167 0.642949 0.456731 0.638462 0.434936 0.632692 0.41057699999999997 0.629487 0.36826899999999996 0.644231 0.333654 0.6608970000000001 0.36185900000000004 0.6608970000000001 0.32083300000000003 0.650641 0.25544900000000004 0.639744 0.23750000000000004 0.625641 0.229808 0.621154 0.266987 0.601923 0.297756 0.582051 0.299038 0.566667 0.30544899999999997 0.555769 0.33109 0.538462 0.392628 0.542308 0.419551 0.544872 0.46570500000000004 0.5480769999999999 0.49262799999999995 0.5564100000000001 0.520833 0.563462 0.536218 0.5935900000000001 0.5554490000000001
0 0.502564 0.434936 0.501923 0.40544899999999995 0.5083329999999999 0.397756 0.508974 0.37852600000000003 0.5 0.351603 0.495513 0.34647399999999995 0.47307699999999997 0.356731 0.485256 0.40032100000000004 0.486538 0.411859 0.49038499999999996 0.422115
0 0.503846 0.311859 0.516667 0.288782 0.536538 0.27596200000000004 0.557051 0.291346 0.559615 0.228526 0.5551280000000001 0.184936 0.5493589999999999 0.16314099999999998 0.528205 0.169551 0.5108969999999999 0.19262800000000002 0.483974 0.25416700000000003 0.485256 0.274679
0 0.998077 0.7426280000000001 0.982051 0.733654 0.969231 0.7246790000000001 0.944872 0.715705 0.949359 0.701603 0.961538 0.678526 0.966026 0.627244 0.942308 0.556731 0.942949 0.540064 0.95 0.5310900000000001 0.951282 0.5157050000000001 0.951282 0.49134599999999995 0.9269229999999999 0.48750000000000004 0.9064099999999999 0.436218 0.922436 0.440064 0.933333 0.438782 0.954487 0.397756 0.961538 0.38749999999999996 0.962821 0.36955099999999996 0.96859 0.34903799999999996 0.998718 0.315705 0.998718 0.46826900000000005 0.987179 0.458013 0.980769 0.46442300000000003 0.973077 0.48878200000000005 0.976923 0.501603 0.984615 0.5144230000000001 0.988462 0.518269 0.999359 0.516987
0 0.834615 0.352885 0.837179 0.291346 0.8423080000000001 0.23365400000000003 0.852564 0.21570500000000004 0.865385 0.22339699999999996 0.891667 0.23878200000000005 0.897436 0.21826900000000005 0.916667 0.17467900000000003 0.945513 0.14262799999999998 0.951282 0.11057700000000004 0.946154 0.07980799999999999 0.921795 0.05288499999999996 0.890385 0.06955100000000003 0.8628210000000001 0.11955099999999996 0.859615 0.149038 0.832051 0.146474 0.83141 0.1875 0.8211539999999999 0.21442300000000003 0.820513 0.25416700000000003 0.79359 0.26570499999999997 0.7621789999999999 0.24134599999999995 0.748718 0.252885 0.74359 0.286218 0.780769 0.338782 0.776282 0.36314100000000005 0.807692 0.375962 0.822436 0.354167
0 0.745513 0.07852599999999998 0.75641 0.054166999999999965 0.767308 0.03493599999999997 0.769872 0.009295000000000053 0.728846 0.008013000000000048 0.728846 0.043910000000000005 0.735256 0.09006400000000003
0 0.6826920000000001 0.06955100000000003 0.696795 0.04775600000000002 0.711538 0.04519200000000001 0.710897 0.019550999999999985 0.6980770000000001 0.005449000000000037 0.644231 0.005449000000000037 0.630769 0.03493599999999997 0.646795 0.05288499999999996 0.670513 0.054166999999999965
0 0.355769 0.12980800000000003 0.36730799999999997 0.08878200000000003 0.396795 0.11698699999999995 0.389744 0.06442300000000001 0.396154 0.05288499999999996 0.42692300000000005 0.041345999999999994 0.42884599999999995 0.01826899999999998 0.42692300000000005 0.0067310000000000425 0.36602599999999996 0.005449000000000037 0.353205 0.049038000000000026 0.33910300000000004 0.051602999999999954 0.329487 0.07467900000000005 0.34743599999999997 0.14262799999999998