0 0.997436 0.777244 0.983333 0.7413460000000001 0.984615 0.7208330000000001 0.976282 0.700321 0.951282 0.666987 0.957692 0.586218 0.964103 0.502885 0.922436 0.48621800000000004 0.940385 0.433654 0.9288460000000001 0.37083299999999997 0.924359 0.297756 0.953205 0.272115 0.976923 0.274679 0.972436 0.32211500000000004 0.958333 0.397756 0.966026 0.455449 0.992308 0.42467900000000003 0.998718 0.419551
0 0.869872 0.48109 0.8403849999999999 0.497756 0.821795 0.47339699999999996 0.8243590000000001 0.415705 0.8 0.47211499999999995 0.764744 0.451603 0.748077 0.438782 0.7391030000000001 0.434936 0.723718 0.40544899999999995 0.730128 0.314423 0.7185900000000001 0.21955100000000005 0.7153849999999999 0.15673099999999995 0.733974 0.09519200000000005 0.758974 0.08750000000000002 0.795513 0.13237200000000005 0.8416669999999999 0.18108999999999997 0.862179 0.229808 0.862179 0.27724400000000005 0.846154 0.327244 0.839744 0.36570499999999995 0.839744 0.38493599999999994 0.849359 0.41057699999999997 0.873077 0.436218 0.875641 0.456731
0 0.98141 0.19134600000000002 0.953846 0.19134600000000002 0.929487 0.184936 0.912821 0.12596200000000002 0.903205 0.11314100000000005 0.889103 0.11185900000000004 0.878205 0.09391000000000005 0.854487 0.09262800000000004 0.832051 0.10416700000000001 0.810256 0.083654 0.827564 0.0067310000000000425 0.95641 0.010576999999999948 0.942308 0.046474000000000015 0.95641 0.11057700000000004 0.980769 0.17852599999999996
0 0.878846 0.859295 0.884615 0.7631410000000001 0.910256 0.777244 0.923077 0.736218 0.900641 0.719551 0.886538 0.711859 0.879487 0.709295 0.891667 0.6092949999999999 0.871154 0.588782 0.851923 0.616987 0.821795 0.666987 0.805769 0.699038 0.798718 0.7451920000000001 0.8006409999999999 0.805449 0.814744 0.859295 0.854487 0.854167
0 0.755128 0.828526 0.787821 0.796474 0.789744 0.764423 0.7801279999999999 0.710577 0.775 0.673397 0.770513 0.641346 0.752564 0.656731 0.736538 0.674679 0.721795 0.699038 0.726282 0.764423 0.746154 0.814423
0 0.713462 0.983654 0.6910259999999999 0.911859 0.677564 0.825962 0.6743589999999999 0.792628 0.658974 0.775962 0.654487 0.765705 0.655769 0.7208330000000001 0.6608970000000001 0.691346 0.6551279999999999 0.6285259999999999 0.65 0.6118589999999999 0.641667 0.597756 0.630769 0.596474 0.6153850000000001 0.6285259999999999 0.585897 0.659295 0.576282 0.672115 0.564103 0.706731 0.577564 0.749038 0.571795 0.790064 0.598718 0.806731 0.620513 0.770833 0.636538 0.8016030000000001 0.637821 0.833654 0.621154 0.846474 0.619872 0.8644229999999999 0.640385 0.9041669999999999 0.651282 0.924679 0.666667 0.99391 0.705128 0.99391
0 0.413462 0.849038 0.44230800000000003 0.8233969999999999 0.439744 0.774679 0.44102600000000003 0.764423 0.437821 0.740064 0.42115400000000003 0.713141 0.40576900000000005 0.68109 0.38333300000000003 0.668269 0.370513 0.714423 0.375641 0.752885 0.370513 0.799038 0.357692 0.820833 0.371154 0.833654 0.40897399999999995 0.838782
0 0.380769 0.986218 0.36282099999999995 0.895192 0.360897 0.8836539999999999 0.36666699999999997 0.860577 0.355128 0.820833 0.32756399999999997 0.816987 0.310256 0.790064 0.28525599999999995 0.833654 0.27692300000000003 0.88109 0.26859 0.950321 0.264103 0.997756 0.369872 0.996474
0 0.20064099999999996 0.849038 0.20705099999999999 0.827244 0.228205 0.833654 0.228846 0.810577 0.229487 0.783654 0.229487 0.768269 0.228846 0.738782 0.228846 0.727244 0.22564099999999998 0.711859 0.18717899999999998 0.738782 0.14935900000000002 0.765705 0.127564 0.836218 0.14807700000000001 0.866987 0.16859000000000002 0.8375 0.18782100000000002 0.8375
0 0.44679500000000005 0.559295 0.45384599999999997 0.538782 0.48782099999999995 0.547756 0.501923 0.546474 0.519231 0.5310900000000001 0.508974 0.482372 0.497436 0.436218 0.48846199999999995 0.40673099999999995 0.458333 0.38109000000000004 0.44359000000000004 0.351603 0.419872 0.329808 0.391667 0.36314100000000005 0.391667 0.432372 0.378205 0.48493600000000003 0.375641 0.5375 0.41089699999999996 0.540064 0.42692300000000005 0.542628 0.440385 0.5695509999999999
0 0.655769 0.34519200000000005 0.6730769999999999 0.316987 0.676282 0.27980799999999995 0.667308 0.24647399999999997 0.6358969999999999 0.15801299999999996 0.630128 0.09903799999999996 0.626282 0.063141 0.621154 0.043910000000000005 0.619872 0.009295000000000053 0.5333330000000001 0.011858999999999953 0.554487 0.05288499999999996 0.5711539999999999 0.11185900000000004 0.5730770000000001 0.17211500000000002 0.5660259999999999 0.23109000000000002 0.576282 0.269551 0.605769 0.25929500000000005 0.6333329999999999 0.297756 0.64359 0.336218 0.6358969999999999 0.358013 0.644872 0.39006399999999997 0.664103 0.39134599999999997 0.662821 0.36698699999999995
0 0.51859 0.325962 0.542949 0.297756 0.521154 0.26057699999999995 0.51859 0.251603 0.48717900000000003 0.26185899999999995 0.485256 0.21185900000000002 0.49359 0.1875 0.514103 0.168269 0.5108969999999999 0.12083299999999997 0.505128 0.10673100000000002 0.483974 0.07211500000000004 0.45256399999999997 0.06570500000000001 0.42115400000000003 0.14262799999999998 0.414744 0.1875 0.461538 0.23109000000000002 0.462179 0.296474 0.480128 0.311859 0.510256 0.32467900000000005
0 0.252564 0.561859 0.275 0.454167 0.30000000000000004 0.40929499999999996 0.314744 0.36955099999999996 0.32564099999999996 0.315705 0.31987200000000005 0.290064 0.29359 0.272115 0.23717900000000003 0.269551 0.19230800000000003 0.297756 0.163462 0.270833 0.11666699999999997 0.28108999999999995 0.10769200000000001 0.295192 0.09871799999999997 0.351603 0.11666699999999997 0.40288500000000005 0.144872 0.40032100000000004 0.15961499999999995 0.40673099999999995 0.18525599999999998 0.48365400000000003 0.18846200000000002 0.508013 0.21923099999999995 0.542628 0.23910299999999995 0.5503210000000001
0 0.05897399999999997 0.5951919999999999 0.08910300000000004 0.541346 0.13589700000000005 0.501603 0.11730799999999997 0.42852599999999996 0.10769200000000001 0.411859 0.07307699999999995 0.373397 0.047436000000000034 0.38621799999999995 0.010256000000000043 0.42467900000000003 0.03717899999999996 0.47339699999999996 0.05192300000000005 0.49262799999999995 0.05128200000000005 0.579808
0 0.15000000000000002 0.10544900000000001 0.19230800000000003 0.06955100000000003 0.21346200000000004 0.05929499999999999 0.21666700000000005 0.009295000000000053 0.083974 0.0067310000000000425 0.07884599999999997 0.04519200000000001 0.10064099999999998 0.07467900000000005 0.125 0.09903799999999996