0 0.46602600000000005 0.963141 0.46730799999999995 0.874679 0.45320499999999997 0.7875 0.440385 0.7233970000000001 0.43140999999999996 0.661859 0.43076899999999996 0.565705 0.389103 0.523397 0.34038500000000005 0.434936 0.32884599999999997 0.420833 0.30576899999999996 0.45032099999999997 0.28525599999999995 0.506731 0.25833300000000003 0.5516030000000001 0.250641 0.6336539999999999 0.30064100000000005 0.624679 0.35641 0.6144229999999999 0.36217900000000003 0.7208330000000001 0.369231 0.805449 0.391026 0.884936 0.401282 0.940064 0.437821 0.969551 0.460897 0.975962
0 0.627564 0.8644229999999999 0.646154 0.788782 0.6371789999999999 0.740064 0.632692 0.683654 0.609615 0.668269 0.587179 0.715705 0.564744 0.678526 0.558333 0.638782 0.5333330000000001 0.64391 0.535256 0.719551 0.5467949999999999 0.7605770000000001 0.580128 0.774679 0.592949 0.8451919999999999 0.598718 0.8644229999999999
0 0.562179 0.99391 0.5711539999999999 0.950321 0.5660259999999999 0.914423 0.5589740000000001 0.915705 0.542308 0.945192 0.51859 0.992628 0.5506409999999999 0.997756
0 0.7166669999999999 0.990064 0.730128 0.952885 0.73141 0.924679 0.726923 0.9041669999999999 0.705128 0.88109 0.687821 0.909295 0.648077 0.951603 0.5974360000000001 0.995192 0.703846 0.996474
0 0.786538 0.714423 0.808333 0.675962 0.811538 0.623397 0.8243590000000001 0.546474 0.829487 0.44391 0.828846 0.418269 0.796154 0.413141 0.786538 0.46698700000000004 0.7826919999999999 0.542628 0.773718 0.604167 0.765385 0.666987 0.769231 0.7233970000000001
0 0.5070509999999999 0.49519199999999997 0.5673079999999999 0.413141 0.576282 0.356731 0.611538 0.28365399999999996 0.617308 0.204167 0.594231 0.14134599999999997 0.51859 0.13749999999999996 0.476923 0.15673099999999995 0.45384599999999997 0.20288499999999998 0.49230799999999997 0.23621800000000004 0.49294899999999997 0.315705 0.460256 0.40544899999999995 0.457051 0.434936 0.485256 0.501603
0 0.6717949999999999 0.422115 0.6743589999999999 0.36314100000000005 0.685897 0.355449 0.707051 0.306731 0.6826920000000001 0.2875 0.660256 0.29391 0.628205 0.327244 0.622436 0.40929499999999996 0.6320509999999999 0.436218 0.664103 0.42980799999999997
0 0.166026 0.949038 0.16153799999999996 0.8233969999999999 0.16153799999999996 0.738782 0.163462 0.646474 0.18397399999999997 0.690064 0.19871799999999995 0.727244 0.21282100000000004 0.658013 0.20320499999999997 0.641346 0.17820499999999995 0.602885 0.164103 0.5708329999999999 0.15961499999999995 0.561859 0.12307699999999999 0.568269 0.09615399999999996 0.556731 0.08846200000000004 0.627244 0.06474400000000002 0.673397 0.04679500000000003 0.7451920000000001 0.04487200000000002 0.788782 0.06987200000000005 0.797756 0.085897 0.8836539999999999 0.13910299999999998 0.936218 0.15512800000000004 0.963141
0 0.249359 0.98109 0.295513 0.9375 0.30769199999999997 0.911859 0.287821 0.8644229999999999 0.28333299999999995 0.83109 0.266026 0.856731 0.23846199999999995 0.868269 0.227564 0.946474 0.21346200000000004 0.983654 0.23846199999999995 0.983654
0 0.055127999999999955 0.23365400000000003 0.059614999999999974 0.15929499999999996 0.09679499999999996 0.11955099999999996 0.10064099999999998 0.09647399999999995 0.04166700000000001 0.09647399999999995 0.06153799999999998 0.03621799999999997 0.07820499999999997 0.008013000000000048 0.0025640000000000107 0.005449000000000037 0.005769000000000024 0.17339700000000002 0.02884600000000004 0.206731 0.055127999999999955 0.24647399999999997
0 0.18012799999999995 0.23493600000000003 0.22628199999999998 0.229808 0.23589700000000002 0.225962 0.19999999999999996 0.16057699999999997 0.18653799999999998 0.14134599999999997 0.164744 0.11826899999999996 0.14935900000000002 0.12467899999999998 0.166026 0.18108999999999997
0 0.253205 0.441346 0.28397399999999995 0.4375 0.295513 0.422115 0.30320499999999995 0.38237200000000005 0.28141000000000005 0.33109 0.271154 0.306731 0.26025600000000004 0.32467900000000005 0.22628199999999998 0.38493599999999994 0.21923099999999995 0.42467900000000003 0.23974399999999996 0.440064
0 0.42115400000000003 0.13493599999999994 0.414744 0.082372 0.41859 0.06442300000000001 0.45256399999999997 0.09134600000000004 0.48141 0.09519200000000005 0.48717900000000003 0.08493600000000001 0.483974 0.043910000000000005 0.483333 0.005449000000000037 0.34615399999999996 0.009295000000000053 0.352564 0.07339700000000005 0.369872 0.09903799999999996 0.40705100000000005 0.14262799999999998
0 0.994872 0.23493600000000003 0.948718 0.206731 0.923718 0.21955100000000005 0.954487 0.15160300000000004 0.995513 0.09391000000000005 0.998077 0.208013