0 0.24358999999999997 0.986218 0.252564 0.946474 0.23397400000000002 0.901603 0.232051 0.877244 0.253846 0.7618590000000001 0.26025600000000004 0.7451920000000001 0.28141000000000005 0.73109 0.28141000000000005 0.702885 0.249359 0.674679 0.23910299999999995 0.6144229999999999 0.230769 0.596474 0.19102600000000003 0.5939099999999999 0.162821 0.5900639999999999 0.13782099999999997 0.605449 0.11923099999999998 0.636218 0.10961500000000002 0.696474 0.13974399999999998 0.692628 0.15641000000000005 0.705449 0.15641000000000005 0.736218 0.14102599999999998 0.777244 0.15384600000000004 0.797756 0.167308 0.806731 0.18333299999999997 0.805449 0.17820499999999995 0.840064 0.16089699999999996 0.870833 0.15961499999999995 0.905449 0.14871800000000002 0.908013 0.128205 0.928526 0.11346199999999995 0.9375 0.11153800000000003 0.955449 0.11282099999999995 0.966987 0.11282099999999995 0.996474 0.23653800000000003 0.995192
0 0.55 0.977244 0.5589740000000001 0.949038 0.565385 0.923397 0.582692 0.882372 0.617308 0.852885 0.622436 0.8451919999999999 0.630128 0.819551 0.639744 0.774679 0.650641 0.697756 0.645513 0.6528849999999999 0.623077 0.577244 0.5974360000000001 0.458013 0.560256 0.441346 0.542308 0.504167 0.541026 0.538782 0.539744 0.578526 0.535256 0.664423 0.533974 0.672115 0.51859 0.656731 0.510256 0.6298079999999999 0.486538 0.564423 0.457692 0.5528850000000001 0.44679500000000005 0.5746789999999999 0.45128199999999996 0.6285259999999999 0.438462 0.669551 0.42435900000000004 0.679808 0.417308 0.732372 0.45320499999999997 0.7823720000000001 0.480128 0.799038 0.516026 0.819551 0.5326919999999999 0.849038 0.526923 0.877244 0.512821 0.897756 0.49038499999999996 0.922115 0.48974399999999996 0.968269 0.501923 0.984936 0.530769 0.986218
0 0.439744 0.977244 0.417949 0.946474 0.40961499999999995 0.905449 0.44102600000000003 0.868269 0.42371800000000004 0.834936 0.40384600000000004 0.828526 0.375641 0.874679 0.36474399999999996 0.918269 0.35 0.901603 0.370513 0.740064 0.34487199999999996 0.7233970000000001 0.29935900000000004 0.778526 0.292308 0.797756 0.29871800000000004 0.852885 0.32435899999999995 0.886218 0.310256 0.923397 0.30576899999999996 0.972115 0.30448699999999995 0.992628 0.44230800000000003 0.996474
0 0.935256 0.99391 0.939103 0.960577 0.947436 0.924679 0.958974 0.890064 0.965385 0.827244 0.946154 0.727244 0.916026 0.709295 0.887821 0.7439100000000001 0.860897 0.795192 0.835256 0.818269 0.819231 0.840064 0.816667 0.877244 0.789103 0.916987 0.7846150000000001 0.956731 0.7846150000000001 0.996474
0 0.09935899999999998 0.982372 0.09615399999999996 0.960577 0.08012799999999998 0.936218 0.030128000000000044 0.9708330000000001 0.026282000000000028 0.992628 0.08782100000000004 0.99391
0 0.023718000000000017 0.819551 0.026282000000000028 0.7605770000000001 0.019230999999999998 0.714423 0.01474399999999998 0.670833 0.02692300000000003 0.636218 0.03205100000000005 0.5926279999999999 0.04230800000000001 0.565705 0.040385000000000004 0.519551 0.04102600000000001 0.479808 0.040385000000000004 0.458013 0.016666999999999987 0.419551 0.003846000000000016 0.396474 0.005128000000000021 0.818269
0 0.24551299999999998 0.350321 0.269231 0.308013 0.28461499999999995 0.25801300000000005 0.287821 0.23365400000000003 0.276282 0.21057700000000001 0.22628199999999998 0.208013 0.19615400000000005 0.24647399999999997 0.17820499999999995 0.27852600000000005 0.20576899999999998 0.329808 0.22628199999999998 0.36057700000000004
0 0.512821 0.40929499999999996 0.522436 0.332372 0.5333330000000001 0.30160299999999995 0.541026 0.25416700000000003 0.526282 0.21185900000000002 0.499359 0.227244 0.47243599999999997 0.251603 0.46346200000000004 0.296474 0.46410300000000004 0.333654 0.485897 0.374679
0 0.88141 0.674679 0.892949 0.618269 0.891667 0.606731 0.877564 0.560577 0.863462 0.556731 0.846795 0.604167 0.845513 0.64391 0.850641 0.679808 0.8641030000000001 0.691346
0 0.7391030000000001 0.878526 0.761538 0.868269 0.76859 0.829808 0.748718 0.795192 0.733333 0.819551 0.725641 0.829808 0.725641 0.865705
0 0.7801279999999999 0.306731 0.8006409999999999 0.273397 0.794231 0.17980799999999997 0.789103 0.169551 0.757051 0.146474 0.7128209999999999 0.11185900000000004 0.6814100000000001 0.09391000000000005 0.673718 0.15160300000000004 0.6980770000000001 0.225962 0.727564 0.25544900000000004 0.752564 0.27596200000000004 0.765385 0.297756
0 0.44166700000000003 0.39134599999999997 0.40897399999999995 0.350321 0.41153799999999996 0.309295 0.40833299999999995 0.26057699999999995 0.38525600000000004 0.22083299999999995 0.354487 0.27980799999999995 0.350641 0.295192 0.350641 0.329808 0.373718 0.399038 0.38461500000000004 0.42724399999999996 0.43140999999999996 0.399038
0 0.458333 0.16314099999999998 0.475641 0.15929499999999996 0.46346200000000004 0.12724400000000002 0.478205 0.102885 0.494231 0.07724399999999998 0.495513 0.01570499999999997 0.44166700000000003 0.008013000000000048 0.42628200000000005 0.07339700000000005 0.42179500000000003 0.147756 0.439103 0.15673099999999995
0 0.005769000000000024 0.28493599999999997 0.027564000000000033 0.25929500000000005 0.023718000000000017 0.19262800000000002 0.0025640000000000107 0.14390999999999998 0.0025640000000000107 0.270833