0 0.723718 0.758013 0.753205 0.670833 0.76859 0.5708329999999999 0.726282 0.451603 0.7173080000000001 0.441346 0.677564 0.374679 0.660256 0.375962 0.626923 0.545192 0.605769 0.682372 0.625 0.755449 0.6583330000000001 0.713141 0.667949 0.7233970000000001 0.7141029999999999 0.756731
0 0.434615 0.679808 0.459615 0.622115 0.476282 0.563141 0.48141 0.501603 0.47051299999999996 0.47339699999999996 0.45641 0.44903800000000005 0.396154 0.350321 0.390385 0.27724400000000005 0.36410299999999995 0.23878200000000005 0.33141 0.22211499999999995 0.264103 0.2875 0.267308 0.3375 0.28269200000000005 0.395192 0.29615400000000003 0.5144230000000001 0.269231 0.5875 0.275641 0.642628 0.30576899999999996 0.600321 0.32179500000000005 0.5926279999999999 0.36282099999999995 0.622115 0.41859 0.674679
0 0.232051 0.523397 0.246795 0.460577 0.251923 0.397756 0.252564 0.350321 0.22692299999999999 0.28237199999999996 0.19615400000000005 0.28108999999999995 0.15320500000000004 0.306731 0.13269200000000003 0.295192 0.09423099999999995 0.333654 0.07820499999999997 0.41057699999999997 0.12307699999999999 0.442628 0.167308 0.482372 0.22115399999999996 0.5131410000000001
0 0.289744 0.9875 0.30000000000000004 0.920833 0.31666700000000003 0.854167 0.32499999999999996 0.805449 0.32628199999999996 0.7631410000000001 0.32435899999999995 0.719551 0.24358999999999997 0.7439100000000001 0.232051 0.769551 0.19615400000000005 0.832372 0.18846200000000002 0.896474 0.24038499999999996 0.99391 0.28205100000000005 0.991346
0 0.36859 0.995192 0.372436 0.947756 0.376282 0.915705 0.36666699999999997 0.901603 0.34166700000000005 0.9375 0.30833299999999997 0.99391
0 0.6923079999999999 0.984936 0.695513 0.910577 0.687821 0.897756 0.596795 0.8375 0.552564 0.834936 0.529487 0.859295 0.5275639999999999 0.910577 0.539744 0.995192 0.6814100000000001 0.995192
0 0.869231 0.879808 0.905769 0.905449 0.933333 0.908013 0.917949 0.813141 0.904487 0.7464740000000001 0.921795 0.684936 0.871795 0.664423 0.851282 0.749038 0.851282 0.825962 0.841026 0.875962
0 0.996154 0.549038 0.969231 0.549038 0.94359 0.523397 0.922436 0.5157050000000001 0.896795 0.49519199999999997 0.9 0.374679 0.9064099999999999 0.314423 0.927564 0.266987 0.997436 0.26314099999999996
0 0.857692 0.44775600000000004 0.858974 0.38109000000000004 0.852564 0.34391000000000005 0.846154 0.31955100000000003 0.832051 0.338782 0.825 0.40544899999999995 0.832692 0.459295
0 0.777564 0.499038 0.791667 0.440064 0.802564 0.40160300000000004 0.760256 0.30160299999999995 0.752564 0.227244 0.716026 0.228526 0.6961539999999999 0.315705 0.701282 0.35929500000000003 0.7416670000000001 0.36314100000000005 0.74359 0.432372 0.74359 0.47339699999999996 0.760256 0.508013
0 0.541667 0.577244 0.5711539999999999 0.5336540000000001 0.573718 0.49262799999999995 0.582692 0.48493600000000003 0.5903849999999999 0.509295 0.598718 0.5310900000000001 0.621795 0.49006400000000006 0.624359 0.42724399999999996 0.583333 0.414423 0.562821 0.438782 0.519231 0.49006400000000006 0.494231 0.522115 0.48846199999999995 0.575962 0.526923 0.575962
0 0.523718 0.21314100000000002 0.569231 0.206731 0.600641 0.17980799999999997 0.601923 0.15544899999999995 0.595513 0.12339699999999998 0.5903849999999999 0.09775599999999995 0.579487 0.07339700000000005 0.560897 0.06057699999999999 0.541667 0.063141 0.507692 0.054166999999999965 0.45256399999999997 0.016986999999999974 0.43205099999999996 0.029807999999999946 0.412821 0.07211500000000004 0.41089699999999996 0.17980799999999997 0.40641000000000005 0.206731 0.42435900000000004 0.228526 0.476282 0.25544900000000004 0.505769 0.24134599999999995 0.516026 0.23109000000000002
0 0.16217899999999996 0.719551 0.17371800000000004 0.669551 0.16217899999999996 0.5939099999999999 0.13974399999999998 0.568269 0.11089700000000002 0.547756 0.09487199999999996 0.520833 0.07243599999999994 0.536218 0.06859000000000004 0.568269 0.09294899999999995 0.6131409999999999 0.11666699999999997 0.649038 0.15064100000000002 0.706731
0 0.146795 0.09903799999999996 0.20128199999999996 0.08493600000000001 0.17948699999999995 0.049038000000000026 0.15320500000000004 0.009295000000000053 0.07884599999999997 0.005449000000000037 0.10769200000000001 0.054166999999999965