0 0.36217900000000003 0.601603 0.371154 0.5900639999999999 0.378846 0.584936 0.373077 0.560577 0.388462 0.542628 0.40641000000000005 0.520833 0.40705100000000005 0.502885 0.40641000000000005 0.49006400000000006 0.415385 0.46826900000000005 0.41859 0.432372 0.40448700000000004 0.40673099999999995 0.380128 0.42596199999999995 0.369231 0.44647400000000004 0.35 0.44647400000000004 0.32371799999999995 0.434936 0.31794900000000004 0.42724399999999996 0.292949 0.38109000000000004 0.287821 0.36314100000000005 0.27756400000000003 0.350321 0.263462 0.372115 0.246795 0.38109000000000004 0.23141 0.354167 0.21602600000000005 0.36698699999999995 0.21410300000000004 0.40160300000000004 0.18461499999999997 0.39006399999999997 0.16987200000000002 0.39006399999999997 0.15000000000000002 0.39006399999999997 0.13910299999999998 0.423397 0.15576900000000005 0.454167 0.18974400000000002 0.47211499999999995 0.20705099999999999 0.475962 0.233333 0.46698700000000004 0.23910299999999995 0.49390999999999996 0.272436 0.519551 0.27756400000000003 0.556731 0.264744 0.58109 0.269872 0.599038 0.289103 0.584936 0.29743600000000003 0.588782 0.30256400000000006 0.624679 0.34807699999999997 0.618269 0.357692 0.616987 0.36217900000000003 0.616987
0 0.651282 0.42852599999999996 0.657051 0.399038 0.653205 0.34647399999999995 0.64359 0.315705 0.626923 0.26442299999999996 0.608333 0.24519199999999997 0.5756410000000001 0.23621800000000004 0.5660259999999999 0.270833 0.561538 0.32211500000000004 0.5538460000000001 0.372115 0.573718 0.42852599999999996 0.5935900000000001 0.459295 0.609615 0.452885 0.623077 0.440064 0.628205 0.440064 0.641026 0.44519200000000003
0 0.023718000000000017 0.691346 0.050000000000000044 0.661859 0.07948699999999997 0.638782 0.05640999999999996 0.6118589999999999 0.04487200000000002 0.563141 0.05320499999999995 0.527244 0.07307699999999995 0.5144230000000001 0.09807699999999997 0.505449 0.09230799999999995 0.423397 0.06923100000000004 0.413141 0.03717899999999996 0.40673099999999995 0.005128000000000021 0.40288500000000005 0.0032050000000000134 0.666987
0 0.914744 0.605449 0.923077 0.549038 0.921154 0.434936 0.911538 0.419551 0.925641 0.396474 0.900641 0.38493599999999994 0.873077 0.432372 0.8448720000000001 0.44903800000000005 0.833333 0.42852599999999996 0.816667 0.434936 0.814744 0.49262799999999995 0.8211539999999999 0.561859 0.83141 0.601603 0.866026 0.605449
0 0.837821 0.334936 0.863462 0.314423 0.869872 0.32083300000000003 0.875 0.28365399999999996 0.864744 0.268269 0.8641030000000001 0.24519199999999997 0.871795 0.21826900000000005 0.88141 0.20288499999999998 0.862179 0.168269 0.8403849999999999 0.13621799999999995 0.852564 0.11698699999999995 0.855128 0.09647399999999995 0.844231 0.08878200000000003 0.828205 0.09391000000000005 0.816667 0.102885 0.790385 0.13493599999999994 0.771154 0.13621799999999995 0.757051 0.15032100000000004 0.737179 0.188782 0.7224360000000001 0.28365399999999996 0.745513 0.310577 0.769872 0.327244 0.798077 0.32211500000000004 0.805769 0.32211500000000004 0.8211539999999999 0.34006400000000003
0 0.482051 0.19134600000000002 0.48782099999999995 0.16442299999999999 0.503205 0.166987 0.49359 0.13237200000000005 0.48846199999999995 0.11185900000000004 0.484615 0.09519200000000005 0.484615 0.082372 0.49230799999999997 0.06570500000000001 0.49359 0.041345999999999994 0.494231 0.02083299999999999 0.47051299999999996 0.042628 0.45641 0.042628 0.43012799999999995 0.03878199999999998 0.41025599999999995 0.056730999999999976 0.41217899999999996 0.07211500000000004 0.41859 0.12724400000000002 0.42692300000000005 0.16314099999999998 0.437821 0.1875 0.45192299999999996 0.188782 0.458974 0.17980799999999997 0.46858999999999995 0.1875
0 0.312179 0.16057699999999997 0.332051 0.166987 0.34166700000000005 0.146474 0.34166700000000005 0.11826899999999996 0.34358999999999995 0.09519200000000005 0.314103 0.07724399999999998 0.29743600000000003 0.06057699999999999 0.28589699999999996 0.05801299999999998 0.28333299999999995 0.09391000000000005 0.28141000000000005 0.11570499999999995 0.288462 0.15032100000000004 0.30512799999999995 0.168269
0 0.11730799999999997 0.18365399999999998 0.166026 0.15544899999999995 0.16153799999999996 0.11826899999999996 0.147436 0.09134600000000004 0.147436 0.08109 0.15448700000000004 0.06955100000000003 0.18012799999999995 0.06570500000000001 0.16987200000000002 0.0067310000000000425 0.087179 0.010576999999999948 0.08205099999999999 0.05032099999999995 0.10705100000000001 0.09006400000000003 0.11217900000000003 0.12339699999999998 0.09999999999999998 0.184936 0.09871799999999997 0.19519200000000003
0 0.07243599999999994 0.336218 0.07307699999999995 0.286218 0.062178999999999984 0.252885 0.04871800000000004 0.227244 0.045513000000000026 0.21314100000000002 0.039744 0.20160299999999998 0.033332999999999946 0.184936 0.03141000000000005 0.15416700000000005 0.007692000000000032 0.15801299999999996 0.02179500000000001 0.228526 0.0025640000000000107 0.266987 0.00961500000000004 0.351603 0.014102999999999977 0.32339700000000005 0.032692000000000054 0.313141 0.04166700000000001 0.31955100000000003 0.05576899999999996 0.34262800000000004 0.06089699999999998 0.34262800000000004
0 0.814103 0.02083299999999999 0.809615 0.027244000000000046 0.8038460000000001 0.02852600000000005 0.792308 0.03108999999999995 0.788462 0.06057699999999999 0.787179 0.07083300000000003 0.780769 0.06698700000000002 0.764744 0.06826900000000002 0.755769 0.07852599999999998 0.734615 0.09006400000000003 0.729487 0.08493600000000001 0.7128209999999999 0.10416700000000001 0.710256 0.08878200000000003 0.710256 0.07467900000000005 0.7006410000000001 0.03749999999999998 0.6923079999999999 0.03108999999999995 0.6839740000000001 0.032371999999999956 0.669872 0.02852600000000005 0.655769 0.013140999999999958 0.719231 0.008013000000000048 0.74359 0.02596200000000004 0.748077 0.004167000000000032 0.811538 0.001603000000000021
0 0.497436 0.5733969999999999 0.503205 0.5323720000000001 0.5083329999999999 0.516987 0.522436 0.48365400000000003 0.523077 0.47467899999999996 0.523077 0.440064 0.5333330000000001 0.418269 0.536538 0.44519200000000003 0.563462 0.44647400000000004 0.5519229999999999 0.38237200000000005 0.528205 0.38493599999999994 0.521795 0.38365400000000005 0.525641 0.36570499999999995 0.526923 0.34775599999999995 0.5333330000000001 0.32339700000000005 0.5333330000000001 0.306731 0.532051 0.26314099999999996 0.525 0.252885 0.520513 0.252885 0.514744 0.315705 0.5108969999999999 0.36442300000000005 0.505128 0.397756 0.49294899999999997 0.461859 0.477564 0.478526 0.476923 0.5105770000000001 0.48141 0.561859 0.48717900000000003 0.584936
0 0.779487 0.974679 0.789103 0.950321 0.791026 0.940064 0.790385 0.892628 0.787179 0.851603 0.776923 0.83109 0.762821 0.815705 0.760256 0.788782 0.753846 0.727244 0.75 0.7221150000000001 0.736538 0.7221150000000001 0.7224360000000001 0.7221150000000001 0.708974 0.690064 0.707051 0.656731 0.6993590000000001 0.6375 0.680769 0.6336539999999999 0.667308 0.64391 0.66859 0.663141 0.687821 0.710577 0.6801280000000001 0.759295 0.66859 0.788782 0.675 0.838782 0.7019230000000001 0.878526 0.7153849999999999 0.913141 0.708974 0.938782 0.709615 0.9708330000000001 0.716026 0.995192 0.769872 0.990064