0 0.05064100000000005 0.777244 0.12115399999999998 0.7375 0.15384600000000004 0.725962 0.15576900000000005 0.690064 0.15769200000000005 0.647756 0.16859000000000002 0.6528849999999999 0.18525599999999998 0.678526 0.20256399999999997 0.647756 0.17243600000000003 0.5951919999999999 0.124359 0.5554490000000001 0.125 0.5131410000000001 0.142949 0.44519200000000003 0.163462 0.415705 0.162821 0.38621799999999995 0.10128199999999998 0.37083299999999997 0.04359000000000002 0.332372 0.04615400000000003 0.375962 0.09551299999999996 0.442628 0.07371799999999995 0.49262799999999995 0.037820999999999994 0.505449 0.016666999999999987 0.49647399999999997 0.004487000000000019 0.48621800000000004 0.006410000000000027 0.738782 0.025641000000000025 0.750321 0.04359000000000002 0.790064
0 0.27692300000000003 0.636218 0.28589699999999996 0.577244 0.30640999999999996 0.49262799999999995 0.313462 0.45032099999999997 0.311538 0.397756 0.312179 0.338782 0.32307699999999995 0.299038 0.33846200000000004 0.26057699999999995 0.34487199999999996 0.20288499999999998 0.34423099999999995 0.13749999999999996 0.335897 0.029807999999999946 0.30064100000000005 0.016986999999999974 0.22692299999999999 0.005449000000000037 0.18653799999999998 0.02083299999999999 0.19294900000000004 0.12211499999999997 0.21538500000000005 0.190064 0.24423099999999998 0.13237200000000005 0.267308 0.07467900000000005 0.288462 0.10929500000000003 0.27820500000000004 0.169551 0.267308 0.205449 0.273077 0.225962 0.287821 0.269551 0.28269200000000005 0.32083300000000003 0.267949 0.36826899999999996 0.23717900000000003 0.40801299999999996 0.230128 0.456731 0.21602600000000005 0.522115 0.20576899999999998 0.5695509999999999 0.21410300000000004 0.6092949999999999 0.23782099999999995 0.625962 0.25961500000000004 0.6375
0 0.511538 0.588782 0.514103 0.54391 0.5371790000000001 0.525962 0.546154 0.504167 0.557051 0.49134599999999995 0.541667 0.420833 0.5358970000000001 0.39134599999999997 0.517949 0.377244 0.46474400000000005 0.36955099999999996 0.44551300000000005 0.47211499999999995 0.46666700000000005 0.519551 0.48717900000000003 0.545192 0.496795 0.575962 0.504487 0.586218
0 0.705769 0.664423 0.7032050000000001 0.6131409999999999 0.701282 0.575962 0.7128209999999999 0.547756 0.732051 0.528526 0.744231 0.501603 0.754487 0.475962 0.763462 0.452885 0.7391030000000001 0.40673099999999995 0.730769 0.358013 0.7141029999999999 0.252885 0.6961539999999999 0.209295 0.6538459999999999 0.21955100000000005 0.642949 0.24647399999999997 0.616026 0.318269 0.5974360000000001 0.350321 0.586538 0.38237200000000005 0.582051 0.460577 0.585256 0.5375 0.619872 0.6144229999999999 0.64359 0.5939099999999999 0.646795 0.6541669999999999 0.64359 0.668269 0.684615 0.6875 0.6910259999999999 0.6875
0 0.857051 0.432372 0.882051 0.40288500000000005 0.854487 0.34647399999999995 0.8416669999999999 0.315705 0.833333 0.25673100000000004 0.798718 0.30288499999999996 0.789744 0.36057700000000004 0.780769 0.40416700000000005 0.804487 0.436218 0.816667 0.44647400000000004 0.848077 0.45032099999999997
0 0.760256 0.15416700000000005 0.804487 0.08878200000000003 0.812179 0.07211500000000004 0.816026 0.03493599999999997 0.8006409999999999 0.004167000000000032 0.665385 0.010576999999999948 0.695513 0.07083300000000003 0.704487 0.100321 0.730128 0.13109000000000004 0.750641 0.15160300000000004
0 0.998718 0.392628 0.974359 0.4375 0.974359 0.455449 0.948718 0.48493600000000003 0.928205 0.499038 0.927564 0.5541670000000001 0.916667 0.6131409999999999 0.916667 0.627244 0.915385 0.649038 0.923718 0.682372 0.936538 0.708013 0.955769 0.705449 0.979487 0.686218 0.998077 0.677244
0 0.392308 0.977244 0.394231 0.933654 0.416026 0.900321 0.40897399999999995 0.859295 0.397436 0.840064 0.38525600000000004 0.816987 0.36538499999999996 0.877244 0.36538499999999996 0.919551 0.351282 0.918269 0.33974400000000005 0.956731 0.33974400000000005 0.988782 0.396795 0.99391
0 0.5948720000000001 0.929808 0.600641 0.89391 0.6141030000000001 0.8836539999999999 0.627564 0.854167 0.610256 0.828526 0.5923080000000001 0.829808 0.570513 0.859295 0.563462 0.892628 0.562821 0.934936 0.5576920000000001 0.983654 0.559615 0.995192 0.600641 0.990064
0 0.837821 0.960577 0.855128 0.928526 0.852564 0.866987 0.857692 0.838782 0.86859 0.811859 0.867949 0.784936 0.855128 0.765705 0.8435900000000001 0.8375 0.835256 0.874679 0.814744 0.900321 0.810897 0.928526 0.820513 0.954167
0 0.928205 0.314423 0.944231 0.27980799999999995 0.966026 0.24390999999999996 0.966026 0.21570500000000004 0.963462 0.206731 0.942308 0.204167 0.921795 0.23365400000000003 0.917308 0.26442299999999996 0.903205 0.315705 0.912821 0.352885