0 0.980769 0.991346 0.975 0.964423 0.928205 0.924679 0.912821 0.922115 0.888462 0.94391 0.866667 0.99391
0 0.744231 0.9875 0.744231 0.942628 0.7608969999999999 0.884936 0.755769 0.825962 0.746154 0.7875 0.7429490000000001 0.702885 0.7833330000000001 0.646474 0.7833330000000001 0.620833 0.762821 0.608013 0.7 0.625962 0.682051 0.674679 0.667949 0.688782 0.689744 0.751603 0.682051 0.773397 0.669231 0.786218 0.6576919999999999 0.8003210000000001 0.642308 0.808013 0.638462 0.774679 0.619872 0.769551 0.580769 0.797756 0.5564100000000001 0.833654 0.55 0.841346 0.5576920000000001 0.7451920000000001 0.5698719999999999 0.68109 0.570513 0.561859 0.554487 0.5298080000000001 0.536538 0.522115 0.501282 0.578526 0.48910299999999995 0.583654 0.44743599999999994 0.563141 0.416026 0.547756 0.391667 0.556731 0.355128 0.599038 0.32051300000000005 0.729808 0.31730800000000003 0.770833 0.377564 0.918269 0.399359 0.8875 0.44615400000000005 0.805449 0.44807699999999995 0.777244 0.483974 0.791346 0.49166699999999997 0.808013 0.5 0.856731 0.510256 0.908013 0.5121789999999999 0.932372 0.5070509999999999 0.995192
0 0.10769200000000001 0.734936 0.12243599999999999 0.738782 0.17884599999999995 0.709295 0.19807699999999995 0.674679 0.22628199999999998 0.660577 0.22628199999999998 0.6503209999999999 0.20448699999999997 0.5733969999999999 0.18397399999999997 0.527244 0.17179500000000003 0.516987 0.142949 0.5298080000000001 0.11089700000000002 0.5554490000000001 0.050000000000000044 0.5926279999999999 0.02884600000000004 0.615705 0.019872 0.6516029999999999 0.03205100000000005 0.690064 0.05064100000000005 0.710577 0.07820499999999997 0.740064 0.09358999999999995 0.7451920000000001
0 0.34615399999999996 0.995192 0.357692 0.956731 0.333974 0.906731 0.309615 0.890064 0.266026 0.872115 0.249359 0.865705 0.275 0.936218 0.255769 0.964423 0.22628199999999998 0.98109 0.228205 0.990064
0 0.19359000000000004 0.977244 0.15641000000000005 0.965705 0.14038499999999998 0.963141 0.11089700000000002 0.958013 0.10064099999999998 0.946474 0.09807699999999997 0.924679 0.06794900000000004 0.940064 0.05320499999999995 0.966987 0.059614999999999974 0.992628 0.18717899999999998 0.992628
0 0.994231 0.6310899999999999 0.942308 0.697756 0.936538 0.752885 0.937821 0.7810900000000001 0.952564 0.802885 0.992308 0.788782 0.99359 0.788782
0 0.639744 0.441346 0.666667 0.44391 0.6717949999999999 0.36570499999999995 0.641026 0.36698699999999995 0.608333 0.40929499999999996 0.624359 0.433654
0 0.873718 0.500321 0.891667 0.508013 0.921154 0.49647399999999997 0.904487 0.44647400000000004 0.902564 0.41057699999999997 0.879487 0.41057699999999997 0.846795 0.40032100000000004 0.808974 0.39134599999999997 0.804487 0.46826900000000005 0.8 0.49647399999999997 0.830769 0.49519199999999997 0.852564 0.48365400000000003 0.858974 0.505449
0 0.941026 0.373397 0.95641 0.372115 0.971154 0.34775599999999995 0.991026 0.325962 0.990385 0.306731 0.986538 0.28108999999999995 0.970513 0.19134600000000002 0.969872 0.17596199999999995 0.930769 0.24647399999999997 0.895513 0.26185899999999995 0.895513 0.30288499999999996 0.902564 0.34134600000000004 0.9083330000000001 0.36442300000000005 0.91859 0.37980800000000003
0 0.664744 0.21185900000000002 0.7 0.17852599999999996 0.707692 0.14390999999999998 0.705128 0.11442300000000005 0.710897 0.03749999999999998 0.7 0.03108999999999995 0.6839740000000001 0.07724399999999998 0.684615 0.09134600000000004 0.658974 0.09262800000000004 0.6551279999999999 0.061859 0.6583330000000001 0.049038000000000026 0.662821 0.032371999999999956 0.6564099999999999 0.0067310000000000425 0.5371790000000001 0.0003210000000000157 0.5538460000000001 0.06826900000000002 0.564103 0.11826899999999996 0.63141 0.166987 0.644231 0.21185900000000002
0 0.32756399999999997 0.273397 0.32692299999999996 0.23365400000000003 0.350641 0.21570500000000004 0.36794899999999997 0.206731 0.378205 0.250321 0.38205100000000003 0.24519199999999997 0.396795 0.188782 0.395513 0.15288500000000005 0.391667 0.10929500000000003 0.38333300000000003 0.08750000000000002 0.36410299999999995 0.02596200000000004 0.371154 0.0067310000000000425 0.329487 0.009295000000000053 0.31987200000000005 0.051602999999999954 0.30064100000000005 0.08621800000000002 0.29743600000000003 0.13878199999999996 0.29359 0.170833 0.28205100000000005 0.21185900000000002 0.25769200000000003 0.23493600000000003 0.24102599999999996 0.22339699999999996 0.23910299999999995 0.36570499999999995 0.265385 0.36057700000000004 0.289744 0.34006400000000003 0.30000000000000004 0.292628 0.31666700000000003 0.28365399999999996
0 0.164744 0.252885 0.17948699999999995 0.19391000000000003 0.162821 0.15160300000000004 0.15705100000000005 0.14006399999999997 0.146154 0.10929500000000003 0.14935900000000002 0.06570500000000001 0.14935900000000002 0.03878199999999998 0.14871800000000002 0.022114999999999996 0.13974399999999998 0.004167000000000032 0.127564 0.014422999999999964 0.13653800000000005 0.049038000000000026 0.13846199999999997 0.082372 0.12948700000000002 0.11442300000000005 0.10256399999999999 0.21570500000000004 0.10128199999999998 0.23878200000000005 0.13589700000000005 0.250321 0.15705100000000005 0.24390999999999996
0 0.542308 0.310577 0.5358970000000001 0.28365399999999996 0.559615 0.291346 0.560256 0.329808 0.573718 0.273397 0.563462 0.21570500000000004 0.55 0.18108999999999997 0.541667 0.170833 0.502564 0.20288499999999998 0.496795 0.26185899999999995 0.494872 0.295192 0.50641 0.292628 0.5301279999999999 0.299038
0 0.932051 0.10801300000000003 0.958974 0.08621800000000002 0.96859 0.06955100000000003 0.964103 0.04519200000000001 0.923718 0.010576999999999948 0.897436 0.08878200000000003 0.908974 0.10544900000000001 0.935256 0.12724400000000002
0 0.842949 0.14390999999999998 0.854487 0.11698699999999995 0.851923 0.06826900000000002 0.845513 0.05929499999999999 0.826923 0.09391000000000005 0.823718 0.13237200000000005 0.833974 0.14262799999999998