0 0.18653799999999998 0.636218 0.19807699999999995 0.620833 0.21602600000000005 0.616987 0.228846 0.640064 0.249359 0.586218 0.24230799999999997 0.519551 0.23974399999999996 0.502885 0.208974 0.48109 0.20064099999999996 0.461859 0.14807700000000001 0.451603 0.13076900000000002 0.414423 0.10705100000000001 0.413141 0.085897 0.44647400000000004 0.08012799999999998 0.48621800000000004 0.09935899999999998 0.586218 0.10128199999999998 0.6092949999999999 0.11025600000000002 0.577244 0.13141000000000003 0.5746789999999999 0.17628200000000005 0.579808 0.16987200000000002 0.6105769999999999 0.165385 0.619551 0.17051300000000003 0.636218
0 0.015384999999999982 0.49390999999999996 0.016666999999999987 0.422115 0.02692300000000003 0.399038 0.03589699999999996 0.46570500000000004 0.04102600000000001 0.506731 0.05064100000000005 0.451603 0.06282100000000002 0.36057700000000004 0.06602600000000003 0.3375 0.08846200000000004 0.34391000000000005 0.10705100000000001 0.34006400000000003 0.14038499999999998 0.32083300000000003 0.144872 0.24262799999999995 0.142949 0.18108999999999997 0.141667 0.10801300000000003 0.13589700000000005 0.08493600000000001 0.085897 0.10673100000000002 0.04679500000000003 0.09006400000000003 0.026282000000000028 0.056730999999999976 0.0032050000000000134 0.011858999999999953 0.003846000000000016 0.49519199999999997
0 0.416026 0.708013 0.39359 0.673397 0.373718 0.6375 0.36538499999999996 0.596474 0.32884599999999997 0.5913459999999999 0.30256400000000006 0.605449 0.29679500000000003 0.6541669999999999 0.30128200000000005 0.732372 0.32051300000000005 0.777244 0.34743599999999997 0.754167 0.38333300000000003 0.751603 0.4 0.777244 0.41859 0.7246790000000001
0 0.49294899999999997 0.713141 0.532051 0.700321 0.5480769999999999 0.6875 0.557051 0.663141 0.558333 0.6375 0.5467949999999999 0.620833 0.512821 0.601603 0.497436 0.588782 0.482051 0.6144229999999999 0.462179 0.6310899999999999 0.46410300000000004 0.677244 0.47115399999999996 0.710577
0 0.38141 0.584936 0.397436 0.5708329999999999 0.40897399999999995 0.5695509999999999 0.40576900000000005 0.5349360000000001 0.43269199999999997 0.5336540000000001 0.44102600000000003 0.527244 0.462179 0.44647400000000004 0.45192299999999996 0.38749999999999996 0.42564100000000005 0.434936 0.38269200000000003 0.49134599999999995 0.357692 0.540064 0.355769 0.566987 0.372436 0.584936
0 0.669231 0.978526 0.6538459999999999 0.920833 0.610897 0.8016030000000001 0.5782050000000001 0.732372 0.554487 0.700321 0.5346150000000001 0.738782 0.5333330000000001 0.790064 0.528205 0.813141 0.5506409999999999 0.854167 0.5538460000000001 0.868269 0.562821 0.915705 0.575 0.941346 0.58141 0.965705 0.5961540000000001 0.990064
0 0.12115399999999998 0.992628 0.11602599999999996 0.93109 0.087179 0.911859 0.06282100000000002 0.984936 0.05833299999999997 0.995192
0 0.822436 0.986218 0.817949 0.945192 0.83141 0.879808 0.8038460000000001 0.795192 0.787821 0.738782 0.75641 0.68109 0.733333 0.6516029999999999 0.7198720000000001 0.641346 0.70641 0.684936 0.690385 0.768269 0.695513 0.809295 0.726282 0.799038 0.735897 0.810577 0.730128 0.860577 0.721795 0.915705 0.7198720000000001 0.933654 0.707051 0.961859 0.705128 0.99391 0.814103 0.995192
0 0.9 0.933654 0.9096150000000001 0.88109 0.93141 0.8439099999999999 0.9480770000000001 0.804167 0.942949 0.68109 0.940385 0.642628 0.911538 0.5298080000000001 0.901923 0.505449 0.878846 0.49390999999999996 0.8641030000000001 0.49006400000000006 0.85641 0.5336540000000001 0.859615 0.566987 0.875 0.616987 0.872436 0.640064 0.859615 0.688782 0.883333 0.695192 0.889744 0.699038 0.899359 0.750321 0.902564 0.777244 0.888462 0.809295 0.883974 0.846474 0.876923 0.879808 0.873077 0.918269
0 0.812179 0.540064 0.827564 0.516987 0.822436 0.461859 0.8198719999999999 0.42596199999999995 0.812179 0.40032100000000004 0.7993589999999999 0.399038 0.778205 0.442628 0.783974 0.46826900000000005 0.79359 0.522115
0 0.720513 0.527244 0.732692 0.48365400000000003 0.7166669999999999 0.42724399999999996 0.713462 0.38878199999999996 0.711538 0.315705 0.733333 0.32211500000000004 0.738462 0.27980799999999995 0.726923 0.24519199999999997 0.7166669999999999 0.21826900000000005 0.6935899999999999 0.24647399999999997 0.689744 0.26442299999999996 0.664103 0.266987 0.641667 0.288782 0.630769 0.306731 0.627564 0.350321 0.619872 0.40416700000000005 0.6179490000000001 0.44391 0.621795 0.47467899999999996 0.648077 0.523397 0.684615 0.5323720000000001 0.707051 0.528526
0 0.582692 0.25673100000000004 0.610897 0.24903799999999998 0.623718 0.251603 0.624359 0.18237199999999998 0.623077 0.15288500000000005 0.621795 0.13493599999999994 0.605769 0.13237200000000005 0.572436 0.16442299999999999 0.560897 0.21698700000000004 0.562821 0.24903799999999998
0 0.994872 0.15288500000000005 0.991026 0.166987 0.992308 0.20160299999999998 0.941667 0.21185900000000002 0.942949 0.18237199999999998 0.925641 0.19519200000000003 0.91859 0.228526 0.914103 0.27724400000000005 0.903205 0.325962 0.888462 0.354167 0.846795 0.27852600000000005 0.836538 0.26570499999999997 0.812179 0.24262799999999995 0.829487 0.209295 0.863462 0.13878199999999996 0.93141 0.082372 0.944872 0.061859 0.965385 0.041345999999999994 0.997436 0.022114999999999996
0 0.5743590000000001 0.38749999999999996 0.582051 0.34519200000000005 0.577564 0.334936 0.562179 0.32467900000000005 0.552564 0.36314100000000005 0.5551280000000001 0.38109000000000004 0.566667 0.392628