0 0.44102600000000003 0.986218 0.43333299999999997 0.934936 0.4 0.8836539999999999 0.353846 0.872115 0.33846200000000004 0.9875 0.42307700000000004 0.995192
0 0.270513 0.983654 0.251923 0.900321 0.228846 0.865705 0.17243600000000003 0.8439099999999999 0.142308 0.855449 0.125 0.886218 0.11730799999999997 0.969551 0.12115399999999998 0.99391 0.26282099999999997 0.992628
0 0.680769 0.888782 0.675 0.840064 0.6564099999999999 0.811859 0.641667 0.797756 0.578846 0.790064 0.5480769999999999 0.814423 0.557051 0.859295 0.5948720000000001 0.877244 0.630128 0.891346 0.644872 0.89391
0 0.48717900000000003 0.818269 0.514744 0.770833 0.541667 0.7464740000000001 0.553205 0.718269 0.529487 0.660577 0.525641 0.615705 0.498718 0.597756 0.461538 0.675962 0.42628200000000005 0.755449 0.40448700000000004 0.777244 0.389744 0.847756 0.435256 0.8644229999999999 0.44999999999999996 0.828526 0.476282 0.814423
0 0.353846 0.7451920000000001 0.394872 0.7246790000000001 0.40833299999999995 0.691346 0.41025599999999995 0.638782 0.41025599999999995 0.577244 0.396154 0.525962 0.396154 0.48365400000000003 0.43140999999999996 0.422115 0.42115400000000003 0.30544899999999997 0.377564 0.325962 0.354487 0.34006400000000003 0.34166700000000005 0.299038 0.32692299999999996 0.270833 0.29359 0.227244 0.27884600000000004 0.24134599999999995 0.25 0.356731 0.250641 0.40032100000000004 0.28141000000000005 0.45032099999999997 0.263462 0.504167 0.23974399999999996 0.5144230000000001 0.22307699999999997 0.5118590000000001 0.19615400000000005 0.5554490000000001 0.19038500000000003 0.608013 0.19807699999999995 0.6541669999999999 0.254487 0.624679 0.28333299999999995 0.600321 0.33141 0.568269 0.34551299999999996 0.5733969999999999 0.357051 0.6528849999999999 0.330128 0.69391 0.33782100000000004 0.729808 0.34743599999999997 0.752885
0 0.14038499999999998 0.766987 0.15512800000000004 0.683654 0.167308 0.618269 0.13717900000000005 0.583654 0.125641 0.5900639999999999 0.13076900000000002 0.620833 0.13141000000000003 0.666987 0.09423099999999995 0.734936 0.10064099999999998 0.750321 0.12051299999999998 0.754167
0 0.992949 0.7451920000000001 0.967949 0.766987 0.866667 0.786218 0.870513 0.7451920000000001 0.858333 0.705449 0.834615 0.696474 0.81859 0.736218 0.812179 0.7618590000000001 0.750641 0.710577 0.742308 0.677244 0.708333 0.575962 0.697436 0.5310900000000001 0.683333 0.42980799999999997 0.716026 0.39134599999999997 0.730769 0.354167 0.728205 0.28108999999999995 0.725641 0.19262800000000002 0.765385 0.14262799999999998 0.783974 0.20032099999999997 0.811538 0.27980799999999995 0.8211539999999999 0.34134600000000004 0.810897 0.411859 0.780769 0.47083299999999995 0.775 0.5105770000000001 0.770513 0.579808 0.777564 0.599038 0.807051 0.6118589999999999 0.851923 0.619551 0.907051 0.642628 0.919231 0.597756 0.927564 0.508013 0.9269229999999999 0.43109 0.934615 0.36057700000000004 0.942308 0.32083300000000003 0.999359 0.34006400000000003 0.998077 0.714423
0 0.877564 0.250321 0.896795 0.19134600000000002 0.898718 0.100321 0.904487 0.005449000000000037 0.780769 0.004167000000000032 0.813462 0.04775600000000002 0.811538 0.10416700000000001 0.792308 0.12980800000000003 0.810897 0.165705 0.839744 0.14006399999999997 0.849359 0.13878199999999996 0.867949 0.208013 0.869872 0.23750000000000004
0 0.632692 0.41057699999999997 0.664103 0.352885 0.671154 0.325962 0.661538 0.30032099999999995 0.628205 0.309295 0.608333 0.32467900000000005 0.600641 0.350321 0.613462 0.38493599999999994 0.624359 0.40160300000000004
0 0.42756400000000006 0.19903800000000005 0.455769 0.15416700000000005 0.485897 0.13365400000000005 0.46602600000000005 0.082372 0.458333 0.02852600000000005 0.44807699999999995 0.004167000000000032 0.370513 0.004167000000000032 0.36730799999999997 0.06826900000000002 0.355769 0.11955099999999996 0.371795 0.165705 0.390385 0.19775600000000004 0.401282 0.204167 0.419231 0.19903800000000005
0 0.028205000000000036 0.4375 0.04615400000000003 0.40673099999999995 0.07115400000000005 0.38621799999999995 0.09615399999999996 0.30288499999999996 0.09935899999999998 0.27596200000000004 0.07307699999999995 0.23493600000000003 0.04359000000000002 0.19134600000000002 0.003846000000000016 0.24262799999999995 0.0032050000000000134 0.4375
0 0.016025999999999985 0.14006399999999997 0.02179500000000001 0.09647399999999995 0.042949000000000015 0.049038000000000026 0.05128200000000005 0.011858999999999953 0.0025640000000000107 0.0067310000000000425 0.001923000000000008 0.13365400000000005
0 0.24294899999999997 0.07852599999999998 0.267308 0.03749999999999998 0.30640999999999996 0.061859 0.32307699999999995 0.009295000000000053 0.208974 0.0067310000000000425 0.21923099999999995 0.04006399999999999 0.230128 0.06442300000000001
0 0.630769 0.184936 0.677564 0.19775600000000004 0.685256 0.13109000000000004 0.6525639999999999 0.101603 0.61859 0.100321 0.622436 0.16314099999999998