0 0.40512800000000004 0.69391 0.44102600000000003 0.675962 0.460256 0.6516029999999999 0.460256 0.605449 0.454487 0.5554490000000001 0.42371800000000004 0.536218 0.400641 0.5516030000000001 0.38333300000000003 0.5144230000000001 0.42628200000000005 0.49134599999999995 0.440385 0.477244 0.440385 0.46442300000000003 0.41217899999999996 0.458013 0.391026 0.432372 0.378846 0.37980800000000003 0.41217899999999996 0.288782 0.373718 0.19262800000000002 0.349359 0.190064 0.31859000000000004 0.14390999999999998 0.312821 0.11057700000000004 0.291667 0.09262800000000004 0.24294899999999997 0.13109000000000004 0.22564099999999998 0.20032099999999997 0.20192299999999996 0.24519199999999997 0.18140999999999996 0.296474 0.17564100000000005 0.329808 0.18910300000000002 0.40801299999999996 0.22307699999999997 0.475962 0.264744 0.520833 0.28653799999999996 0.528526 0.30192300000000005 0.49006400000000006 0.31666700000000003 0.505449 0.29935900000000004 0.559295 0.271154 0.588782 0.26089700000000005 0.623397 0.267949 0.666987 0.28461499999999995 0.683654 0.32435899999999995 0.658013 0.354487 0.659295 0.374359 0.622115 0.38333300000000003 0.660577 0.378205 0.69391 0.38205100000000003 0.718269 0.388462 0.725962 0.40512800000000004 0.7375
0 0.475 0.42596199999999995 0.46794899999999995 0.373397 0.46858999999999995 0.358013 0.47243599999999997 0.32211500000000004 0.457051 0.30160299999999995 0.44230800000000003 0.295192 0.41859 0.292628 0.41217899999999996 0.31955100000000003 0.42179500000000003 0.36314100000000005 0.414103 0.40673099999999995 0.41153799999999996 0.43109 0.460897 0.460577 0.477564 0.440064
0 0.503205 0.169551 0.554487 0.13365400000000005 0.578846 0.11185900000000004 0.580128 0.07852599999999998 0.5685899999999999 0.008013000000000048 0.38461500000000004 0.014422999999999964 0.399359 0.102885 0.416026 0.16057699999999997 0.44359000000000004 0.15160300000000004 0.454487 0.15929499999999996
0 0.5782050000000001 0.34262800000000004 0.5903849999999999 0.28493599999999997 0.613462 0.2875 0.65 0.19391000000000003 0.626923 0.17467900000000003 0.598077 0.205449 0.569231 0.251603 0.5538460000000001 0.27980799999999995 0.54359 0.31955100000000003 0.544231 0.350321 0.571795 0.34134600000000004
0 0.885897 0.522115 0.921795 0.506731 0.919872 0.459295 0.9096150000000001 0.40160300000000004 0.872436 0.34647399999999995 0.85641 0.327244 0.8448720000000001 0.30416699999999997 0.812821 0.36057700000000004 0.830128 0.422115 0.837179 0.49390999999999996 0.846154 0.519551 0.869231 0.519551
0 0.09743599999999997 0.36955099999999996 0.086538 0.32211500000000004 0.07884599999999997 0.28493599999999997 0.059614999999999974 0.251603 0.042949000000000015 0.23109000000000002 0.030128000000000044 0.21955100000000005 0.004487000000000019 0.20032099999999997 0.006410000000000027 0.40288500000000005 0.019872 0.34391000000000005 0.027564000000000033 0.34134600000000004 0.04230800000000001 0.36570499999999995 0.060255999999999976 0.356731 0.07307699999999995 0.38365400000000005 0.084615 0.39391 0.09294899999999995 0.38493599999999994
0 0.17564100000000005 0.5926279999999999 0.17564100000000005 0.549038 0.17500000000000004 0.508013 0.15448700000000004 0.497756 0.13782099999999997 0.502885 0.125 0.541346 0.13205100000000003 0.58109 0.15512800000000004 0.599038 0.166667 0.5926279999999999
0 0.869872 0.165705 0.912821 0.14134599999999997 0.930128 0.11442300000000005 0.897436 0.041345999999999994 0.869872 0.051602999999999954 0.8435900000000001 0.083654 0.828846 0.11570499999999995 0.8230770000000001 0.15416700000000005 0.83141 0.184936 0.851923 0.17724399999999996
0 0.7801279999999999 0.31955100000000003 0.790385 0.266987 0.797436 0.228526 0.785256 0.19134600000000002 0.771795 0.19647400000000004 0.751282 0.186218 0.733333 0.24647399999999997 0.760256 0.286218
0 0.808974 0.10544900000000001 0.820513 0.061859 0.825 0.04519200000000001 0.825 0.022114999999999996 0.823718 0.009295000000000053 0.75 0.011858999999999953 0.7826919999999999 0.07980799999999999 0.798718 0.10416700000000001
0 0.09551299999999996 0.11442300000000005 0.13974399999999998 0.102885 0.15641000000000005 0.07596199999999997 0.17500000000000004 0.011858999999999953 0.035255999999999954 0.01826899999999998 0.02884600000000004 0.083654 0.047436000000000034 0.09519200000000005 0.06987200000000005 0.11185900000000004 0.07884599999999997 0.11185900000000004
0 0.560897 0.577244 0.604487 0.5336540000000001 0.61859 0.516987 0.628846 0.46570500000000004 0.5891029999999999 0.48878200000000005 0.572436 0.479808 0.5371790000000001 0.523397 0.536538 0.560577
0 0.996154 0.540064 0.965385 0.54391 0.947436 0.520833 0.947436 0.500321 0.975 0.461859 0.976923 0.433654 0.978846 0.396474 0.985897 0.37083299999999997 0.998077 0.36185900000000004
0 0.969231 0.942628 0.969231 0.875962 0.971154 0.836218 0.946795 0.815705 0.930769 0.7798080000000001 0.874359 0.764423 0.865385 0.7605770000000001 0.865385 0.8375 0.864744 0.8631409999999999 0.89359 0.866987 0.9269229999999999 0.899038 0.94359 0.915705 0.93141 0.954167 0.940385 0.973397
0 0.767308 0.950321 0.795513 0.918269 0.808974 0.877244 0.791026 0.833654 0.755128 0.828526 0.730769 0.832372 0.7166669999999999 0.873397 0.712179 0.913141 0.738462 0.947756 0.757051 0.949038
0 0.005128000000000021 0.706731 0.008333000000000035 0.6528849999999999 0.016025999999999985 0.6118589999999999 0.03141000000000005 0.602885 0.04615400000000003 0.600321 0.05705099999999996 0.577244 0.042949000000000015 0.545192 0.004487000000000019 0.47467899999999996