0 0.996154 0.934936 0.976282 0.906731 0.959615 0.895192 0.939103 0.915705 0.924359 0.8644229999999999 0.913462 0.818269 0.905769 0.796474 0.916667 0.752885 0.9666669999999999 0.695192 0.987821 0.710577 0.997436 0.679808
0 0.874359 0.992628 0.889744 0.892628 0.89359 0.851603 0.871795 0.808013 0.8628210000000001 0.751603 0.816026 0.692628 0.776923 0.673397 0.73141 0.645192 0.7006410000000001 0.695192 0.725 0.755449 0.749359 0.865705 0.775 0.929808 0.791667 0.959295 0.796154 0.995192
0 0.6583330000000001 0.974679 0.627564 0.942628 0.628205 0.9028849999999999 0.626923 0.820833 0.579487 0.828526 0.5673079999999999 0.900321 0.561538 0.942628 0.542308 0.991346 0.6608970000000001 0.99391
0 0.38461500000000004 0.99391 0.376282 0.959295 0.371154 0.9041669999999999 0.351282 0.873397 0.32692299999999996 0.849038 0.311538 0.849038 0.30128200000000005 0.874679 0.271795 0.94391 0.26153800000000005 0.992628
0 0.142949 0.983654 0.13846199999999997 0.9028849999999999 0.12948700000000002 0.851603 0.105769 0.852885 0.06602600000000003 0.875962 0.05128200000000005 0.874679 0.033332999999999946 0.89391 0.025641000000000025 0.936218 0.02179500000000001 0.996474 0.13717900000000005 0.996474
0 0.22692299999999999 0.749038 0.253205 0.7233970000000001 0.273718 0.719551 0.28012800000000004 0.669551 0.29615400000000003 0.672115 0.27820500000000004 0.6285259999999999 0.267949 0.6105769999999999 0.266667 0.577244 0.26859 0.5528850000000001 0.25897400000000004 0.547756 0.22435899999999998 0.600321 0.209615 0.5939099999999999 0.18525599999999998 0.5708329999999999 0.15705100000000005 0.608013 0.15769200000000005 0.714423 0.16859000000000002 0.755449 0.20384599999999997 0.750321
0 0.46282100000000004 0.828526 0.478205 0.766987 0.49359 0.777244 0.517949 0.759295 0.522436 0.709295 0.5333330000000001 0.646474 0.5288459999999999 0.599038 0.496154 0.601603 0.475 0.6375 0.455769 0.646474 0.42692300000000005 0.691346 0.42500000000000004 0.749038 0.419872 0.799038 0.43269199999999997 0.815705 0.45256399999999997 0.825962
0 0.6923079999999999 0.636218 0.7166669999999999 0.597756 0.7224360000000001 0.528526 0.730769 0.4375 0.728846 0.336218 0.73141 0.30416699999999997 0.732692 0.273397 0.717949 0.23237200000000002 0.702564 0.209295 0.686538 0.19391000000000003 0.644231 0.21955100000000005 0.605128 0.24519199999999997 0.582051 0.28493599999999997 0.566667 0.310577 0.571795 0.374679 0.603205 0.478526 0.633974 0.5118590000000001 0.6346149999999999 0.563141 0.662821 0.616987
0 0.38653800000000005 0.672115 0.43269199999999997 0.616987 0.476282 0.578526 0.497436 0.5503210000000001 0.526923 0.479808 0.5301279999999999 0.44903800000000005 0.47243599999999997 0.38493599999999994 0.45320499999999997 0.36955099999999996 0.42307700000000004 0.358013 0.377564 0.34006400000000003 0.349359 0.36314100000000005 0.34423099999999995 0.432372 0.34807699999999997 0.542628 0.350641 0.5926279999999999 0.353205 0.622115 0.360256 0.646474
0 0.08140999999999998 0.8016030000000001 0.08846200000000004 0.778526 0.11858999999999997 0.749038 0.11602599999999996 0.690064 0.11217900000000003 0.674679 0.09999999999999998 0.6528849999999999 0.08076899999999998 0.641346 0.05448699999999995 0.6375 0.035255999999999954 0.6375 0.019872 0.659295 0.03397399999999995 0.708013 0.062178999999999984 0.728526 0.06794900000000004 0.740064 0.06346200000000002 0.7798080000000001 0.06730800000000003 0.792628
0 0.01474399999999998 0.45032099999999997 0.032692000000000054 0.42467900000000003 0.055127999999999955 0.422115 0.04487200000000002 0.39006399999999997 0.03461499999999995 0.36570499999999995 0.025641000000000025 0.34391000000000005 0.001923000000000008 0.33109 0.003846000000000016 0.44391
0 0.18717899999999998 0.334936 0.18589699999999998 0.273397 0.19359000000000004 0.23750000000000004 0.210897 0.16057699999999997 0.208974 0.14006399999999997 0.17371800000000004 0.17724399999999996 0.15128200000000003 0.23750000000000004 0.14038499999999998 0.26057699999999995 0.13012800000000002 0.296474 0.162821 0.32083300000000003 0.17371800000000004 0.356731 0.18205099999999996 0.356731
0 0.060255999999999976 0.20288499999999998 0.07756399999999997 0.186218 0.11089700000000002 0.208013 0.12179499999999999 0.17467900000000003 0.125641 0.11955099999999996 0.14102599999999998 0.051602999999999954 0.15448700000000004 0.011858999999999953 0.05833299999999997 0.008013000000000048 0.07371799999999995 0.051602999999999954 0.07115400000000005 0.11570499999999995 0.05897399999999997 0.12724400000000002 0.05320499999999995 0.09775599999999995 0.039744 0.09134600000000004 0.027564000000000033 0.101603 0.019230999999999998 0.145192 0.032692000000000054 0.18108999999999997 0.04615400000000003 0.204167
0 0.332051 0.792628 0.371795 0.719551 0.349359 0.678526 0.32115400000000005 0.704167 0.31859000000000004 0.729808
0 0.22499999999999998 0.979808 0.250641 0.878526 0.255128 0.852885 0.20512799999999998 0.870833 0.17692300000000005 0.916987 0.15576900000000005 0.950321 0.15512800000000004 0.98109 0.19615400000000005 0.979808
0 0.32179500000000005 0.10544900000000001 0.397436 0.09134600000000004 0.389103 0.041345999999999994 0.38269200000000003 0.011858999999999953 0.252564 0.011858999999999953 0.25961500000000004 0.05544899999999997 0.287821 0.07852599999999998 0.30833299999999997 0.10673100000000002