0 0.996154 0.804167 0.951923 0.815705 0.95 0.764423 0.957051 0.666987 0.938462 0.641346 0.930769 0.716987 0.919231 0.772115 0.907051 0.827244 0.880769 0.991346 0.997436 0.992628
0 0.6538459999999999 0.8451919999999999 0.689744 0.809295 0.723718 0.6516029999999999 0.711538 0.627244 0.6621790000000001 0.6323719999999999 0.632692 0.605449 0.632692 0.64391 0.628205 0.704167 0.609615 0.814423 0.617308 0.847756 0.621795 0.854167
0 0.44487200000000005 0.701603 0.46346200000000004 0.634936 0.47051299999999996 0.5939099999999999 0.49038499999999996 0.568269 0.498077 0.528526 0.46346200000000004 0.499038 0.44871799999999995 0.477244 0.43333299999999997 0.479808 0.41859 0.523397 0.40448700000000004 0.538782 0.378846 0.568269 0.36666699999999997 0.620833 0.36217900000000003 0.710577 0.371154 0.729808 0.41217899999999996 0.699038
0 0.938462 0.577244 0.95 0.516987 0.942308 0.460577 0.912821 0.440064 0.902564 0.411859 0.887821 0.416987 0.857692 0.432372 0.853205 0.500321 0.860897 0.547756 0.896795 0.563141
0 0.915385 0.28108999999999995 0.932692 0.250321 0.946795 0.21185900000000002 0.941026 0.19134600000000002 0.939103 0.12083299999999997 0.9480770000000001 0.09134600000000004 0.949359 0.06698700000000002 0.9096150000000001 0.06698700000000002 0.880769 0.08750000000000002 0.857051 0.13493599999999994 0.863462 0.26570499999999997 0.883974 0.291346
0 0.791667 0.296474 0.789103 0.251603 0.783974 0.184936 0.791026 0.145192 0.787179 0.08878200000000003 0.741026 0.04006399999999999 0.7198720000000001 0.11826899999999996 0.7211540000000001 0.147756 0.754487 0.168269 0.741026 0.19391000000000003 0.726923 0.23878200000000005 0.744231 0.32083300000000003 0.789744 0.336218 0.8006409999999999 0.325962
0 0.6141030000000001 0.36057700000000004 0.616026 0.332372 0.632692 0.30416699999999997 0.65 0.266987 0.645513 0.228526 0.622436 0.17467900000000003 0.573718 0.15032100000000004 0.526282 0.22339699999999996 0.529487 0.30032099999999995 0.538462 0.34775599999999995 0.562179 0.375962 0.596795 0.38365400000000005
0 0.667949 0.21185900000000002 0.689103 0.166987 0.689744 0.14390999999999998 0.663462 0.08878200000000003 0.666026 0.041345999999999994 0.623077 0.014422999999999964 0.619872 0.03493599999999997 0.605769 0.06698700000000002 0.601282 0.101603 0.6320509999999999 0.17596199999999995 0.650641 0.205449
0 0.332051 0.6336539999999999 0.335897 0.5875 0.34294899999999995 0.49134599999999995 0.34358999999999995 0.44903800000000005 0.38333300000000003 0.41057699999999997 0.401282 0.37083299999999997 0.394872 0.352885 0.30769199999999997 0.327244 0.291667 0.334936 0.290385 0.415705 0.292949 0.45032099999999997 0.275641 0.49262799999999995 0.17371800000000004 0.5157050000000001 0.11346199999999995 0.5336540000000001 0.07564099999999996 0.577244 0.09102600000000005 0.659295 0.13974399999999998 0.678526 0.17692300000000005 0.6310899999999999 0.24038499999999996 0.604167 0.28717899999999996 0.625962
0 0.5576920000000001 0.974679 0.522436 0.922115 0.5 0.873397 0.499359 0.819551 0.480128 0.758013 0.45641 0.7605770000000001 0.436538 0.8003210000000001 0.392949 0.929808 0.376282 0.936218 0.34679499999999996 0.900321 0.32435899999999995 0.901603 0.31987200000000005 0.990064 0.5589740000000001 0.996474
0 0.17307700000000004 0.8631409999999999 0.19294900000000004 0.8246789999999999 0.19551300000000005 0.750321 0.15833299999999995 0.708013 0.13525600000000004 0.709295 0.13397400000000004 0.697756 0.13269200000000003 0.690064 0.10961500000000002 0.682372 0.10833300000000001 0.7451920000000001 0.09679499999999996 0.765705 0.07115400000000005 0.783654 0.06410300000000002 0.840064 0.08782100000000004 0.873397 0.164744 0.8618589999999999
0 0.032692000000000054 0.665705 0.04615400000000003 0.606731 0.060255999999999976 0.6323719999999999 0.057691999999999966 0.5746789999999999 0.05384599999999995 0.547756 0.048077000000000036 0.516987 0.028205000000000036 0.48750000000000004 0.005128000000000021 0.48750000000000004 0.003846000000000016 0.675962
0 0.27884600000000004 0.30160299999999995 0.28141000000000005 0.26314099999999996 0.31987200000000005 0.23750000000000004 0.369872 0.21826900000000005 0.357692 0.15032100000000004 0.36346199999999995 0.10673100000000002 0.33846200000000004 0.06570500000000001 0.31602600000000003 0.05801299999999998 0.267949 0.10416700000000001 0.255769 0.13878199999999996 0.26217900000000005 0.225962 0.26025600000000004 0.295192
0 0.19551300000000005 0.10416700000000001 0.20256399999999997 0.04519200000000001 0.21794899999999995 0.008013000000000048 0.11025600000000002 0.014422999999999964 0.12948700000000002 0.08750000000000002 0.141667 0.11570499999999995 0.18782100000000002 0.12724400000000002
0 0.035255999999999954 0.229808 0.05320499999999995 0.20288499999999998 0.06730800000000003 0.188782 0.06089699999999998 0.17339700000000002 0.03141000000000005 0.11570499999999995 0.03589699999999996 0.08493600000000001 0.055127999999999955 0.04519200000000001 0.047436000000000034 0.009295000000000053 0.0032050000000000134 0.02083299999999999 0.003846000000000016 0.23493600000000003 0.010897000000000046 0.21698700000000004 0.02179500000000001 0.21570500000000004
0 0.11089700000000002 0.433654 0.12179499999999999 0.38493599999999994 0.13269200000000003 0.274679 0.104487 0.24519199999999997 0.10128199999999998 0.25801300000000005 0.07628199999999996 0.270833 0.07628199999999996 0.291346 0.07756399999999997 0.36057700000000004 0.08076899999999998 0.397756 0.10320499999999999 0.4375