0 0.252564 0.990064 0.23525600000000002 0.955449 0.24551299999999998 0.919551 0.264744 0.897756 0.332692 0.89391 0.36602599999999996 0.927244 0.38461500000000004 0.897756 0.40705100000000005 0.933654 0.420513 0.911859 0.416026 0.851603 0.40769200000000005 0.768269 0.36602599999999996 0.797756 0.33782100000000004 0.777244 0.34679499999999996 0.697756 0.34487199999999996 0.6516029999999999 0.34551299999999996 0.602885 0.373718 0.58109 0.413462 0.5541670000000001 0.48717900000000003 0.634936 0.479487 0.7233970000000001 0.457051 0.728526 0.457051 0.783654 0.45192299999999996 0.849038 0.45384599999999997 0.888782 0.46794899999999995 0.938782 0.475641 0.996474
0 0.5070509999999999 0.949038 0.514103 0.851603 0.497436 0.802885 0.48846199999999995 0.758013 0.482692 0.736218 0.46923099999999995 0.734936 0.460897 0.796474 0.459615 0.846474 0.476282 0.868269 0.476923 0.888782 0.476923 0.925962 0.48782099999999995 0.936218
0 0.552564 0.6503209999999999 0.582692 0.623397 0.587179 0.5875 0.603205 0.563141 0.613462 0.538782 0.5891029999999999 0.436218 0.577564 0.434936 0.55 0.423397 0.536538 0.433654 0.522436 0.499038 0.542308 0.5131410000000001 0.564103 0.5118590000000001 0.5673079999999999 0.583654 0.541667 0.563141 0.517949 0.5528850000000001 0.501923 0.583654 0.500641 0.622115 0.514744 0.642628 0.532051 0.6503209999999999
0 0.25897400000000004 0.615705 0.30128200000000005 0.5554490000000001 0.32692299999999996 0.49390999999999996 0.34358999999999995 0.42467900000000003 0.32435899999999995 0.34391000000000005 0.30769199999999997 0.306731 0.29615400000000003 0.27724400000000005 0.270513 0.17211500000000002 0.270513 0.13237200000000005 0.25705100000000003 0.07083300000000003 0.212179 0.083654 0.19359000000000004 0.13621799999999995 0.16794900000000001 0.19391000000000003 0.17435900000000004 0.26314099999999996 0.21602600000000005 0.26185899999999995 0.233333 0.273397 0.24615399999999998 0.308013 0.251282 0.33109 0.22435899999999998 0.42467900000000003 0.19294900000000004 0.49519199999999997 0.18461499999999997 0.527244 0.19102600000000003 0.5900639999999999 0.21923099999999995 0.6118589999999999 0.246795 0.624679
0 0.13782099999999997 0.9028849999999999 0.13269200000000003 0.828526 0.126282 0.752885 0.10192299999999999 0.727244 0.08333299999999999 0.706731 0.05448699999999995 0.713141 0.030128000000000044 0.734936 0.04487200000000002 0.806731 0.07692299999999996 0.819551 0.09487199999999996 0.882372 0.105769 0.929808 0.11346199999999995 0.949038 0.12307699999999999 0.9041669999999999
0 0.744872 0.960577 0.75641 0.874679 0.753205 0.786218 0.745513 0.736218 0.745513 0.683654 0.741026 0.6528849999999999 0.701282 0.625962 0.687179 0.623397 0.6583330000000001 0.642628 0.632692 0.719551 0.625641 0.775962 0.607051 0.877244 0.616026 0.955449 0.559615 0.991346 0.6993590000000001 0.992628 0.6935899999999999 0.960577 0.690385 0.924679 0.696795 0.9041669999999999 0.6961539999999999 0.856731 0.708333 0.846474 0.723077 0.846474 0.73141 0.855449 0.732692 0.922115 0.721795 0.9708330000000001 0.725 0.988782 0.741026 0.991346 0.745513 0.984936
0 0.880769 0.9875 0.869872 0.896474 0.864744 0.8618589999999999 0.883974 0.8644229999999999 0.908974 0.8836539999999999 0.936538 0.834936 0.9480770000000001 0.8016030000000001 0.914103 0.713141 0.897436 0.646474 0.871154 0.6310899999999999 0.828205 0.640064 0.794872 0.6875 0.778205 0.729808 0.763462 0.772115 0.750641 0.827244 0.764744 0.8836539999999999 0.776923 0.906731 0.7826919999999999 0.936218 0.795513 0.991346
0 0.9288460000000001 0.5157050000000001 0.933333 0.397756 0.937821 0.30032099999999995 0.941667 0.24390999999999996 0.930769 0.19391000000000003 0.915385 0.170833 0.892308 0.16442299999999999 0.867308 0.15673099999999995 0.859615 0.100321 0.847436 0.07852599999999998 0.816026 0.06442300000000001 0.7801279999999999 0.16057699999999997 0.789103 0.252885 0.814103 0.186218 0.837821 0.16314099999999998 0.872436 0.20032099999999997 0.879487 0.26057699999999995 0.878846 0.30288499999999996 0.85 0.30288499999999996 0.829487 0.354167 0.816667 0.413141 0.832692 0.44903800000000005 0.832692 0.49134599999999995 0.853846 0.519551 0.882051 0.506731 0.914103 0.5349360000000001
0 0.769872 0.527244 0.804487 0.497756 0.810256 0.451603 0.764744 0.411859 0.7211540000000001 0.38237200000000005 0.6743589999999999 0.36442300000000005 0.6371789999999999 0.34647399999999995 0.632692 0.374679 0.641026 0.418269 0.6596150000000001 0.455449 0.653205 0.5144230000000001 0.6743589999999999 0.522115 0.689744 0.478526 0.7153849999999999 0.502885 0.710256 0.560577 0.7416670000000001 0.5541670000000001
0 0.623077 0.310577 0.6320509999999999 0.24006400000000006 0.630128 0.19134600000000002 0.601282 0.1875 0.588462 0.24519199999999997 0.5935900000000001 0.295192 0.628205 0.30288499999999996
0 0.485897 0.37852600000000003 0.526923 0.31955100000000003 0.530769 0.24775599999999998 0.529487 0.21442300000000003 0.520513 0.17596199999999995 0.477564 0.166987 0.416667 0.23365400000000003 0.38717900000000005 0.27852600000000005 0.41859 0.318269 0.44679500000000005 0.356731 0.46410300000000004 0.38749999999999996
0 0.605769 0.04775600000000002 0.617308 0.01826899999999998 0.623718 0.005449000000000037 0.5493589999999999 0.010576999999999948 0.5685899999999999 0.03493599999999997 0.5923080000000001 0.05288499999999996
0 0.32692299999999996 0.24519199999999997 0.35641 0.165705 0.360256 0.11955099999999996 0.333333 0.10544900000000001 0.30576899999999996 0.11314100000000005 0.28653799999999996 0.17596199999999995 0.29359 0.22083299999999995 0.30705099999999996 0.24647399999999997
0 0.03397399999999995 0.411859 0.062178999999999984 0.37980800000000003 0.09743599999999997 0.38878199999999996 0.103846 0.355449 0.085256 0.30288499999999996 0.057691999999999966 0.290064 0.04871800000000004 0.268269 0.02884600000000004 0.327244 0.02692300000000003 0.377244
0 0.062178999999999984 0.16314099999999998 0.07435899999999995 0.09775599999999995 0.07692299999999996 0.08109 0.059614999999999974 0.08109 0.05192300000000005 0.10416700000000001 0.05192300000000005 0.149038