0 0.13974399999999998 0.988782 0.16794900000000001 0.9375 0.20256399999999997 0.922115 0.21987199999999996 0.83109 0.21923099999999995 0.786218 0.164744 0.708013 0.18846200000000002 0.665705 0.19615400000000005 0.605449 0.17371800000000004 0.5554490000000001 0.166667 0.5349360000000001 0.125641 0.5708329999999999 0.086538 0.5939099999999999 0.06794900000000004 0.659295 0.06730800000000003 0.752885 0.07499999999999996 0.806731 0.048077000000000036 0.905449 0.07948699999999997 0.919551 0.10064099999999998 0.946474 0.07948699999999997 0.99391 0.13012800000000002 0.995192
0 0.36666699999999997 0.768269 0.380769 0.719551 0.389103 0.638782 0.38269200000000003 0.596474 0.371795 0.579808 0.355128 0.624679 0.330128 0.658013 0.32435899999999995 0.718269 0.336538 0.754167
0 0.269872 0.64391 0.289744 0.656731 0.30256400000000006 0.646474 0.28205100000000005 0.5875 0.26859 0.5746789999999999 0.250641 0.5939099999999999
0 0.353205 0.49134599999999995 0.38141 0.45032099999999997 0.40512800000000004 0.436218 0.416667 0.40929499999999996 0.419872 0.36570499999999995 0.398077 0.316987 0.332692 0.309295 0.30576899999999996 0.34262800000000004 0.290385 0.415705 0.29359 0.43109 0.337179 0.46698700000000004
0 0.545513 0.877244 0.546154 0.8426279999999999 0.546154 0.788782 0.5576920000000001 0.791346 0.557051 0.749038 0.538462 0.663141 0.512821 0.6092949999999999 0.500641 0.568269 0.49038499999999996 0.549038 0.457692 0.546474 0.435256 0.588782 0.455769 0.636218 0.474359 0.658013 0.48910299999999995 0.778526 0.5096149999999999 0.814423 0.51859 0.8836539999999999 0.514744 0.995192 0.539744 0.9875 0.538462 0.919551 0.541667 0.888782
0 0.773077 0.98109 0.801282 0.963141 0.802564 0.875962 0.814744 0.834936 0.811538 0.804167 0.780769 0.783654 0.755128 0.814423 0.735897 0.840064 0.73141 0.896474 0.728205 0.955449 0.7403850000000001 0.99391 0.767949 0.996474
0 0.998718 0.964423 0.973077 0.960577 0.928205 0.956731 0.927564 0.923397 0.912821 0.892628 0.914744 0.810577 0.912179 0.759295 0.912179 0.705449 0.91859 0.6875 0.946795 0.728526 0.954487 0.716987 0.958974 0.686218 0.961538 0.602885 0.999359 0.538782 0.998077 0.690064 0.980769 0.688782 0.976923 0.7413460000000001 0.998077 0.747756
0 0.912179 0.392628 0.879487 0.38493599999999994 0.8403849999999999 0.40801299999999996 0.841026 0.358013 0.845513 0.311859 0.884615 0.27980799999999995 0.901923 0.30416699999999997 0.912179 0.34134600000000004 0.925641 0.40416700000000005
0 0.775641 0.436218 0.778846 0.392628 0.767308 0.288782 0.775641 0.27596200000000004 0.802564 0.25929500000000005 0.852564 0.23237200000000002 0.8435900000000001 0.166987 0.8 0.184936 0.764744 0.20032099999999997 0.737179 0.24262799999999995 0.7198720000000001 0.27596200000000004 0.708333 0.32211500000000004 0.708333 0.397756 0.759615 0.438782
0 0.70641 0.758013 0.735256 0.678526 0.778846 0.6503209999999999 0.792308 0.5939099999999999 0.751923 0.545192 0.734615 0.5298080000000001 0.696795 0.5900639999999999 0.667308 0.618269 0.6358969999999999 0.641346 0.605769 0.706731 0.620513 0.7375 0.6551279999999999 0.7426280000000001 0.675 0.778526 0.6948719999999999 0.7875
0 0.635256 0.559295 0.642308 0.475962 0.63141 0.44391 0.620513 0.4375 0.584615 0.46698700000000004 0.5974360000000001 0.5323720000000001 0.60641 0.558013 0.628205 0.559295
0 0.660256 0.31955100000000003 0.694231 0.286218 0.690385 0.252885 0.6814100000000001 0.19775600000000004 0.6551279999999999 0.17339700000000002 0.640385 0.15416700000000005 0.6346149999999999 0.14006399999999997 0.609615 0.13109000000000004 0.5935900000000001 0.16314099999999998 0.609615 0.21570500000000004 0.630128 0.24134599999999995 0.640385 0.291346 0.648077 0.333654
0 0.355128 0.24903799999999998 0.355128 0.19262800000000002 0.353846 0.15801299999999996 0.38333300000000003 0.11698699999999995 0.392949 0.06826900000000002 0.40320500000000004 0.010576999999999948 0.36602599999999996 0.008013000000000048 0.34551299999999996 0.05544899999999997 0.332051 0.08878200000000003 0.32051300000000005 0.15160300000000004 0.313462 0.17980799999999997 0.333333 0.209295
0 0.232692 0.22083299999999995 0.25833300000000003 0.19775600000000004 0.25961500000000004 0.17339700000000002 0.24294899999999997 0.15288500000000005 0.24294899999999997 0.13493599999999994 0.23653800000000003 0.10673100000000002 0.19487200000000005 0.07980799999999999 0.17500000000000004 0.07467900000000005 0.15576900000000005 0.12980800000000003 0.17051300000000003 0.19134600000000002 0.19551300000000005 0.209295 0.21346200000000004 0.21955100000000005 0.228205 0.24134599999999995
0 0.05705099999999996 0.311859 0.085256 0.25416700000000003 0.10064099999999998 0.14006399999999997 0.09423099999999995 0.09006400000000003 0.07179500000000005 0.054166999999999965 0.05064100000000005 0.056730999999999976 0.06602600000000003 0.10544900000000001 0.05448699999999995 0.19134600000000002 0.03589699999999996 0.168269 0.033332999999999946 0.11057700000000004 0.02179500000000001 0.08493600000000001 0.0032050000000000134 0.05544899999999997 0.005128000000000021 0.273397 0.025641000000000025 0.30288499999999996 0.03589699999999996 0.30544899999999997
0 0.996795 0.22467899999999996 0.983974 0.170833 0.959615 0.145192 0.95 0.06442300000000001 0.966026 0.06057699999999999 0.992308 0.08878200000000003 0.997436 0.12083299999999997
0 0.19871799999999995 0.46442300000000003 0.19102600000000003 0.37852600000000003 0.18012799999999995 0.314423 0.15641000000000005 0.38493599999999994 0.163462 0.44391 0.18076899999999996 0.451603