0 0.253205 0.8246789999999999 0.31666700000000003 0.822115 0.34615399999999996 0.784936 0.371154 0.749038 0.380769 0.699038 0.36474399999999996 0.540064 0.36538499999999996 0.5105770000000001 0.369872 0.49134599999999995 0.36794899999999997 0.47083299999999995 0.358333 0.440064 0.348718 0.42724399999999996 0.33141 0.441346 0.28717899999999996 0.523397 0.24230799999999997 0.622115 0.21474400000000005 0.690064 0.212179 0.7823720000000001 0.230769 0.8451919999999999
0 0.18782100000000002 0.699038 0.19166700000000003 0.6528849999999999 0.211538 0.636218 0.22371799999999997 0.616987 0.24615399999999998 0.564423 0.26153800000000005 0.522115 0.28589699999999996 0.47467899999999996 0.29871800000000004 0.44647400000000004 0.309615 0.411859 0.30064100000000005 0.40801299999999996 0.273718 0.42467900000000003 0.246795 0.48109 0.22692299999999999 0.49262799999999995 0.21282100000000004 0.501603 0.18717899999999998 0.549038 0.16859000000000002 0.5926279999999999 0.15576900000000005 0.668269 0.15320500000000004 0.7208330000000001
0 0.10705100000000001 0.808013 0.125641 0.7798080000000001 0.125641 0.732372 0.127564 0.701603 0.126923 0.691346 0.105769 0.683654 0.09294899999999995 0.679808 0.07628199999999996 0.690064 0.05705099999999996 0.765705 0.08974400000000005 0.7823720000000001
0 0.520513 0.974679 0.537821 0.906731 0.544872 0.851603 0.5326919999999999 0.8003210000000001 0.545513 0.784936 0.5730770000000001 0.775962 0.609615 0.784936 0.629487 0.73109 0.6153850000000001 0.668269 0.608333 0.638782 0.603205 0.618269 0.58141 0.545192 0.5685899999999999 0.477244 0.5564100000000001 0.418269 0.519231 0.451603 0.498077 0.38621799999999995 0.494872 0.37852600000000003 0.44423100000000004 0.413141 0.45641 0.48109 0.49102599999999996 0.5105770000000001 0.48717900000000003 0.583654 0.482692 0.605449 0.46858999999999995 0.6131409999999999 0.45384599999999997 0.622115 0.43205099999999996 0.6541669999999999 0.42884599999999995 0.695192 0.420513 0.792628 0.43333299999999997 0.884936 0.46474400000000005 0.9375 0.455769 0.969551 0.476923 0.996474 0.505769 0.986218
0 0.910897 0.99391 0.890385 0.958013 0.892949 0.916987 0.885897 0.854167 0.846154 0.816987 0.838462 0.79391 0.807051 0.816987 0.7858970000000001 0.897756 0.798718 0.995192
0 0.758333 0.995192 0.751282 0.961859 0.724359 0.93109 0.6993590000000001 0.901603 0.669231 0.956731 0.657051 0.995192
0 0.899359 0.677244 0.939103 0.655449 0.935897 0.6285259999999999 0.904487 0.5913459999999999 0.894231 0.58109 0.882051 0.6118589999999999 0.878205 0.646474 0.883974 0.679808 0.885256 0.692628
0 0.81859 0.682372 0.80641 0.623397 0.812179 0.5746789999999999 0.7833330000000001 0.5298080000000001 0.773077 0.5503210000000001 0.759615 0.602885 0.791026 0.660577
0 0.6980770000000001 0.49390999999999996 0.737179 0.47467899999999996 0.7403850000000001 0.40544899999999995 0.737179 0.373397 0.725641 0.338782 0.687821 0.295192 0.6801280000000001 0.30160299999999995 0.676282 0.34262800000000004 0.673718 0.37852600000000003 0.653205 0.38621799999999995 0.653205 0.461859 0.688462 0.500321
0 0.08974400000000005 0.504167 0.146795 0.48621800000000004 0.16025599999999995 0.40544899999999995 0.13205100000000003 0.34262800000000004 0.13461500000000004 0.311859 0.142949 0.291346 0.16217899999999996 0.30416699999999997 0.20384599999999997 0.291346 0.19871799999999995 0.251603 0.166667 0.208013 0.14935900000000002 0.206731 0.11987199999999998 0.23109000000000002 0.104487 0.296474 0.10128199999999998 0.3375 0.08140999999999998 0.377244 0.06153799999999998 0.40032100000000004 0.04935900000000004 0.452885 0.042949000000000015 0.48621800000000004 0.05448699999999995 0.505449 0.07948699999999997 0.506731
0 0.048077000000000036 0.36442300000000005 0.07051300000000005 0.333654 0.06987200000000005 0.314423 0.062178999999999984 0.23493600000000003 0.04679500000000003 0.21955100000000005 0.02884600000000004 0.19903800000000005 0.02435900000000002 0.20288499999999998 0.019872 0.292628 0.032692000000000054 0.355449
0 0.142308 0.991346 0.14359 0.938782 0.12115399999999998 0.899038 0.08076899999999998 0.906731 0.059614999999999974 0.942628 0.05640999999999996 0.965705 0.052564000000000055 0.995192
0 0.012820999999999971 0.982372 0.027564000000000033 0.929808 0.030769000000000046 0.878526 0.018589999999999995 0.832372 0.0025640000000000107 0.822115 0.0025640000000000107 0.991346
0 0.955128 0.26185899999999995 0.910256 0.24519199999999997 0.871154 0.24519199999999997 0.837821 0.22083299999999995 0.823718 0.19903800000000005 0.794872 0.18365399999999998 0.798077 0.12852600000000003 0.803205 0.100321 0.8019229999999999 0.05801299999999998 0.791026 0.009295000000000053 0.989103 0.0067310000000000425 0.977564 0.05929499999999999 0.978846 0.13493599999999994 0.964103 0.23237200000000002
0 0.770513 0.291346 0.7833330000000001 0.22467899999999996 0.7826919999999999 0.21698700000000004 0.739744 0.19647400000000004 0.738462 0.21826900000000005