0 0.30320499999999995 0.94391 0.32371799999999995 0.899038 0.33141 0.770833 0.33782100000000004 0.669551 0.32179500000000005 0.615705 0.287821 0.524679 0.28333299999999995 0.5131410000000001 0.252564 0.5336540000000001 0.230128 0.6144229999999999 0.23589700000000002 0.675962 0.23397400000000002 0.7451920000000001 0.21346200000000004 0.740064 0.19871799999999995 0.719551 0.19294900000000004 0.670833 0.17051300000000003 0.615705 0.144872 0.618269 0.13333300000000003 0.725962 0.13076900000000002 0.788782 0.142949 0.833654 0.18974400000000002 0.882372 0.266026 0.927244 0.291667 0.94391
0 0.048077000000000036 0.964423 0.04359000000000002 0.93109 0.05640999999999996 0.886218 0.06346200000000002 0.8375 0.05064100000000005 0.79391 0.04615400000000003 0.7823720000000001 0.02692300000000003 0.790064 0.004487000000000019 0.8233969999999999 0.0032050000000000134 0.973397 0.025641000000000025 0.973397
0 0.255769 0.990064 0.24487199999999998 0.954167 0.23653800000000003 0.928526 0.230128 0.925962 0.22179499999999996 0.934936 0.20705099999999999 0.973397 0.19359000000000004 0.99391
0 0.632692 0.975962 0.648077 0.925962 0.666667 0.920833 0.650641 0.874679 0.650641 0.866987 0.654487 0.838782 0.6525639999999999 0.814423 0.628205 0.7823720000000001 0.6128210000000001 0.768269 0.564103 0.814423 0.559615 0.852885 0.560897 0.869551 0.48782099999999995 0.897756 0.512821 0.979808 0.529487 0.979808 0.621154 0.986218
0 0.985897 0.815705 0.951282 0.832372 0.928205 0.8618589999999999 0.903846 0.890064 0.894231 0.856731 0.878846 0.809295 0.866667 0.774679 0.851282 0.774679 0.8256410000000001 0.774679 0.810256 0.7810900000000001 0.821795 0.846474 0.832051 0.89391 0.832051 0.934936 0.8403849999999999 0.990064 0.911538 0.990064 0.905769 0.956731 0.932692 0.965705 0.95641 0.959295 0.967949 0.940064 0.976282 0.924679 0.978846 0.900321 0.985256 0.88109 0.990385 0.8631409999999999 0.991026 0.8439099999999999
0 0.999359 0.734936 0.983333 0.756731 0.973718 0.758013 0.942949 0.674679 0.935256 0.655449 0.952564 0.634936 0.963462 0.620833 0.970513 0.5913459999999999 0.989744 0.597756 0.998077 0.616987
0 0.964103 0.5516030000000001 0.942308 0.5746789999999999 0.937179 0.5875 0.925 0.5900639999999999 0.908974 0.582372 0.895513 0.5695509999999999 0.89359 0.5900639999999999 0.889103 0.5939099999999999 0.851923 0.578526 0.836538 0.568269 0.826282 0.523397 0.813462 0.46698700000000004 0.807692 0.442628 0.8243590000000001 0.415705 0.832051 0.40544899999999995 0.846154 0.36185900000000004 0.873077 0.351603 0.88141 0.399038 0.878205 0.432372 0.883333 0.438782 0.892308 0.411859 0.897436 0.37852600000000003 0.902564 0.354167 0.907051 0.316987 0.897436 0.290064 0.9096150000000001 0.26442299999999996 0.94359 0.23621800000000004 0.970513 0.225962 0.994231 0.23109000000000002 0.991667 0.274679 0.991667 0.35929500000000003 0.998077 0.38365400000000005 0.997436 0.525962
0 0.716026 0.805449 0.744872 0.773397 0.741026 0.727244 0.733333 0.661859 0.704487 0.702885 0.7 0.73109 0.683333 0.770833 0.686538 0.796474 0.6993590000000001 0.806731
0 0.476923 0.38493599999999994 0.482692 0.36057700000000004 0.48782099999999995 0.29391 0.49359 0.26442299999999996 0.477564 0.24134599999999995 0.46794899999999995 0.24134599999999995 0.440385 0.27596200000000004 0.437821 0.291346 0.436538 0.308013 0.460897 0.358013
0 0.20192299999999996 0.451603 0.210256 0.40801299999999996 0.22499999999999998 0.329808 0.228846 0.28365399999999996 0.21410300000000004 0.26442299999999996 0.18846200000000002 0.309295 0.164744 0.34519200000000005 0.164744 0.39006399999999997 0.18846200000000002 0.44519200000000003
0 0.09871799999999997 0.49519199999999997 0.13397400000000004 0.455449 0.128205 0.40160300000000004 0.09999999999999998 0.40160300000000004 0.087179 0.338782 0.084615 0.306731 0.05705099999999996 0.31955100000000003 0.05384599999999995 0.395192 0.052564000000000055 0.442628 0.07820499999999997 0.47211499999999995
0 0.571795 0.750321 0.5782050000000001 0.701603 0.576282 0.674679 0.577564 0.647756 0.562821 0.646474 0.541026 0.679808 0.542308 0.716987 0.5467949999999999 0.7451920000000001
0 0.164744 0.209295 0.16859000000000002 0.15929499999999996 0.17371800000000004 0.145192 0.17243600000000003 0.11314100000000005 0.17115400000000003 0.10416700000000001 0.16794900000000001 0.06698700000000002 0.15833299999999995 0.06698700000000002 0.13782099999999997 0.07852599999999998 0.11794899999999997 0.11057700000000004 0.11602599999999996 0.19519200000000003 0.11346199999999995 0.225962 0.14359 0.227244