0 0.99359 0.738782 0.98141 0.765705 0.965385 0.774679 0.958333 0.7618590000000001 0.941667 0.768269 0.9269229999999999 0.769551 0.917308 0.764423 0.9096150000000001 0.734936 0.899359 0.699038 0.889103 0.674679 0.883333 0.642628 0.9076919999999999 0.5926279999999999 0.93141 0.5708329999999999 0.942308 0.5541670000000001 0.971795 0.5541670000000001 0.998077 0.5554490000000001 0.996795 0.7233970000000001
0 0.871154 0.756731 0.85641 0.799038 0.854487 0.8233969999999999 0.844231 0.8375 0.802564 0.8618589999999999 0.796795 0.860577 0.785256 0.850321 0.787821 0.820833 0.807051 0.799038 0.837821 0.7631410000000001 0.833974 0.725962 0.819231 0.7246790000000001 0.797436 0.7464740000000001 0.792949 0.764423 0.7826919999999999 0.788782 0.757051 0.772115 0.719231 0.674679 0.710256 0.619551 0.705769 0.577244 0.680769 0.566987 0.701282 0.520833 0.7403850000000001 0.522115 0.757692 0.5349360000000001 0.794872 0.5695509999999999 0.825 0.5900639999999999 0.851923 0.6105769999999999 0.85641 0.6336539999999999 0.8641030000000001 0.677244 0.873077 0.728526
0 0.733974 0.922115 0.735256 0.879808 0.730128 0.8451919999999999 0.7198720000000001 0.820833 0.708333 0.815705 0.687821 0.809295 0.669231 0.840064 0.648718 0.890064 0.642949 0.924679 0.645513 0.942628 0.672436 0.94391 0.678205 0.938782 0.720513 0.942628
0 0.64359 0.836218 0.6166670000000001 0.815705 0.6128210000000001 0.792628 0.614744 0.718269 0.61859 0.666987 0.5923080000000001 0.64391 0.573718 0.673397 0.5564100000000001 0.7208330000000001 0.552564 0.766987 0.5371790000000001 0.846474 0.525 0.9041669999999999 0.541026 0.9041669999999999 0.563462 0.878526 0.573718 0.849038 0.601923 0.8451919999999999 0.628846 0.850321
0 0.529487 0.986218 0.5301279999999999 0.958013 0.529487 0.940064 0.510256 0.913141 0.498077 0.866987 0.49166699999999997 0.840064 0.482051 0.820833 0.462179 0.815705 0.44102600000000003 0.825962 0.42179500000000003 0.851603 0.413462 0.88109 0.40769200000000005 0.892628 0.41859 0.934936 0.435256 0.942628 0.44551300000000005 0.940064 0.458974 0.956731 0.478846 0.991346
0 0.310897 0.977244 0.310897 0.950321 0.32499999999999996 0.914423 0.33910300000000004 0.882372 0.360897 0.868269 0.36538499999999996 0.810577 0.360897 0.772115 0.359615 0.7631410000000001 0.332692 0.7233970000000001 0.30000000000000004 0.700321 0.291026 0.705449 0.27948700000000004 0.736218 0.25705100000000003 0.8016030000000001 0.246795 0.884936 0.251923 0.908013 0.251923 0.959295 0.248718 0.988782 0.30512799999999995 0.9875
0 0.13653800000000005 0.940064 0.125 0.9028849999999999 0.127564 0.832372 0.125 0.79391 0.12115399999999998 0.7618590000000001 0.11987199999999998 0.738782 0.10961500000000002 0.702885 0.10192299999999999 0.697756 0.08782100000000004 0.704167 0.06794900000000004 0.710577 0.055127999999999955 0.709295 0.039744 0.729808 0.025641000000000025 0.734936 0.015384999999999982 0.756731 0.008974000000000038 0.809295 0.012820999999999971 0.8618589999999999 0.02948700000000004 0.895192 0.033332999999999946 0.914423 0.016025999999999985 0.924679 0.01730799999999999 0.963141 0.03653799999999996 0.996474 0.06666700000000003 0.992628 0.06282100000000002 0.968269 0.06666700000000003 0.938782 0.10128199999999998 0.9375 0.12307699999999999 0.960577 0.13717900000000005 0.961859
0 0.437179 0.684936 0.46602600000000005 0.649038 0.46602600000000005 0.615705 0.48910299999999995 0.623397 0.496795 0.608013 0.51859 0.546474 0.5070509999999999 0.516987 0.501923 0.460577 0.474359 0.458013 0.460256 0.500321 0.45064099999999996 0.525962 0.44102600000000003 0.5310900000000001 0.438462 0.48750000000000004 0.417308 0.508013 0.398718 0.58109 0.39359 0.618269 0.40512800000000004 0.658013 0.40769200000000005 0.670833 0.42500000000000004 0.677244
0 0.250641 0.5926279999999999 0.22692299999999999 0.597756 0.21602600000000005 0.606731 0.18974400000000002 0.604167 0.15833299999999995 0.606731 0.14359 0.5733969999999999 0.14038499999999998 0.527244 0.142308 0.49006400000000006 0.15192300000000003 0.451603 0.17243600000000003 0.432372 0.19615400000000005 0.44903800000000005 0.21410300000000004 0.454167 0.22307699999999997 0.434936 0.248077 0.40929499999999996 0.25641 0.46442300000000003 0.25833300000000003 0.478526 0.251923 0.5746789999999999
0 0.10769200000000001 0.6144229999999999 0.08205099999999999 0.6105769999999999 0.07499999999999996 0.642628 0.07692299999999996 0.673397 0.04679500000000003 0.655449 0.039744 0.647756 0.052564000000000055 0.5900639999999999 0.04615400000000003 0.5695509999999999 0.023718000000000017 0.566987 0.007692000000000032 0.54391 0.00961500000000004 0.518269 0.039744 0.49647399999999997 0.057691999999999966 0.475962 0.07884599999999997 0.482372 0.11089700000000002 0.520833 0.10769200000000001 0.565705 0.10641 0.599038 0.10705100000000001 0.599038 0.10128199999999998 0.604167 0.11474399999999996 0.620833
0 0.36282099999999995 0.519551 0.414744 0.46442300000000003 0.44935899999999995 0.44519200000000003 0.46858999999999995 0.418269 0.480128 0.38878199999999996 0.505128 0.313141 0.503846 0.297756 0.49230799999999997 0.26185899999999995 0.44551300000000005 0.21185900000000002 0.42564100000000005 0.204167 0.39359 0.19647400000000004 0.36602599999999996 0.19391000000000003 0.34807699999999997 0.19775600000000004 0.330128 0.23621800000000004 0.32307699999999995 0.32211500000000004 0.31987200000000005 0.37980800000000003 0.333333 0.42852599999999996 0.349359 0.459295 0.34615399999999996 0.49519199999999997
0 0.688462 0.477244 0.710897 0.44647400000000004 0.707692 0.39134599999999997 0.712179 0.328526 0.714744 0.26057699999999995 0.712179 0.19903800000000005 0.711538 0.15544899999999995 0.697436 0.09134600000000004 0.678205 0.06698700000000002 0.6525639999999999 0.056730999999999976 0.632692 0.06442300000000001 0.576282 0.11955099999999996 0.548718 0.169551 0.539103 0.205449 0.561538 0.268269 0.582051 0.318269 0.609615 0.35929500000000003 0.622436 0.38493599999999994 0.632692 0.422115 0.6608970000000001 0.454167 0.672436 0.475962
0 0.334615 0.624679 0.34807699999999997 0.583654 0.34358999999999995 0.5528850000000001 0.336538 0.541346 0.315385 0.54391 0.30512799999999995 0.558013 0.291667 0.5875 0.30576899999999996 0.624679 0.310256 0.6285259999999999
0 0.123718 0.20160299999999998 0.13782099999999997 0.17980799999999997 0.16153799999999996 0.208013 0.17243600000000003 0.18237199999999998 0.16923100000000002 0.13878199999999996 0.17692300000000005 0.10929500000000003 0.18653799999999998 0.05801299999999998 0.19551300000000005 0.01826899999999998 0.16859000000000002 0.011858999999999953 0.15064100000000002 0.049038000000000026 0.13012800000000002 0.12467899999999998 0.105128 0.145192 0.10705100000000001 0.186218 0.11666699999999997 0.208013
0 0.19359000000000004 0.840064 0.21794899999999995 0.820833 0.23653800000000003 0.777244 0.23653800000000003 0.750321 0.22435899999999998 0.740064 0.210897 0.7413460000000001 0.19230800000000003 0.7426280000000001 0.17115400000000003 0.764423 0.15705100000000005 0.788782 0.141667 0.8246789999999999 0.15384600000000004 0.855449 0.17500000000000004 0.868269 0.17820499999999995 0.832372
0 0.995513 0.477244 0.992949 0.44519200000000003 0.987179 0.433654 0.960897 0.42467900000000003 0.951923 0.40288500000000005 0.961538 0.34134600000000004 0.960897 0.30544899999999997 0.965385 0.290064 0.980128 0.27980799999999995 0.997436 0.25544900000000004 0.996795 0.452885
0 0.04166700000000001 0.06570500000000001 0.050000000000000044 0.02852600000000005 0.08140999999999998 0.041345999999999994 0.09615399999999996 0.041345999999999994 0.09551299999999996 0.009295000000000053 0.012179000000000051 0.004167000000000032 0.032692000000000054 0.043910000000000005