0 0.032692000000000054 0.847756 0.06089699999999998 0.818269 0.05897399999999997 0.755449 0.06859000000000004 0.706731 0.06538500000000003 0.700321 0.04935900000000004 0.6875 0.033332999999999946 0.679808 0.02948700000000004 0.728526 0.02435900000000002 0.752885 0.008333000000000035 0.774679 0.002082999999999946 0.7833330000000001 0.0012820000000000054 0.855449 0.026282000000000028 0.852885
0 0.104487 0.818269 0.141667 0.7810900000000001 0.15000000000000002 0.758013 0.17115400000000003 0.804167 0.18846200000000002 0.773397 0.18397399999999997 0.699038 0.17435900000000004 0.649038 0.15769200000000005 0.642628 0.123718 0.6875 0.08846200000000004 0.713141 0.085256 0.799038
0 0.309615 0.8451919999999999 0.32115400000000005 0.799038 0.350641 0.777244 0.388462 0.7875 0.398718 0.750321 0.400641 0.736218 0.36538499999999996 0.636218 0.289103 0.692628 0.273718 0.738782 0.26282099999999997 0.7875 0.26859 0.833654 0.28461499999999995 0.846474
0 0.44679500000000005 0.820833 0.48782099999999995 0.773397 0.45128199999999996 0.7233970000000001 0.44551300000000005 0.6285259999999999 0.45320499999999997 0.5708329999999999 0.46346200000000004 0.504167 0.46923099999999995 0.459295 0.459615 0.414423 0.44423100000000004 0.34903799999999996 0.44871799999999995 0.268269 0.45384599999999997 0.24775599999999998 0.46923099999999995 0.24006400000000006 0.5083329999999999 0.23878200000000005 0.5333330000000001 0.21442300000000003 0.538462 0.170833 0.528205 0.11570499999999995 0.485256 0.14006399999999997 0.43333299999999997 0.18365399999999998 0.42115400000000003 0.10673100000000002 0.398077 0.03878199999999998 0.38333300000000003 0.009295000000000053 0.30320499999999995 0.005449000000000037 0.335256 0.07852599999999998 0.391026 0.13493599999999994 0.400641 0.149038 0.394872 0.21057700000000001 0.396795 0.28365399999999996 0.40961499999999995 0.350321 0.396154 0.38109000000000004 0.371154 0.38237200000000005 0.351282 0.44519200000000003 0.358333 0.596474 0.379487 0.625962 0.413462 0.6285259999999999 0.417949 0.774679 0.42243600000000003 0.816987
0 0.661538 0.770833 0.689103 0.751603 0.6769229999999999 0.699038 0.678205 0.6105769999999999 0.663462 0.524679 0.6608970000000001 0.47339699999999996 0.666667 0.411859 0.664744 0.38237200000000005 0.585897 0.30032099999999995 0.563462 0.37852600000000003 0.570513 0.509295 0.5673079999999999 0.6131409999999999 0.576282 0.645192 0.577564 0.702885 0.578846 0.727244 0.619872 0.765705 0.641026 0.775962
0 0.996154 0.905449 0.955128 0.93109 0.917949 0.972115 0.901282 0.975962 0.884615 0.94391 0.892308 0.882372 0.912821 0.838782 0.941667 0.827244 0.957051 0.832372 0.973718 0.832372 0.978205 0.828526 0.996154 0.822115
0 0.849359 0.854167 0.874359 0.79391 0.9480770000000001 0.772115 0.961538 0.7233970000000001 0.928205 0.6298079999999999 0.834615 0.604167 0.815385 0.6375 0.835897 0.69391 0.835897 0.7439100000000001 0.771154 0.791346 0.792949 0.829808 0.841026 0.840064
0 0.782051 0.5926279999999999 0.807692 0.536218 0.851923 0.518269 0.882051 0.44903800000000005 0.860897 0.34006400000000003 0.862179 0.27980799999999995 0.846795 0.26185899999999995 0.8211539999999999 0.270833 0.8006409999999999 0.314423 0.780769 0.352885 0.773718 0.413141 0.762821 0.47211499999999995 0.748718 0.5105770000000001 0.755128 0.5541670000000001
0 0.996154 0.582372 0.967949 0.577244 0.937821 0.58109 0.954487 0.518269 0.962179 0.458013 0.965385 0.442628 0.997436 0.461859
0 0.996795 0.186218 0.98141 0.204167 0.962179 0.269551 0.946795 0.297756 0.9288460000000001 0.295192 0.910897 0.31955100000000003 0.898077 0.26570499999999997 0.884615 0.252885 0.9083330000000001 0.21570500000000004 0.912821 0.184936 0.914744 0.16314099999999998 0.935897 0.11826899999999996 0.941667 0.09519200000000005 0.95641 0.09647399999999995 0.975641 0.11826899999999996 0.997436 0.15929499999999996
0 0.687821 0.269551 0.710256 0.22339699999999996 0.707692 0.17596199999999995 0.726282 0.14390999999999998 0.716026 0.101603 0.713462 0.06057699999999999 0.66859 0.07980799999999999 0.6371789999999999 0.06442300000000001 0.608974 0.014422999999999964 0.564103 0.004167000000000032 0.551282 0.046474000000000015 0.58141 0.06057699999999999 0.592949 0.07724399999999998 0.621154 0.12852600000000003 0.648718 0.15673099999999995 0.6538459999999999 0.21698700000000004 0.667308 0.274679
0 0.547436 0.413141 0.517949 0.40288500000000005 0.5096149999999999 0.463141 0.5480769999999999 0.509295 0.563462 0.47211499999999995
0 0.11346199999999995 0.5746789999999999 0.13461500000000004 0.558013 0.17051300000000003 0.528526 0.13205100000000003 0.44391 0.12307699999999999 0.420833 0.087179 0.41057699999999997 0.08333299999999999 0.434936 0.09935899999999998 0.47211499999999995 0.11089700000000002 0.504167 0.09679499999999996 0.5900639999999999
0 0.06794900000000004 0.578526 0.06538500000000003 0.499038 0.057691999999999966 0.44647400000000004 0.05192300000000005 0.419551 0.032692000000000054 0.422115 0.006410000000000027 0.454167 0.0025640000000000107 0.5503210000000001 0.02948700000000004 0.563141
0 0.528205 0.008013000000000048 0.521795 0.02852600000000005 0.49230799999999997 0.049038000000000026 0.46346200000000004 0.07596199999999997 0.42692300000000005 0.03493599999999997 0.419872 0.009295000000000053 0.519872 0.005449000000000037
0 0.38653800000000005 0.986218 0.374359 0.951603 0.35641 0.915705 0.330769 0.908013 0.315385 0.916987 0.294872 0.919551 0.26859 0.914423 0.24358999999999997 0.947756 0.23589700000000002 0.99391
0 0.677564 0.990064 0.641667 0.938782 0.637821 0.933654 0.5974360000000001 0.950321 0.598077 0.988782
0 0.790385 0.186218 0.812821 0.165705 0.826282 0.146474 0.83141 0.10673100000000002 0.838462 0.054166999999999965 0.812821 0.02852600000000005 0.801282 0.054166999999999965 0.79359 0.13237200000000005 0.775 0.09775599999999995 0.75641 0.10929500000000003 0.757692 0.16185899999999998 0.763462 0.17852599999999996