0 0.15000000000000002 0.961859 0.15384600000000004 0.914423 0.14807700000000001 0.865705 0.145513 0.841346 0.146795 0.811859 0.15256400000000003 0.792628 0.14038499999999998 0.749038 0.128205 0.733654 0.11410299999999995 0.716987 0.083974 0.706731 0.09423099999999995 0.7221150000000001 0.12179499999999999 0.7810900000000001 0.105128 0.804167 0.08782100000000004 0.834936 0.06923100000000004 0.88109 0.040385000000000004 0.927244 0.048077000000000036 0.954167 0.07499999999999996 0.961859 0.10320499999999999 0.959295 0.13910299999999998 0.964423
0 0.312179 0.784936 0.335256 0.7464740000000001 0.34807699999999997 0.702885 0.34743599999999997 0.686218 0.330128 0.670833 0.32435899999999995 0.663141 0.314744 0.640064 0.294231 0.620833 0.28012800000000004 0.602885 0.27756400000000003 0.6105769999999999 0.28012800000000004 0.683654 0.289103 0.736218 0.27692300000000003 0.769551 0.28205100000000005 0.7823720000000001 0.287821 0.79391 0.30000000000000004 0.791346
0 0.17371800000000004 0.6092949999999999 0.18269199999999997 0.582372 0.18782100000000002 0.5695509999999999 0.19807699999999995 0.5708329999999999 0.23589700000000002 0.575962 0.25 0.556731 0.27884600000000004 0.5118590000000001 0.28525599999999995 0.420833 0.275641 0.40032100000000004 0.232692 0.374679 0.209615 0.34262800000000004 0.163462 0.315705 0.142308 0.352885 0.10833300000000001 0.358013 0.07115400000000005 0.399038 0.05192300000000005 0.42596199999999995 0.09807699999999997 0.499038 0.10961500000000002 0.545192 0.105128 0.566987 0.085897 0.588782 0.09294899999999995 0.6131409999999999 0.11794899999999997 0.646474 0.15448700000000004 0.6541669999999999 0.162821 0.660577
0 0.38461500000000004 0.5746789999999999 0.391667 0.49647399999999997 0.394872 0.44775600000000004 0.412821 0.38493599999999994 0.42435900000000004 0.38493599999999994 0.440385 0.356731 0.46282100000000004 0.34134600000000004 0.494872 0.37083299999999997 0.532051 0.352885 0.5519229999999999 0.325962 0.563462 0.24006400000000006 0.5685899999999999 0.184936 0.5698719999999999 0.16185899999999998 0.519872 0.12724400000000002 0.503205 0.12339699999999998 0.49038499999999996 0.12852600000000003 0.476923 0.15416700000000005 0.47051299999999996 0.19647400000000004 0.5121789999999999 0.23621800000000004 0.516026 0.266987 0.5070509999999999 0.309295 0.48141 0.310577 0.478205 0.299038 0.46858999999999995 0.27980799999999995 0.46666700000000005 0.250321 0.45256399999999997 0.23109000000000002 0.44935899999999995 0.20032099999999997 0.457692 0.16314099999999998 0.44230800000000003 0.13621799999999995 0.42371800000000004 0.11442300000000005 0.40192300000000003 0.14390999999999998 0.375 0.18108999999999997 0.34166700000000005 0.25544900000000004 0.30833299999999997 0.399038 0.330128 0.5105770000000001 0.350641 0.578526 0.374359 0.642628 0.391667 0.627244
0 0.685256 0.708013 0.716026 0.695192 0.7 0.601603 0.673718 0.547756 0.6564099999999999 0.528526 0.670513 0.463141 0.647436 0.418269 0.623718 0.44647400000000004 0.628205 0.5105770000000001 0.6358969999999999 0.599038 0.644231 0.674679 0.675 0.709295
0 0.545513 0.7464740000000001 0.564103 0.7233970000000001 0.5660259999999999 0.659295 0.5711539999999999 0.655449 0.564744 0.624679 0.558333 0.606731 0.5730770000000001 0.564423 0.5673079999999999 0.547756 0.542949 0.5695509999999999 0.517949 0.599038 0.496154 0.616987 0.5096149999999999 0.6875 0.5083329999999999 0.7605770000000001 0.517949 0.7810900000000001
0 0.687821 0.98109 0.6801280000000001 0.950321 0.682051 0.940064 0.6814100000000001 0.920833 0.6717949999999999 0.908013 0.6608970000000001 0.895192 0.625641 0.868269 0.60641 0.8644229999999999 0.5756410000000001 0.878526 0.519231 0.99391 0.683333 0.996474
0 0.896795 0.906731 0.935256 0.847756 0.948718 0.804167 0.959615 0.772115 0.938462 0.7208330000000001 0.932051 0.711859 0.894872 0.725962 0.874359 0.7375 0.841026 0.7631410000000001 0.8423080000000001 0.8246789999999999 0.832692 0.879808 0.846795 0.88109 0.860897 0.897756 0.888462 0.908013
0 0.942949 0.992628 0.95 0.945192 0.997436 0.892628 0.997436 0.992628
0 0.975 0.26570499999999997 0.960897 0.286218 0.948718 0.309295 0.93141 0.351603 0.917949 0.35929500000000003 0.89359 0.354167 0.869231 0.299038 0.838462 0.306731 0.815385 0.313141 0.80641 0.30160299999999995 0.827564 0.184936 0.845513 0.166987 0.873718 0.13621799999999995 0.901282 0.12339699999999998 0.927564 0.11955099999999996 0.951282 0.11057700000000004 0.961538 0.13109000000000004 0.969872 0.17211500000000002 0.969231 0.225962
0 0.7801279999999999 0.23109000000000002 0.787821 0.19391000000000003 0.8019229999999999 0.20160299999999998 0.810897 0.21314100000000002 0.813462 0.168269 0.8051280000000001 0.07596199999999997 0.790385 0.004167000000000032 0.7403850000000001 0.010576999999999948 0.721795 0.05032099999999995 0.6993590000000001 0.06570500000000001 0.707051 0.09647399999999995 0.728205 0.15032100000000004 0.736538 0.16442299999999999 0.758333 0.227244
0 0.750641 0.313141 0.744872 0.30288499999999996 0.727564 0.273397 0.726282 0.24775599999999998 0.704487 0.23878200000000005 0.6801280000000001 0.204167 0.667308 0.166987 0.6576919999999999 0.14390999999999998 0.642308 0.12211499999999997 0.6371789999999999 0.11314100000000005 0.621154 0.11955099999999996 0.621154 0.166987 0.611538 0.21057700000000001 0.605128 0.23621800000000004 0.608974 0.24006400000000006 0.630128 0.23621800000000004 0.666026 0.306731 0.710897 0.297756 0.736538 0.311859
0 0.19359000000000004 0.225962 0.22051299999999996 0.169551 0.24551299999999998 0.13493599999999994 0.23589700000000002 0.09519200000000005 0.22115399999999996 0.061859 0.19551300000000005 0.0067310000000000425 0.10705100000000001 0.016986999999999974 0.06346200000000002 0.05032099999999995 0.040385000000000004 0.11442300000000005 0.02948700000000004 0.17596199999999995 0.05192300000000005 0.19903800000000005 0.103846 0.21442300000000003 0.15448700000000004 0.251603