0 0.849359 0.99391 0.878846 0.938782 0.888462 0.869551 0.898718 0.840064 0.917949 0.809295 0.932692 0.758013 0.939744 0.7246790000000001 0.94359 0.670833 0.954487 0.6528849999999999 0.985897 0.655449 0.998718 0.660577 0.995513 0.523397 0.98141 0.49390999999999996 0.974359 0.454167 0.962821 0.441346 0.932051 0.42724399999999996 0.901282 0.47339699999999996 0.883974 0.506731 0.871795 0.564423 0.870513 0.616987 0.85641 0.674679 0.852564 0.7246790000000001 0.863462 0.73109 0.858333 0.755449 0.8448720000000001 0.7875 0.835256 0.764423 0.814103 0.809295 0.798077 0.8246789999999999 0.783974 0.873397 0.777564 0.922115 0.7833330000000001 0.995192
0 0.716026 0.83109 0.7128209999999999 0.764423 0.7032050000000001 0.7221150000000001 0.6993590000000001 0.678526 0.701282 0.655449 0.707051 0.645192 0.726923 0.691346 0.732051 0.727244 0.744872 0.641346 0.727564 0.583654 0.710256 0.625962 0.6948719999999999 0.523397 0.720513 0.501603 0.725641 0.46955100000000005 0.6910259999999999 0.40416700000000005 0.6608970000000001 0.36826899999999996 0.632692 0.36698699999999995 0.607692 0.38878199999999996 0.596795 0.440064 0.596795 0.49262799999999995 0.595513 0.549038 0.5948720000000001 0.600321 0.5974360000000001 0.6131409999999999 0.646795 0.588782 0.669872 0.6131409999999999 0.6717949999999999 0.688782 0.671154 0.7221150000000001 0.644231 0.749038 0.612179 0.700321 0.603846 0.701603 0.589744 0.7426280000000001 0.586538 0.795192 0.605128 0.818269 0.626282 0.806731 0.6371789999999999 0.804167 0.646154 0.809295 0.657051 0.8375 0.640385 0.8618589999999999 0.669231 0.878526 0.6935899999999999 0.879808 0.7166669999999999 0.847756
0 0.6166670000000001 0.963141 0.6128210000000001 0.896474 0.614744 0.8233969999999999 0.592949 0.8003210000000001 0.564103 0.7605770000000001 0.546154 0.738782 0.48782099999999995 0.756731 0.48910299999999995 0.7875 0.502564 0.841346 0.498077 0.879808 0.50641 0.93109 0.539103 0.886218 0.54359 0.8836539999999999 0.544231 0.934936 0.546154 0.969551 0.554487 0.995192 0.601923 0.992628
0 0.495513 0.988782 0.504487 0.945192 0.485256 0.882372 0.476282 0.873397 0.440385 0.854167 0.40256400000000003 0.8451919999999999 0.357692 0.828526 0.34358999999999995 0.895192 0.34423099999999995 0.9375 0.369231 0.955449 0.395513 0.995192 0.486538 0.99391
0 0.360897 0.750321 0.371795 0.725962 0.38653800000000005 0.704167 0.38205100000000003 0.673397 0.373077 0.625962 0.373718 0.58109 0.34807699999999997 0.549038 0.335897 0.522115 0.32564099999999996 0.451603 0.32756399999999997 0.42980799999999997 0.30576899999999996 0.396474 0.30064100000000005 0.40288500000000005 0.310897 0.442628 0.32243599999999994 0.48621800000000004 0.32564099999999996 0.528526 0.310256 0.5349360000000001 0.294231 0.5298080000000001 0.275 0.563141 0.287821 0.624679 0.30833299999999997 0.649038 0.32884599999999997 0.661859 0.33846200000000004 0.729808 0.34743599999999997 0.750321
0 0.06794900000000004 0.822115 0.09423099999999995 0.791346 0.12051299999999998 0.799038 0.10833300000000001 0.7413460000000001 0.09038500000000005 0.715705 0.07948699999999997 0.697756 0.04359000000000002 0.774679 0.042949000000000015 0.7810900000000001 0.025641000000000025 0.751603 0.0032050000000000134 0.73109 0.0032050000000000134 0.897756 0.018589999999999995 0.860577 0.039103 0.8644229999999999 0.07115400000000005 0.910577 0.07756399999999997 0.866987 0.06666700000000003 0.838782
0 0.08846200000000004 0.44647400000000004 0.146795 0.399038 0.17115400000000003 0.34903799999999996 0.142949 0.292628 0.13397400000000004 0.266987 0.11153800000000003 0.24647399999999997 0.10769200000000001 0.27724400000000005 0.10769200000000001 0.292628 0.05192300000000005 0.29391 0.008974000000000038 0.286218 0.0032050000000000134 0.296474 0.005128000000000021 0.4375 0.03653799999999996 0.440064 0.060255999999999976 0.42852599999999996 0.08012799999999998 0.451603
0 0.20384599999999997 0.6285259999999999 0.24551299999999998 0.5746789999999999 0.24423099999999998 0.561859 0.233333 0.528526 0.21858999999999995 0.5310900000000001 0.19807699999999995 0.560577 0.18269199999999997 0.582372 0.15897399999999995 0.584936 0.18333299999999997 0.622115
0 0.501282 0.422115 0.523718 0.37980800000000003 0.552564 0.34519200000000005 0.560256 0.30416699999999997 0.575 0.26442299999999996 0.587179 0.228526 0.580769 0.19262800000000002 0.537821 0.10544900000000001 0.528205 0.07211500000000004 0.517949 0.029807999999999946 0.505128 0.0067310000000000425 0.416667 0.010576999999999948 0.42435900000000004 0.07467900000000005 0.45320499999999997 0.08750000000000002 0.474359 0.083654 0.49166699999999997 0.09519200000000005 0.501923 0.14134599999999997 0.494231 0.19647400000000004 0.46858999999999995 0.268269 0.44871799999999995 0.295192 0.42307700000000004 0.35929500000000003 0.43205099999999996 0.399038 0.44679500000000005 0.416987 0.476282 0.42980799999999997
0 0.817949 0.44391 0.833333 0.40288500000000005 0.845513 0.36955099999999996 0.8628210000000001 0.36955099999999996 0.852564 0.296474 0.833333 0.25929500000000005 0.817308 0.23750000000000004 0.7846150000000001 0.227244 0.76859 0.25544900000000004 0.760256 0.314423 0.778205 0.332372 0.813462 0.33109 0.814103 0.37852600000000003 0.8019229999999999 0.38878199999999996 0.777564 0.37980800000000003 0.766026 0.36057700000000004 0.744872 0.38878199999999996 0.735256 0.43109 0.741026 0.44775600000000004 0.777564 0.459295 0.807692 0.459295 0.8243590000000001 0.44391
0 0.987821 0.377244 0.975 0.37083299999999997 0.969231 0.36442300000000005 0.952564 0.37083299999999997 0.937179 0.36698699999999995 0.922436 0.34903799999999996 0.901282 0.350321 0.869231 0.32339700000000005 0.905128 0.316987 0.914103 0.27980799999999995 0.9096150000000001 0.268269 0.878205 0.225962 0.871795 0.20032099999999997 0.89359 0.15929499999999996 0.917308 0.166987 0.942308 0.206731 0.945513 0.23237200000000002 0.974359 0.23365400000000003 0.996154 0.25929500000000005 0.992949 0.36314100000000005
0 0.867308 0.12339699999999998 0.878205 0.07596199999999997 0.878205 0.043910000000000005 0.875641 0.022114999999999996 0.863462 0.008013000000000048 0.8391029999999999 0.011858999999999953 0.816667 0.02083299999999999 0.805769 0.01570499999999997 0.833974 0.08109 0.839744 0.12467899999999998 0.8435900000000001 0.13749999999999996
0 0.741026 0.225962 0.764744 0.11442300000000005 0.7826919999999999 0.11698699999999995 0.778846 0.04775600000000002 0.771154 0.024679000000000006 0.76859 0.010576999999999948 0.686538 0.008013000000000048 0.708974 0.043910000000000005 0.7185900000000001 0.09006400000000003 0.6993590000000001 0.11570499999999995 0.684615 0.06057699999999999 0.679487 0.01826899999999998 0.6525639999999999 0.05801299999999998 0.627564 0.07467900000000005 0.6320509999999999 0.149038 0.682051 0.190064 0.7185900000000001 0.228526
0 0.5782050000000001 0.046474000000000015 0.5935900000000001 0.024679000000000006 0.5903849999999999 0.008013000000000048 0.54359 0.008013000000000048 0.535256 0.03108999999999995 0.559615 0.046474000000000015
0 0.30000000000000004 0.184936 0.34166700000000005 0.19647400000000004 0.353205 0.13493599999999994 0.31987200000000005 0.11185900000000004 0.30640999999999996 0.10416700000000001 0.28012800000000004 0.12852600000000003 0.27756400000000003 0.17980799999999997
0 0.13397400000000004 0.188782 0.11474399999999996 0.14390999999999998 0.13525600000000004 0.13878199999999996 0.162821 0.170833 0.17115400000000003 0.188782 0.18205099999999996 0.10416700000000001 0.17243600000000003 0.07596199999999997 0.164103 0.03493599999999997 0.13910299999999998 0.05929499999999999 0.126923 0.08493600000000001 0.10833300000000001 0.06955100000000003 0.08333299999999999 0.051602999999999954 0.05640999999999996 0.083654 0.042949000000000015 0.14134599999999997 0.05640999999999996 0.17339700000000002 0.08333299999999999 0.16442299999999999 0.10192299999999999 0.166987 0.11987199999999998 0.19647400000000004 0.142308 0.21955100000000005