0 0.19551300000000005 0.855449 0.249359 0.802885 0.275641 0.777244 0.29359 0.775962 0.28589699999999996 0.702885 0.28269200000000005 0.600321 0.28525599999999995 0.5939099999999999 0.21858999999999995 0.640064 0.16217899999999996 0.705449 0.13974399999999998 0.759295 0.13141000000000003 0.795192 0.15448700000000004 0.832372 0.18525599999999998 0.856731
0 0.623077 0.98109 0.5948720000000001 0.879808 0.575 0.8375 0.528205 0.813141 0.480128 0.777244 0.46346200000000004 0.818269 0.461538 0.910577 0.461538 0.963141 0.458333 0.99391 0.6128210000000001 0.99391
0 0.697436 0.7631410000000001 0.73141 0.686218 0.735897 0.619551 0.763462 0.5554490000000001 0.758333 0.482372 0.74359 0.42596199999999995 0.7032050000000001 0.373397 0.680769 0.38109000000000004 0.658974 0.45032099999999997 0.650641 0.518269 0.6346149999999999 0.528526 0.630128 0.42467900000000003 0.600641 0.418269 0.566667 0.482372 0.5576920000000001 0.5323720000000001 0.585897 0.582372 0.610256 0.582372 0.6153850000000001 0.647756 0.61859 0.688782 0.654487 0.691346 0.6525639999999999 0.7426280000000001 0.635256 0.777244 0.6756409999999999 0.769551 0.70641 0.768269
0 0.889103 0.806731 0.917308 0.773397 0.948718 0.7451920000000001 0.961538 0.697756 0.964744 0.596474 0.965385 0.546474 0.899359 0.45032099999999997 0.885256 0.45032099999999997 0.846154 0.497756 0.816026 0.560577 0.808333 0.615705 0.847436 0.608013 0.860897 0.625962 0.861538 0.699038 0.851923 0.7605770000000001 0.854487 0.814423 0.860897 0.833654
0 0.815385 0.21826900000000005 0.815385 0.18108999999999997 0.794231 0.13878199999999996 0.789103 0.083654 0.762821 0.07339700000000005 0.7429490000000001 0.11057700000000004 0.748077 0.19262800000000002 0.765385 0.22211499999999995 0.789744 0.225962
0 0.729487 0.290064 0.728205 0.24262799999999995 0.6980770000000001 0.20160299999999998 0.6935899999999999 0.15673099999999995 0.673718 0.205449 0.680769 0.251603 0.708333 0.27724400000000005 0.7224360000000001 0.30288499999999996
0 0.585256 0.22339699999999996 0.6551279999999999 0.19262800000000002 0.669872 0.15673099999999995 0.657051 0.09519200000000005 0.591026 0.063141 0.5506409999999999 0.11057700000000004 0.545513 0.14390999999999998 0.542308 0.20160299999999998 0.578846 0.25929500000000005
0 0.44294900000000004 0.373397 0.440385 0.269551 0.438462 0.190064 0.40448700000000004 0.23621800000000004 0.36859 0.25929500000000005 0.33974400000000005 0.23237200000000002 0.30705099999999996 0.23493600000000003 0.28589699999999996 0.333654 0.274359 0.392628 0.28653799999999996 0.416987 0.351923 0.40160300000000004 0.388462 0.414423 0.40897399999999995 0.42467900000000003 0.437179 0.39134599999999997 0.44935899999999995 0.39134599999999997
0 0.44102600000000003 0.646474 0.42948699999999995 0.575962 0.42884599999999995 0.558013 0.400641 0.49134599999999995 0.388462 0.623397 0.396154 0.638782
0 0.501282 0.204167 0.5070509999999999 0.18108999999999997 0.483333 0.12724400000000002 0.478205 0.08878200000000003 0.473718 0.07467900000000005 0.44294900000000004 0.07980799999999999 0.40256400000000003 0.14262799999999998 0.437821 0.16442299999999999 0.49230799999999997 0.21570500000000004
0 0.14102599999999998 0.19262800000000002 0.18397399999999997 0.168269 0.22307699999999997 0.12083299999999997 0.252564 0.10416700000000001 0.28397399999999995 0.08878200000000003 0.313462 0.07596199999999997 0.32371799999999995 0.008013000000000048 0.14359 0.011858999999999953 0.11153800000000003 0.054166999999999965 0.09551299999999996 0.07596199999999997 0.10705100000000001 0.11442300000000005 0.12884600000000002 0.186218
0 0.07564099999999996 0.647756 0.16025599999999995 0.5708329999999999 0.20128199999999996 0.536218 0.20576899999999998 0.49134599999999995 0.19551300000000005 0.48493600000000003 0.15448700000000004 0.44391 0.19166700000000003 0.40416700000000005 0.20192299999999996 0.42980799999999997 0.18653799999999998 0.24903799999999998 0.17051300000000003 0.23750000000000004 0.13782099999999997 0.24134599999999995 0.11346199999999995 0.24134599999999995 0.09871799999999997 0.308013 0.11730799999999997 0.418269 0.128205 0.46442300000000003 0.09807699999999997 0.463141 0.08205099999999999 0.372115 0.06410300000000002 0.269551 0.03653799999999996 0.204167 0.016666999999999987 0.19903800000000005 0.005128000000000021 0.23493600000000003 0.0032050000000000134 0.49134599999999995 0.038461999999999996 0.545192 0.04102600000000001 0.5951919999999999 0.06089699999999998 0.638782