0 0.16987200000000002 0.884936 0.20320499999999997 0.813141 0.22564099999999998 0.711859 0.24615399999999998 0.5951919999999999 0.255128 0.565705 0.20705099999999999 0.601603 0.14935900000000002 0.670833 0.09487199999999996 0.786218 0.13141000000000003 0.896474 0.16987200000000002 0.905449
0 0.355128 0.997756 0.360256 0.941346 0.336538 0.916987 0.312821 0.910577 0.28397399999999995 0.868269 0.26089700000000005 0.854167 0.230769 0.859295 0.233333 0.900321 0.271154 0.952885 0.271795 0.999038
0 0.436538 0.8644229999999999 0.476923 0.8233969999999999 0.496795 0.759295 0.494872 0.695192 0.48141 0.6285259999999999 0.484615 0.583654 0.503846 0.582372 0.545513 0.583654 0.569231 0.545192 0.5551280000000001 0.47083299999999995 0.546154 0.42467900000000003 0.564103 0.374679 0.552564 0.34903799999999996 0.498718 0.36185900000000004 0.47115399999999996 0.374679 0.43205099999999996 0.39391 0.41089699999999996 0.415705 0.398718 0.46570500000000004 0.396795 0.5516030000000001 0.392308 0.665705 0.379487 0.705449 0.369872 0.758013 0.371795 0.819551 0.42179500000000003 0.866987
0 0.413462 0.32211500000000004 0.44423100000000004 0.316987 0.485256 0.23621800000000004 0.5 0.270833 0.521795 0.250321 0.522436 0.190064 0.524359 0.145192 0.524359 0.07467900000000005 0.541026 0.013140999999999958 0.49166699999999997 0.009295000000000053 0.46474400000000005 0.05288499999999996 0.43397399999999997 0.08493600000000001 0.42948699999999995 0.11442300000000005 0.43397399999999997 0.17852599999999996 0.43397399999999997 0.21698700000000004 0.40769200000000005 0.26570499999999997 0.392949 0.30544899999999997 0.396795 0.33109
0 0.294872 0.461859 0.30192300000000005 0.358013 0.34102600000000005 0.297756 0.36282099999999995 0.22211499999999995 0.373718 0.17339700000000002 0.372436 0.12211499999999997 0.371154 0.09519200000000005 0.353846 0.07083300000000003 0.294231 0.06057699999999999 0.25641 0.009295000000000053 0.10833300000000001 0.005449000000000037 0.15000000000000002 0.041345999999999994 0.15641000000000005 0.08493600000000001 0.17307700000000004 0.12083299999999997 0.19359000000000004 0.10544900000000001 0.212179 0.12339699999999998 0.23653800000000003 0.18108999999999997 0.24358999999999997 0.22211499999999995 0.230769 0.28365399999999996 0.21923099999999995 0.40929499999999996 0.265385 0.38621799999999995 0.26859 0.416987 0.26282099999999997 0.47467899999999996 0.30384599999999995 0.463141
0 0.684615 0.22083299999999995 0.698718 0.170833 0.6935899999999999 0.102885 0.688462 0.07596199999999997 0.675 0.051602999999999954 0.6551279999999999 0.07852599999999998 0.6358969999999999 0.15160300000000004 0.644231 0.204167 0.664744 0.21826900000000005
0 0.751923 0.229808 0.778205 0.17724399999999996 0.828846 0.19519200000000003 0.85641 0.17467900000000003 0.855128 0.145192 0.844231 0.06057699999999999 0.851923 0.023397 0.816667 0.02083299999999999 0.7826919999999999 0.05801299999999998 0.762821 0.09262800000000004 0.741026 0.14134599999999997 0.723718 0.17467900000000003 0.707051 0.225962 0.713462 0.24519199999999997 0.733974 0.22467899999999996
0 0.869231 0.5554490000000001 0.88141 0.48493600000000003 0.882692 0.440064 0.888462 0.411859 0.900641 0.39006399999999997 0.917308 0.396474 0.957051 0.40288500000000005 0.998077 0.422115 0.999359 0.15288500000000005 0.977564 0.184936 0.958333 0.23109000000000002 0.953846 0.227244 0.945513 0.21698700000000004 0.921795 0.21698700000000004 0.880128 0.25673100000000004 0.8641030000000001 0.297756 0.855769 0.328526 0.834615 0.352885 0.808333 0.38109000000000004 0.777564 0.42852599999999996 0.777564 0.5118590000000001 0.814744 0.48365400000000003 0.828205 0.527244 0.821795 0.568269 0.85641 0.5708329999999999
0 0.949359 0.7439100000000001 0.976282 0.79391 0.920513 0.878526 0.9083330000000001 0.913141 0.869872 0.927244 0.854487 0.960577 0.8416669999999999 0.908013 0.825 0.815705 0.816026 0.799038 0.778205 0.816987 0.702564 0.804167 0.6935899999999999 0.770833 0.692949 0.709295 0.7 0.659295 0.704487 0.6336539999999999 0.73141 0.642628 0.758333 0.672115 0.777564 0.692628 0.801282 0.636218 0.832051 0.6323719999999999 0.867308 0.604167 0.892308 0.58109 0.910897 0.604167 0.933333 0.605449 0.969872 0.5875 0.998077 0.549038 0.998077 0.669551 0.973077 0.674679 0.95641 0.69391
0 0.658974 0.984936 0.6608970000000001 0.896474 0.664103 0.88109 0.642308 0.850321 0.630769 0.834936 0.609615 0.836218 0.575 0.910577 0.558333 0.932372 0.5480769999999999 0.988782 0.644872 0.995192
0 0.14871800000000002 0.5528850000000001 0.17243600000000003 0.5144230000000001 0.18461499999999997 0.49390999999999996 0.18397399999999997 0.48493600000000003 0.15833299999999995 0.482372 0.146795 0.460577 0.126923 0.452885 0.11602599999999996 0.49390999999999996 0.128205 0.540064
0 0.19487200000000005 0.42980799999999997 0.18140999999999996 0.356731 0.18333299999999997 0.3375 0.164103 0.37980800000000003 0.164744 0.40160300000000004 0.17756400000000006 0.43109
0 0.059614999999999974 0.19775600000000004 0.09230799999999995 0.184936 0.09423099999999995 0.11955099999999996 0.09102600000000005 0.09903799999999996 0.04423100000000002 0.09006400000000003 0.030128000000000044 0.09647399999999995 0.02243600000000001 0.12596200000000002 0.025641000000000025 0.186218 0.047436000000000034 0.19775600000000004