0 0.10256399999999999 0.765705 0.12307699999999999 0.749038 0.13397400000000004 0.725962 0.128205 0.692628 0.11602599999999996 0.658013 0.040385000000000004 0.616987 0.030128000000000044 0.602885 0.032692000000000054 0.659295 0.02435900000000002 0.700321 0.02243600000000001 0.709295 0.050000000000000044 0.7426280000000001 0.04935900000000004 0.7875 0.055127999999999955 0.796474 0.07435899999999995 0.772115
0 0.248077 0.986218 0.22435899999999998 0.914423 0.20320499999999997 0.890064 0.18653799999999998 0.852885 0.17500000000000004 0.813141 0.15897399999999995 0.799038 0.13269200000000003 0.822115 0.15641000000000005 0.838782 0.16923100000000002 0.860577 0.16794900000000001 0.906731 0.17243600000000003 0.934936 0.165385 0.997756 0.24166699999999997 0.995192
0 0.10961500000000002 0.528526 0.12115399999999998 0.499038 0.144872 0.478526 0.17371800000000004 0.45032099999999997 0.17948699999999995 0.38237200000000005 0.17564100000000005 0.34775599999999995 0.16987200000000002 0.318269 0.142308 0.30288499999999996 0.06410300000000002 0.297756 0.039744 0.325962 0.02435900000000002 0.36057700000000004 0.032692000000000054 0.48750000000000004 0.03653799999999996 0.5554490000000001 0.059614999999999974 0.545192 0.07564099999999996 0.519551
0 0.267949 0.516987 0.27948700000000004 0.48878200000000005 0.29615400000000003 0.500321 0.309615 0.47211499999999995 0.32820499999999997 0.44391 0.32820499999999997 0.38365400000000005 0.313462 0.356731 0.28653799999999996 0.332372 0.275 0.308013 0.25 0.30416699999999997 0.23141 0.310577 0.22243599999999997 0.36570499999999995 0.22371799999999997 0.392628 0.24166699999999997 0.44519200000000003 0.23717900000000003 0.516987
0 0.34294899999999995 0.7464740000000001 0.351282 0.677244 0.355769 0.641346 0.34679499999999996 0.600321 0.329487 0.5900639999999999 0.30192300000000005 0.5695509999999999 0.28269200000000005 0.565705 0.276282 0.6144229999999999 0.28269200000000005 0.64391 0.29807700000000004 0.692628 0.32564099999999996 0.73109
0 0.551282 0.696474 0.5467949999999999 0.624679 0.544231 0.575962 0.570513 0.540064 0.598718 0.540064 0.6576919999999999 0.508013 0.672436 0.497756 0.673718 0.42980799999999997 0.665385 0.39391 0.6538459999999999 0.336218 0.640385 0.309295 0.605128 0.318269 0.5903849999999999 0.36570499999999995 0.565385 0.433654 0.539744 0.459295 0.48974399999999996 0.49262799999999995 0.46858999999999995 0.527244 0.473718 0.645192 0.507692 0.697756 0.5301279999999999 0.718269
0 0.6564099999999999 0.983654 0.663462 0.911859 0.664744 0.749038 0.660256 0.736218 0.644872 0.734936 0.603205 0.751603 0.567949 0.786218 0.544872 0.813141 0.517308 0.866987 0.485256 0.914423 0.48974399999999996 0.995192 0.646154 0.992628
0 0.951282 0.992628 0.934615 0.950321 0.880769 0.913141 0.866667 0.895192 0.846795 0.870833 0.828846 0.8618589999999999 0.796154 0.858013 0.787821 0.855449 0.792308 0.9041669999999999 0.769231 0.951603 0.742308 0.99391
0 0.8641030000000001 0.796474 0.890385 0.7413460000000001 0.885897 0.696474 0.851282 0.701603 0.853205 0.656731 0.854487 0.6144229999999999 0.846795 0.560577 0.8416669999999999 0.501603 0.857692 0.47467899999999996 0.9 0.478526 0.916026 0.46442300000000003 0.939103 0.42724399999999996 0.914744 0.38109000000000004 0.898718 0.38109000000000004 0.853846 0.38749999999999996 0.812821 0.38621799999999995 0.757692 0.37083299999999997 0.750641 0.318269 0.7608969999999999 0.291346 0.723077 0.270833 0.7198720000000001 0.332372 0.714744 0.419551 0.711538 0.46955100000000005 0.726282 0.54391 0.742308 0.660577 0.777564 0.673397 0.788462 0.758013 0.786538 0.790064 0.804487 0.792628 0.826282 0.806731 0.841026 0.819551
0 0.334615 0.22339699999999996 0.352564 0.21314100000000002 0.361538 0.23109000000000002 0.36666699999999997 0.25416700000000003 0.378846 0.21057700000000001 0.378205 0.15929499999999996 0.38525600000000004 0.14134599999999997 0.414744 0.10929500000000003 0.40897399999999995 0.06442300000000001 0.398077 0.03621799999999997 0.395513 0.004167000000000032 0.273718 0.009295000000000053 0.269231 0.09006400000000003 0.25897400000000004 0.146474 0.28717899999999996 0.24262799999999995 0.30128200000000005 0.21698700000000004 0.32820499999999997 0.225962
0 0.016666999999999987 0.20160299999999998 0.032692000000000054 0.13621799999999995 0.05640999999999996 0.10416700000000001 0.060255999999999976 0.029807999999999946 0.04487200000000002 0.0067310000000000425 0.0025640000000000107 0.008013000000000048 0.003846000000000016 0.20032099999999997