0 0.012179000000000051 0.918269 0.02435900000000002 0.859295 0.038461999999999996 0.7798080000000001 0.03205100000000005 0.688782 0.02948700000000004 0.6503209999999999 0.025641000000000025 0.6285259999999999 0.02179500000000001 0.623397 0.0032050000000000134 0.604167 0.004487000000000019 0.923397
0 0.11025600000000002 0.709295 0.146154 0.73109 0.18397399999999997 0.749038 0.233333 0.7426280000000001 0.254487 0.7208330000000001 0.28012800000000004 0.691346 0.30064100000000005 0.64391 0.30192300000000005 0.627244 0.27692300000000003 0.575962 0.25961500000000004 0.527244 0.232051 0.5144230000000001 0.19423100000000004 0.542628 0.14935900000000002 0.5695509999999999 0.13076900000000002 0.5913459999999999 0.103846 0.6131409999999999 0.09743599999999997 0.634936 0.09807699999999997 0.691346
0 0.02692300000000003 0.579808 0.07115400000000005 0.546474 0.08012799999999998 0.528526 0.03141000000000005 0.477244 0.02692300000000003 0.45032099999999997 0.04102600000000001 0.41057699999999997 0.038461999999999996 0.38109000000000004 0.037820999999999994 0.327244 0.027564000000000033 0.28493599999999997 0.010897000000000046 0.229808 0.0025640000000000107 0.21442300000000003 0.0032050000000000134 0.536218 0.014102999999999977 0.527244 0.026282000000000028 0.560577
0 0.42243600000000003 0.9875 0.42692300000000005 0.952885 0.413462 0.908013 0.379487 0.895192 0.360897 0.88109 0.34487199999999996 0.870833 0.32692299999999996 0.872115 0.34230799999999995 0.9028849999999999 0.34551299999999996 0.940064 0.32371799999999995 0.973397 0.30192300000000005 0.99391 0.41089699999999996 0.992628
0 0.44423100000000004 0.923397 0.49230799999999997 0.8618589999999999 0.528205 0.791346 0.5301279999999999 0.738782 0.526282 0.624679 0.500641 0.5516030000000001 0.459615 0.549038 0.43205099999999996 0.584936 0.414744 0.647756 0.395513 0.696474 0.39359 0.732372 0.395513 0.797756 0.395513 0.83109 0.42307700000000004 0.877244 0.436538 0.906731
0 0.819231 0.9875 0.820513 0.911859 0.8230770000000001 0.854167 0.816026 0.799038 0.8198719999999999 0.740064 0.837821 0.706731 0.850641 0.682372 0.861538 0.6516029999999999 0.858974 0.641346 0.841026 0.615705 0.826923 0.596474 0.8 0.6092949999999999 0.766026 0.646474 0.751923 0.672115 0.744872 0.702885 0.757692 0.747756 0.759615 0.7823720000000001 0.744231 0.8003210000000001 0.726923 0.810577 0.714744 0.795192 0.689744 0.758013 0.6621790000000001 0.796474 0.645513 0.828526 0.6346149999999999 0.832372 0.621795 0.813141 0.619872 0.774679 0.625641 0.728526 0.6320509999999999 0.701603 0.638462 0.616987 0.627564 0.5721149999999999 0.617308 0.5375 0.598077 0.536218 0.580769 0.541346 0.572436 0.582372 0.580128 0.624679 0.540385 0.668269 0.55 0.716987 0.548718 0.764423 0.557051 0.784936 0.5878209999999999 0.858013 0.5891029999999999 0.922115 0.5903849999999999 0.951603 0.586538 0.995192 0.813462 0.99391
0 0.998077 0.923397 0.975 0.922115 0.958333 0.936218 0.95 0.984936 0.950641 0.997756 0.998077 0.997756
0 0.992949 0.516987 0.959615 0.5131410000000001 0.94359 0.5105770000000001 0.932051 0.519551 0.914744 0.538782 0.887821 0.584936 0.882051 0.588782 0.870513 0.538782 0.880128 0.47083299999999995 0.882051 0.40160300000000004 0.916667 0.40288500000000005 0.946154 0.42724399999999996 0.957692 0.423397 0.971795 0.40801299999999996 0.982051 0.44519200000000003 0.989103 0.49390999999999996
0 0.998718 0.418269 0.978205 0.36442300000000005 0.969231 0.311859 0.973718 0.25673100000000004 0.988462 0.25544900000000004 0.997436 0.26314099999999996
0 0.778846 0.11185900000000004 0.787179 0.13109000000000004 0.7858970000000001 0.16185899999999998 0.7621789999999999 0.205449 0.736538 0.21570500000000004 0.7198720000000001 0.227244 0.6961539999999999 0.21698700000000004 0.6788460000000001 0.147756 0.642949 0.147756 0.628205 0.10673100000000002 0.614744 0.032371999999999956 0.601282 0.005449000000000037 0.733333 0.004167000000000032 0.734615 0.042628 0.733333 0.09391000000000005 0.7416670000000001 0.12083299999999997 0.755769 0.101603 0.755128 0.07596199999999997 0.778846 0.051602999999999954 0.7858970000000001 0.08109
0 0.395513 0.30544899999999997 0.395513 0.26570499999999997 0.40320500000000004 0.23109000000000002 0.419872 0.228526 0.43140999999999996 0.22467899999999996 0.44294900000000004 0.24006400000000006 0.454487 0.272115 0.47243599999999997 0.272115 0.5 0.26185899999999995 0.508974 0.24647399999999997 0.498077 0.21057700000000001 0.478205 0.22339699999999996 0.46858999999999995 0.22339699999999996 0.460897 0.17852599999999996 0.459615 0.12211499999999997 0.44679500000000005 0.07211500000000004 0.438462 0.03493599999999997 0.438462 0.011858999999999953 0.40448700000000004 0.016986999999999974 0.38525600000000004 0.082372 0.36666699999999997 0.11442300000000005 0.36282099999999995 0.166987 0.36346199999999995 0.20288499999999998 0.34358999999999995 0.23621800000000004 0.33782100000000004 0.268269 0.34743599999999997 0.30032099999999995 0.33141 0.311859 0.29615400000000003 0.325962 0.30833299999999997 0.34903799999999996 0.335256 0.36955099999999996 0.360897 0.32339700000000005 0.36794899999999997 0.30544899999999997
0 0.21730799999999995 0.251603 0.248077 0.24647399999999997 0.246795 0.188782 0.24294899999999997 0.17211500000000002 0.227564 0.16057699999999997 0.22499999999999998 0.09134600000000004 0.22499999999999998 0.05929499999999999 0.22435899999999998 0.02083299999999999 0.22051299999999996 0.0067310000000000425 0.20320499999999997 0.009295000000000053 0.208974 0.07211500000000004 0.210897 0.09391000000000005 0.19871799999999995 0.12467899999999998 0.17756400000000006 0.23493600000000003 0.18782100000000002 0.25929500000000005
0 0.734615 0.47339699999999996 0.734615 0.37852600000000003 0.732692 0.36057700000000004 0.707692 0.37083299999999997 0.680769 0.413141 0.6910259999999999 0.44647400000000004 0.713462 0.45032099999999997 0.7198720000000001 0.461859
0 0.585897 0.311859 0.607051 0.311859 0.604487 0.28108999999999995 0.616026 0.26442299999999996 0.625 0.27596200000000004 0.624359 0.23109000000000002 0.623077 0.206731 0.621795 0.17980799999999997 0.614744 0.21057700000000001 0.603846 0.23750000000000004 0.5769230000000001 0.24903799999999998 0.562179 0.28108999999999995 0.570513 0.299038 0.591026 0.32339700000000005