0 0.23525600000000002 0.984936 0.24230799999999997 0.897756 0.24230799999999997 0.855449 0.21410300000000004 0.868269 0.212179 0.910577 0.19871799999999995 0.890064 0.19487200000000005 0.875962 0.19551300000000005 0.847756 0.19359000000000004 0.802885 0.19807699999999995 0.770833 0.210897 0.756731 0.21858999999999995 0.734936 0.21858999999999995 0.7208330000000001 0.207692 0.704167 0.18397399999999997 0.701603 0.15641000000000005 0.713141 0.126923 0.716987 0.126923 0.738782 0.12884600000000002 0.7823720000000001 0.145513 0.8233969999999999 0.15448700000000004 0.850321 0.163462 0.890064 0.17115400000000003 0.932372 0.17115400000000003 0.9708330000000001 0.17820499999999995 0.995192
0 0.44871799999999995 0.99391 0.45384599999999997 0.920833 0.44999999999999996 0.884936 0.46410300000000004 0.858013 0.48974399999999996 0.866987 0.46987199999999996 0.822115 0.455769 0.783654 0.45128199999999996 0.784936 0.45256399999999997 0.809295 0.42756400000000006 0.816987 0.42948699999999995 0.829808 0.42948699999999995 0.858013 0.42179500000000003 0.900321 0.416026 0.916987 0.400641 0.933654 0.388462 0.983654 0.392308 0.995192
0 0.48782099999999995 0.773397 0.51859 0.7605770000000001 0.536538 0.7451920000000001 0.5916669999999999 0.727244 0.625641 0.695192 0.653205 0.755449 0.678205 0.813141 0.676282 0.725962 0.669231 0.678526 0.636538 0.619551 0.621154 0.5939099999999999 0.577564 0.634936 0.548718 0.6541669999999999 0.521154 0.6375 0.480769 0.705449 0.47179499999999996 0.683654 0.479487 0.6503209999999999 0.480128 0.6298079999999999 0.460897 0.6375 0.435897 0.5746789999999999 0.44487200000000005 0.54391 0.45320499999999997 0.509295 0.45256399999999997 0.49390999999999996 0.42884599999999995 0.48878200000000005 0.40833299999999995 0.5144230000000001 0.40512800000000004 0.559295 0.40769200000000005 0.605449 0.400641 0.646474 0.41859 0.706731 0.436538 0.750321 0.457051 0.768269
0 0.333974 0.754167 0.36730799999999997 0.718269 0.36282099999999995 0.656731 0.35641 0.599038 0.350641 0.564423 0.34230799999999995 0.5554490000000001 0.29935900000000004 0.506731 0.273077 0.49519199999999997 0.24487199999999998 0.527244 0.23653800000000003 0.583654 0.23910299999999995 0.624679 0.289744 0.669551 0.310897 0.68109 0.314744 0.727244 0.32051300000000005 0.754167
0 0.07820499999999997 0.816987 0.12115399999999998 0.797756 0.11410299999999995 0.702885 0.10641 0.673397 0.08782100000000004 0.6516029999999999 0.06859000000000004 0.641346 0.04615400000000003 0.670833 0.03461499999999995 0.73109 0.04679500000000003 0.774679 0.05320499999999995 0.796474
0 0.018589999999999995 0.972115 0.035255999999999954 0.949038 0.019872 0.934936 0.013461999999999974 0.905449 0.0025640000000000107 0.899038 0.0012820000000000054 0.9708330000000001 0.026282000000000028 0.975962
0 0.921795 0.988782 0.921154 0.942628 0.904487 0.8875 0.889744 0.884936 0.849359 0.892628 0.827564 0.8836539999999999 0.817308 0.8644229999999999 0.798718 0.847756 0.760256 0.856731 0.748718 0.852885 0.7185900000000001 0.854167 0.7 0.886218 0.698718 0.918269 0.725641 0.947756 0.7621789999999999 0.941346 0.7801279999999999 0.968269 0.7826919999999999 0.992628 0.819231 0.991346
0 0.967949 0.736218 0.923718 0.733654 0.897436 0.758013 0.896795 0.719551 0.896154 0.696474 0.887821 0.684936 0.878205 0.68109 0.852564 0.686218 0.829487 0.725962 0.792949 0.7221150000000001 0.774359 0.7426280000000001 0.761538 0.649038 0.8006409999999999 0.5951919999999999 0.814744 0.560577 0.849359 0.559295 0.876282 0.583654 0.8871789999999999 0.584936 0.914744 0.582372 0.925641 0.601603 0.944872 0.674679 0.973718 0.641346 0.976923 0.706731
0 0.916026 0.541346 0.919231 0.479808 0.926282 0.44903800000000005 0.925641 0.41057699999999997 0.920513 0.314423 0.921795 0.292628 0.910256 0.25416700000000003 0.9064099999999999 0.250321 0.883333 0.252885 0.869872 0.310577 0.836538 0.314423 0.819231 0.37083299999999997 0.811538 0.432372 0.817949 0.504167 0.830769 0.5298080000000001 0.858333 0.5310900000000001 0.882692 0.565705 0.9064099999999999 0.5746789999999999 0.924359 0.568269
0 0.994231 0.15544899999999995 0.976282 0.186218 0.961538 0.166987 0.950641 0.16057699999999997 0.921154 0.17596199999999995 0.923718 0.21057700000000001 0.917308 0.21826900000000005 0.882692 0.20160299999999998 0.872436 0.17724399999999996 0.878205 0.13109000000000004 0.892308 0.10673100000000002 0.9083330000000001 0.101603 0.942308 0.08878200000000003 0.998077 0.063141 0.996795 0.13878199999999996
0 0.5326919999999999 0.49390999999999996 0.545513 0.48878200000000005 0.541667 0.415705 0.5371790000000001 0.40032100000000004 0.526923 0.392628 0.501923 0.40160300000000004 0.485897 0.42980799999999997 0.476923 0.45032099999999997 0.505128 0.48109
0 0.601282 0.47083299999999995 0.648718 0.46698700000000004 0.639103 0.432372 0.632692 0.40544899999999995 0.598077 0.432372 0.5769230000000001 0.456731
0 0.21410300000000004 0.5298080000000001 0.17051300000000003 0.49006400000000006 0.142308 0.48365400000000003 0.13653800000000005 0.499038 0.15448700000000004 0.546474 0.18397399999999997 0.565705 0.209615 0.5554490000000001
0 0.17115400000000003 0.24390999999999996 0.20384599999999997 0.21442300000000003 0.20128199999999996 0.15288500000000005 0.19615400000000005 0.11314100000000005 0.17500000000000004 0.054166999999999965 0.13910299999999998 0.08621800000000002 0.125 0.13109000000000004 0.144231 0.20032099999999997
0 0.06794900000000004 0.43109 0.08782100000000004 0.332372 0.08140999999999998 0.316987 0.038461999999999996 0.30160299999999995 0.0032050000000000134 0.30288499999999996 0.005128000000000021 0.392628 0.04359000000000002 0.442628 0.06602600000000003 0.45032099999999997