0 0.32564099999999996 0.914423 0.333333 0.852885 0.353846 0.7798080000000001 0.360256 0.738782 0.32307699999999995 0.708013 0.310897 0.684936 0.294872 0.678526 0.253205 0.711859 0.20384599999999997 0.736218 0.19999999999999996 0.691346 0.21730799999999995 0.6503209999999999 0.18846200000000002 0.6541669999999999 0.126282 0.656731 0.14102599999999998 0.758013 0.13141000000000003 0.810577 0.09743599999999997 0.855449 0.06794900000000004 0.8836539999999999 0.05320499999999995 0.941346 0.059614999999999974 0.972115 0.141667 0.983654 0.229487 0.979808 0.23717900000000003 0.895192 0.24294899999999997 0.847756 0.253205 0.860577 0.287821 0.936218 0.309615 0.925962
0 0.48717900000000003 0.795192 0.510256 0.754167 0.5 0.6875 0.515385 0.596474 0.510256 0.500321 0.46346200000000004 0.434936 0.44743599999999994 0.44775600000000004 0.438462 0.5310900000000001 0.419231 0.625962 0.40512800000000004 0.7233970000000001 0.399359 0.770833 0.42948699999999995 0.795192 0.44935899999999995 0.774679 0.46923099999999995 0.79391
0 0.834615 0.665705 0.830769 0.583654 0.849359 0.5157050000000001 0.869231 0.549038 0.891026 0.516987 0.908974 0.40288500000000005 0.890385 0.38493599999999994 0.851282 0.415705 0.839744 0.327244 0.844231 0.310577 0.807051 0.273397 0.782051 0.25544900000000004 0.7801279999999999 0.36698699999999995 0.764744 0.39006399999999997 0.734615 0.42467900000000003 0.705769 0.506731 0.7198720000000001 0.6131409999999999 0.75 0.6336539999999999 0.7846150000000001 0.627244 0.769872 0.68109 0.779487 0.697756 0.814103 0.674679 0.8403849999999999 0.658013
0 0.695513 0.36570499999999995 0.7224360000000001 0.28108999999999995 0.735897 0.23365400000000003 0.723718 0.18237199999999998 0.711538 0.16314099999999998 0.687821 0.19391000000000003 0.678205 0.205449 0.683333 0.09391000000000005 0.682051 0.054166999999999965 0.6839740000000001 0.014422999999999964 0.6375 0.004167000000000032 0.63141 0.07467900000000005 0.625 0.11057700000000004 0.586538 0.08493600000000001 0.548718 0.07083300000000003 0.535256 0.06955100000000003 0.5756410000000001 0.18108999999999997 0.5948720000000001 0.24134599999999995 0.621154 0.297756 0.651923 0.37083299999999997 0.662821 0.37852600000000003 0.675 0.36442300000000005
0 0.503846 0.336218 0.5121789999999999 0.27980799999999995 0.512821 0.24390999999999996 0.512821 0.22211499999999995 0.475641 0.22467899999999996 0.459615 0.272115 0.44487200000000005 0.32083300000000003 0.46666700000000005 0.328526 0.49359 0.3375
0 0.22371799999999997 0.12852600000000003 0.251282 0.07980799999999999 0.27820500000000004 0.07724399999999998 0.272436 0.12980800000000003 0.30705099999999996 0.12211499999999997 0.314744 0.09391000000000005 0.31794900000000004 0.083654 0.28717899999999996 0.04519200000000001 0.294231 0.02852600000000005 0.294872 0.005449000000000037 0.19487200000000005 0.005449000000000037 0.20064099999999996 0.05929499999999999 0.20128199999999996 0.11185900000000004 0.20256399999999997 0.13237200000000005 0.210897 0.146474
0 0.10961500000000002 0.15032100000000004 0.12051299999999998 0.09647399999999995 0.14038499999999998 0.12083299999999997 0.15833299999999995 0.145192 0.15512800000000004 0.07980799999999999 0.13653800000000005 0.049038000000000026 0.12243599999999999 0.008013000000000048 0.06538500000000003 0.011858999999999953 0.07179500000000005 0.08493600000000001 0.07179500000000005 0.12339699999999998 0.08974400000000005 0.13749999999999996
0 0.086538 0.502885 0.07499999999999996 0.422115 0.06859000000000004 0.396474 0.04487200000000002 0.34519200000000005 0.019230999999999998 0.28237199999999996 0.0012820000000000054 0.272115 0.008333000000000035 0.35929500000000003 0.015384999999999982 0.397756 0.00961500000000004 0.42980799999999997 0.004487000000000019 0.434936 0.014102999999999977 0.509295 0.03653799999999996 0.48493600000000003 0.05384599999999995 0.451603 0.06923100000000004 0.48878200000000005
0 0.919872 0.12467899999999998 0.887821 0.15288500000000005 0.871795 0.15160300000000004 0.863462 0.16185899999999998 0.85641 0.208013 0.8391029999999999 0.25416700000000003 0.835897 0.24390999999999996 0.8256410000000001 0.21955100000000005 0.7846150000000001 0.19519200000000003 0.769872 0.20160299999999998 0.753205 0.19391000000000003 0.7429490000000001 0.18108999999999997 0.748718 0.12339699999999998 0.728205 0.09391000000000005 0.710256 0.009295000000000053 0.908974 0.009295000000000053 0.9269229999999999 0.049038000000000026 0.935256 0.102885
0 0.555769 0.774679 0.585256 0.729808 0.585897 0.674679 0.5961540000000001 0.616987 0.596795 0.5875 0.5935900000000001 0.563141 0.585256 0.5541670000000001 0.566667 0.5733969999999999 0.5480769999999999 0.663141 0.5333330000000001 0.716987 0.514744 0.756731 0.5358970000000001 0.7875
0 0.994872 0.7618590000000001 0.974359 0.7221150000000001 0.93141 0.708013 0.914103 0.759295 0.916667 0.818269 0.955128 0.892628 0.998077 0.886218
0 0.994872 0.15288500000000005 0.95641 0.17852599999999996 0.933333 0.1875 0.930769 0.23237200000000002 0.936538 0.28493599999999997 0.96859 0.28365399999999996 0.978846 0.30544899999999997 0.997436 0.34262800000000004 0.996154 0.165705
0 0.992308 0.06955100000000003 0.975641 0.09262800000000004 0.961538 0.07980799999999999 0.937821 0.024679000000000006 0.934615 0.010576999999999948 0.995513 0.008013000000000048 0.996795 0.049038000000000026
0 0.42884599999999995 0.147756 0.42884599999999995 0.11057700000000004 0.44551300000000005 0.07852599999999998 0.42884599999999995 0.049038000000000026 0.416026 0.07596199999999997 0.395513 0.05929499999999999 0.36859 0.09006400000000003 0.36730799999999997 0.13621799999999995 0.376923 0.186218 0.391667 0.12339699999999998 0.417308 0.13237200000000005