0 0.13461500000000004 0.5323720000000001 0.18397399999999997 0.5105770000000001 0.232692 0.48493600000000003 0.23974399999999996 0.48878200000000005 0.251923 0.44903800000000005 0.272436 0.42980799999999997 0.271795 0.40929499999999996 0.269872 0.38621799999999995 0.292308 0.336218 0.28333299999999995 0.295192 0.25641 0.32083300000000003 0.22307699999999997 0.372115 0.21346200000000004 0.36570499999999995 0.16025599999999995 0.372115 0.11474399999999996 0.36442300000000005 0.10705100000000001 0.34775599999999995 0.105128 0.38749999999999996 0.13269200000000003 0.5131410000000001
0 0.06666700000000003 0.354167 0.10897400000000002 0.268269 0.13461500000000004 0.18365399999999998 0.11217900000000003 0.149038 0.07179500000000005 0.12724400000000002 0.06666700000000003 0.170833 0.085897 0.229808 0.05320499999999995 0.30544899999999997 0.03397399999999995 0.28493599999999997 0.018589999999999995 0.24903799999999998 0.007692000000000032 0.225962 0.008333000000000035 0.316987 0.027564000000000033 0.36955099999999996 0.05897399999999997 0.36570499999999995
0 0.13782099999999997 0.873397 0.19615400000000005 0.8003210000000001 0.15064100000000002 0.786218 0.13525600000000004 0.768269 0.126923 0.7451920000000001 0.08205099999999999 0.791346 0.10961500000000002 0.829808 0.12243599999999999 0.859295 0.12884600000000002 0.878526
0 0.647436 0.986218 0.626923 0.958013 0.61859 0.932372 0.5769230000000001 0.947756 0.572436 0.911859 0.5673079999999999 0.895192 0.544231 0.901603 0.517949 0.901603 0.505128 0.8003210000000001 0.478846 0.79391 0.457692 0.8631409999999999 0.45320499999999997 0.929808 0.45064099999999996 0.99391 0.641667 0.992628
0 0.6576919999999999 0.733654 0.6583330000000001 0.664423 0.677564 0.6375 0.695513 0.5875 0.707692 0.563141 0.6596150000000001 0.520833 0.649359 0.520833 0.64359 0.497756 0.63141 0.46442300000000003 0.649359 0.415705 0.676282 0.38493599999999994 0.670513 0.292628 0.664744 0.27724400000000005 0.630769 0.24775599999999998 0.638462 0.358013 0.607051 0.36955099999999996 0.5961540000000001 0.395192 0.586538 0.46698700000000004 0.582692 0.502885 0.5660259999999999 0.518269 0.535256 0.5926279999999999 0.5730770000000001 0.624679 0.607051 0.578526 0.619231 0.615705 0.623718 0.688782 0.628846 0.79391 0.650641 0.755449
0 0.995513 0.906731 0.939103 0.9041669999999999 0.89359 0.895192 0.866026 0.884936 0.869872 0.856731 0.877564 0.833654 0.851282 0.818269 0.8038460000000001 0.715705 0.7993589999999999 0.666987 0.816667 0.6298079999999999 0.826282 0.588782 0.844231 0.547756 0.847436 0.6131409999999999 0.876282 0.665705 0.905769 0.729808 0.916026 0.756731 0.941667 0.752885 0.962179 0.768269 0.985897 0.814423 0.995513 0.832372 0.991667 0.869551
0 0.786538 0.599038 0.8006409999999999 0.563141 0.807051 0.564423 0.821795 0.518269 0.814744 0.506731 0.796795 0.49006400000000006 0.7826919999999999 0.46698700000000004 0.769872 0.47467899999999996 0.769231 0.541346 0.759615 0.5951919999999999 0.759615 0.604167 0.7814099999999999 0.6144229999999999
0 0.801282 0.45032099999999997 0.802564 0.40416700000000005 0.795513 0.351603 0.780769 0.332372 0.758333 0.34262800000000004 0.7403850000000001 0.36698699999999995 0.735897 0.397756 0.741026 0.42596199999999995 0.7826919999999999 0.438782
0 0.560897 0.442628 0.514744 0.432372 0.49230799999999997 0.452885 0.45384599999999997 0.502885 0.42243600000000003 0.564423 0.399359 0.582372 0.398718 0.556731 0.392308 0.4375 0.38782099999999997 0.372115 0.42371800000000004 0.358013 0.5275639999999999 0.308013 0.554487 0.32211500000000004 0.5673079999999999 0.356731 0.5743590000000001 0.40801299999999996
0 0.355128 0.691346 0.36217900000000003 0.6285259999999999 0.378846 0.564423 0.369231 0.527244 0.369231 0.440064 0.36666699999999997 0.413141 0.36474399999999996 0.40544899999999995 0.30512799999999995 0.46698700000000004 0.288462 0.47339699999999996 0.276282 0.520833 0.28653799999999996 0.5951919999999999 0.30064100000000005 0.64391 0.32499999999999996 0.664423 0.335256 0.692628
0 0.48717900000000003 0.26057699999999995 0.517308 0.19775600000000004 0.517949 0.18365399999999998 0.499359 0.147756 0.46538500000000005 0.146474 0.43269199999999997 0.19775600000000004 0.43076899999999996 0.251603 0.462179 0.27980799999999995 0.484615 0.27724400000000005
0 0.626923 0.208013 0.660256 0.149038 0.655769 0.12339699999999998 0.642949 0.07467900000000005 0.660256 0.05032099999999995 0.6788460000000001 0.013140999999999958 0.591026 0.049038000000000026 0.5589740000000001 0.05288499999999996 0.565385 0.12211499999999997 0.582692 0.204167 0.608333 0.20288499999999998
0 0.7993589999999999 0.08878200000000003 0.830769 0.03749999999999998 0.8391029999999999 0.009295000000000053 0.75641 0.005449000000000037 0.764103 0.03878199999999998 0.7801279999999999 0.061859 0.787179 0.07852599999999998
0 0.7173080000000001 0.12467899999999998 0.742308 0.08621800000000002 0.747436 0.05929499999999999 0.707051 0.04519200000000001 0.7032050000000001 0.06955100000000003 0.711538 0.10416700000000001
0 0.460897 0.02083299999999999 0.420513 0.07083300000000003 0.40384600000000004 0.082372 0.389744 0.04775600000000002 0.390385 0.03493599999999997 0.376923 0.013140999999999958 0.45641 0.005449000000000037
0 0.896795 0.5310900000000001 0.925 0.48365400000000003 0.952564 0.39134599999999997 0.9288460000000001 0.37852600000000003 0.888462 0.411859 0.857692 0.43109 0.846795 0.454167 0.892949 0.508013 0.892949 0.542628