0 0.03717899999999996 0.6528849999999999 0.055127999999999955 0.6131409999999999 0.10192299999999999 0.600321 0.11089700000000002 0.47083299999999995 0.08846200000000004 0.459295 0.047436000000000034 0.441346 0.020513000000000003 0.452885 0.0025640000000000107 0.501603 0.0012820000000000054 0.636218 0.019872 0.64391
0 0.22115399999999996 0.815705 0.292949 0.8003210000000001 0.274359 0.7464740000000001 0.266667 0.7246790000000001 0.28012800000000004 0.6092949999999999 0.271795 0.5900639999999999 0.265385 0.565705 0.20064099999999996 0.6336539999999999 0.18910300000000002 0.641346 0.17692300000000005 0.682372 0.18525599999999998 0.758013 0.19743599999999994 0.804167 0.19935899999999995 0.814423
0 0.562821 0.99391 0.559615 0.911859 0.542308 0.852885 0.5 0.841346 0.480769 0.890064 0.459615 0.936218 0.43076899999999996 0.992628
0 0.573718 0.777244 0.644872 0.713141 0.671154 0.683654 0.712179 0.664423 0.748077 0.616987 0.775641 0.5733969999999999 0.767949 0.5554490000000001 0.73141 0.5157050000000001 0.702564 0.49262799999999995 0.679487 0.528526 0.626282 0.579808 0.5961540000000001 0.618269 0.580128 0.6310899999999999 0.541026 0.615705 0.5096149999999999 0.6503209999999999 0.49102599999999996 0.682372 0.5108969999999999 0.755449 0.5519229999999999 0.732372 0.5589740000000001 0.749038
0 0.439103 0.884936 0.45384599999999997 0.813141 0.455769 0.756731 0.437821 0.7413460000000001 0.43333299999999997 0.678526 0.44743599999999994 0.623397 0.44807699999999995 0.559295 0.44166700000000003 0.538782 0.376282 0.49519199999999997 0.360256 0.518269 0.357692 0.5733969999999999 0.36666699999999997 0.6131409999999999 0.353205 0.6541669999999999 0.36217900000000003 0.692628 0.398718 0.747756 0.379487 0.783654 0.396795 0.804167 0.419231 0.847756 0.42435900000000004 0.877244 0.43076899999999996 0.8875
0 0.25 0.983654 0.22307699999999997 0.933654 0.16987200000000002 0.941346 0.167308 0.995192 0.24358999999999997 0.996474
0 0.162821 0.47083299999999995 0.18717899999999998 0.419551 0.20512799999999998 0.40801299999999996 0.21987199999999996 0.377244 0.21923099999999995 0.34775599999999995 0.209615 0.291346 0.21282100000000004 0.23878200000000005 0.207692 0.208013 0.142949 0.25544900000000004 0.13525600000000004 0.28237199999999996 0.13782099999999997 0.34262800000000004 0.13269200000000003 0.40416700000000005 0.13653800000000005 0.44775600000000004
0 0.334615 0.49006400000000006 0.353846 0.48493600000000003 0.35 0.420833 0.337179 0.40929499999999996 0.31923100000000004 0.396474 0.29615400000000003 0.434936 0.294231 0.455449
0 0.010897000000000046 0.338782 0.039103 0.338782 0.042949000000000015 0.334936 0.05128200000000005 0.286218 0.05320499999999995 0.251603 0.04230800000000001 0.21442300000000003 0.025641000000000025 0.18108999999999997 0.0025640000000000107 0.15416700000000005 0.0025640000000000107 0.34006400000000003
0 0.837821 0.36698699999999995 0.747436 0.38749999999999996 0.725 0.434936 0.7166669999999999 0.44519200000000003 0.641026 0.44519200000000003 0.636538 0.39134599999999997 0.599359 0.36698699999999995 0.561538 0.311859 0.514103 0.268269 0.412821 0.27596200000000004 0.375 0.19519200000000003 0.370513 0.17339700000000002 0.38397400000000004 0.03749999999999998 0.398077 0.005449000000000037 0.438462 0.051602999999999954 0.461538 0.02852600000000005 0.46923099999999995 0.013140999999999958 0.5519229999999999 0.004167000000000032 0.5589740000000001 0.05801299999999998 0.544872 0.13237200000000005 0.545513 0.17211500000000002 0.553205 0.20288499999999998 0.5903849999999999 0.26185899999999995 0.639744 0.308013 0.653205 0.296474 0.662821 0.20160299999999998 0.692949 0.13878199999999996 0.7378210000000001 0.168269 0.819231 0.24134599999999995 0.8403849999999999 0.28237199999999996
0 0.994872 0.5310900000000001 0.957051 0.5298080000000001 0.932692 0.606731 0.934615 0.668269 0.95641 0.708013 0.996154 0.701603
0 0.995513 0.806731 0.933974 0.786218 0.904487 0.918269 0.899359 0.978526 0.905769 0.996474 0.998718 0.99391
0 0.991026 0.21955100000000005 0.923077 0.23237200000000002 0.921795 0.21955100000000005 0.983974 0.03621799999999997 0.997436 0.004167000000000032 0.994872 0.13493599999999994
0 0.680769 0.102885 0.685256 0.016986999999999974 0.685897 0.008013000000000048 0.632692 0.01570499999999997 0.623077 0.07467900000000005 0.651923 0.11442300000000005
0 0.846795 0.05032099999999995 0.853846 0.01826899999999998 0.851923 0.005449000000000037 0.7858970000000001 0.009295000000000053 0.812179 0.05032099999999995 0.833974 0.05032099999999995
0 0.03461499999999995 0.07211500000000004 0.050000000000000044 0.03749999999999998 0.06538500000000003 0.004167000000000032 0.01474399999999998 0.009295000000000053 0.02179500000000001 0.04775600000000002