0 0.6525639999999999 0.8003210000000001 0.667308 0.7798080000000001 0.727564 0.770833 0.733333 0.7605770000000001 0.724359 0.719551 0.741026 0.715705 0.761538 0.696474 0.764744 0.641346 0.773077 0.602885 0.770513 0.5298080000000001 0.7608969999999999 0.46570500000000004 0.748077 0.451603 0.7128209999999999 0.463141 0.6961539999999999 0.506731 0.701282 0.560577 0.680769 0.599038 0.6320509999999999 0.636218 0.619872 0.666987 0.601282 0.758013 0.5538460000000001 0.765705 0.519872 0.7823720000000001 0.515385 0.873397 0.514103 0.969551 0.519872 0.992628 0.5467949999999999 0.979808 0.560897 0.94391 0.580128 0.9028849999999999 0.5903849999999999 0.8836539999999999 0.623077 0.8644229999999999 0.626923 0.834936 0.629487 0.799038
0 0.46410300000000004 0.983654 0.46538500000000005 0.923397 0.46474400000000005 0.854167 0.48846199999999995 0.834936 0.475641 0.8016030000000001 0.46410300000000004 0.796474 0.454487 0.796474 0.396154 0.820833 0.36859 0.820833 0.360897 0.8631409999999999 0.34487199999999996 0.960577 0.34807699999999997 0.978526 0.413462 0.9708330000000001 0.415385 0.990064 0.455128 0.995192
0 0.38141 0.7875 0.419231 0.740064 0.416026 0.704167 0.412821 0.6875 0.40256400000000003 0.663141 0.420513 0.6336539999999999 0.436538 0.618269 0.440385 0.599038 0.43205099999999996 0.54391 0.42307700000000004 0.5323720000000001 0.38269200000000003 0.520833 0.369231 0.540064 0.378205 0.5746789999999999 0.38333300000000003 0.6285259999999999 0.374359 0.6516029999999999 0.35641 0.6298079999999999 0.34551299999999996 0.6375 0.29679500000000003 0.677244 0.29935900000000004 0.73109 0.358974 0.777244 0.369872 0.802885
0 0.292949 0.94391 0.29807700000000004 0.869551 0.292308 0.852885 0.25641 0.849038 0.22371799999999997 0.811859 0.22051299999999996 0.8016030000000001 0.17371800000000004 0.790064 0.15448700000000004 0.8426279999999999 0.17243600000000003 0.941346 0.18525599999999998 0.960577 0.207692 0.940064 0.22243599999999997 0.906731 0.24294899999999997 0.923397 0.248718 0.936218 0.253205 0.94391
0 0.02692300000000003 0.979808 0.039744 0.910577 0.047436000000000034 0.872115 0.05448699999999995 0.836218 0.02948700000000004 0.790064 0.003846000000000016 0.7618590000000001 0.0032050000000000134 0.988782 0.01474399999999998 0.983654
0 0.20320499999999997 0.706731 0.209615 0.666987 0.232051 0.672115 0.23846199999999995 0.634936 0.23589700000000002 0.5926279999999999 0.233333 0.578526 0.22435899999999998 0.5298080000000001 0.22692299999999999 0.49262799999999995 0.23974399999999996 0.442628 0.228205 0.40544899999999995 0.228846 0.351603 0.20576899999999998 0.34775599999999995 0.19359000000000004 0.40544899999999995 0.18846200000000002 0.463141 0.19935899999999995 0.5131410000000001 0.19487200000000005 0.578526 0.17371800000000004 0.6131409999999999 0.15769200000000005 0.665705 0.15192300000000003 0.699038 0.164103 0.702885 0.18717899999999998 0.705449
0 0.516667 0.5298080000000001 0.510256 0.49006400000000006 0.503846 0.460577 0.499359 0.438782 0.503846 0.40929499999999996 0.48141 0.35929500000000003 0.458333 0.377244 0.46987199999999996 0.42596199999999995 0.46858999999999995 0.475962 0.46987199999999996 0.501603 0.477564 0.5310900000000001 0.502564 0.538782
0 0.353205 0.40288500000000005 0.35641 0.37852600000000003 0.33782100000000004 0.397756 0.32628199999999996 0.37852600000000003 0.32756399999999997 0.34903799999999996 0.33974400000000005 0.334936 0.34679499999999996 0.329808 0.34679499999999996 0.30416699999999997 0.32243599999999994 0.286218 0.30384599999999995 0.23365400000000003 0.30064100000000005 0.21057700000000001 0.29871800000000004 0.1875 0.291667 0.169551 0.274359 0.16185899999999998 0.269872 0.19647400000000004 0.27756400000000003 0.292628 0.28205100000000005 0.30544899999999997 0.29807700000000004 0.328526 0.30128200000000005 0.36442300000000005 0.294231 0.40416700000000005 0.30384599999999995 0.40544899999999995 0.335256 0.418269
0 0.91859 0.79391 0.913462 0.822115 0.913462 0.8618589999999999 0.905769 0.890064 0.886538 0.910577 0.876282 0.964423 0.865385 0.978526 0.853205 0.949038 0.8403849999999999 0.932372 0.829487 0.929808 0.834615 0.850321 0.8198719999999999 0.820833 0.80641 0.860577 0.792949 0.915705 0.775 0.906731 0.7608969999999999 0.820833 0.777564 0.795192 0.804487 0.774679 0.834615 0.7439100000000001 0.834615 0.696474 0.857051 0.6105769999999999 0.863462 0.541346 0.866667 0.5310900000000001 0.894872 0.563141 0.933974 0.596474 0.93141 0.659295 0.95 0.697756 0.946154 0.7451920000000001 0.919231 0.749038 0.898718 0.7413460000000001 0.890385 0.7605770000000001 0.9064099999999999 0.7810900000000001 0.921795 0.7810900000000001
0 0.8448720000000001 0.375962 0.871154 0.350321 0.875 0.316987 0.853205 0.296474 0.808333 0.318269 0.776923 0.36057700000000004 0.801282 0.36698699999999995
0 0.859615 0.25544900000000004 0.873077 0.18237199999999998 0.871795 0.12980800000000003 0.870513 0.11185900000000004 0.871154 0.013140999999999958 0.855128 0.008013000000000048 0.5660259999999999 0.005449000000000037 0.5346150000000001 0.07980799999999999 0.512821 0.11057700000000004 0.49230799999999997 0.18365399999999998 0.523077 0.15160300000000004 0.540385 0.168269 0.610256 0.21826900000000005 0.636538 0.19775600000000004 0.7006410000000001 0.15929499999999996 0.7391030000000001 0.169551 0.752564 0.14134599999999997 0.776923 0.12596200000000002 0.787179 0.15032100000000004 0.801282 0.19775600000000004 0.811538 0.23237200000000002 0.816026 0.24519199999999997 0.855128 0.23878200000000005
0 0.701282 0.40416700000000005 0.7224360000000001 0.36442300000000005 0.7224360000000001 0.32211500000000004 0.707051 0.270833 0.698718 0.208013 0.6923079999999999 0.19134600000000002 0.6839740000000001 0.18108999999999997 0.664744 0.19647400000000004 0.644231 0.228526 0.632692 0.24006400000000006 0.640385 0.28365399999999996 0.666667 0.268269 0.678205 0.311859 0.6743589999999999 0.36698699999999995 0.658974 0.40801299999999996 0.677564 0.40416700000000005
0 0.13012800000000002 0.274679 0.142308 0.21570500000000004 0.17756400000000006 0.19262800000000002 0.18397399999999997 0.18108999999999997 0.19999999999999996 0.18237199999999998 0.19551300000000005 0.14006399999999997 0.19294900000000004 0.10544900000000001 0.18974400000000002 0.082372 0.18012799999999995 0.02852600000000005 0.15641000000000005 0.004167000000000032 0.13269200000000003 0.013140999999999958 0.142949 0.063141 0.16153799999999996 0.08493600000000001 0.162821 0.10673100000000002 0.128205 0.12083299999999997 0.11025600000000002 0.12852600000000003 0.10256399999999999 0.190064 0.09551299999999996 0.23750000000000004 0.10961500000000002 0.26442299999999996
0 0.011538000000000048 0.499038 0.028205000000000036 0.49262799999999995 0.03397399999999995 0.46955100000000005 0.023718000000000017 0.419551 0.02243600000000001 0.38237200000000005 0.004487000000000019 0.36185900000000004 0.001923000000000008 0.49519199999999997
0 0.330128 0.6118589999999999 0.337179 0.5310900000000001 0.34038500000000005 0.505449 0.34038500000000005 0.48365400000000003 0.333974 0.475962 0.32051300000000005 0.48878200000000005 0.29807700000000004 0.5105770000000001 0.29871800000000004 0.541346 0.313462 0.615705
0 0.32243599999999994 0.043910000000000005 0.355769 0.013140999999999958 0.30769199999999997 0.0067310000000000425 0.30897399999999997 0.03493599999999997