0 0.794872 0.995192 0.780769 0.916987 0.769231 0.877244 0.74359 0.8631409999999999 0.7211540000000001 0.8836539999999999 0.705769 0.766987 0.6980770000000001 0.690064 0.6320509999999999 0.669551 0.5891029999999999 0.706731 0.5685899999999999 0.711859 0.5467949999999999 0.682372 0.508974 0.690064 0.504487 0.710577 0.500641 0.749038 0.51859 0.851603 0.5685899999999999 0.875962 0.582692 0.858013 0.589744 0.829808 0.604487 0.882372 0.603205 0.954167 0.587179 0.99391
0 0.987179 0.9028849999999999 0.932692 0.923397 0.907051 0.888782 0.890385 0.860577 0.834615 0.802885 0.812821 0.8016030000000001 0.832051 0.754167 0.847436 0.7426280000000001 0.880128 0.719551 0.910897 0.719551 0.935897 0.718269 0.985897 0.692628 0.997436 0.688782 0.998077 0.879808
0 0.998718 0.497756 0.983333 0.506731 0.942949 0.508013 0.953846 0.44519200000000003 0.951282 0.392628 0.944231 0.352885 0.941026 0.29391 0.973077 0.29391 0.998718 0.295192
0 0.917308 0.41057699999999997 0.912179 0.332372 0.905769 0.269551 0.9083330000000001 0.188782 0.884615 0.15032100000000004 0.841026 0.165705 0.817308 0.169551 0.814744 0.21314100000000002 0.832692 0.327244 0.837179 0.36185900000000004 0.85 0.377244 0.9083330000000001 0.415705
0 0.930769 0.668269 0.910897 0.5721149999999999 0.907051 0.546474 0.885256 0.5503210000000001 0.875 0.597756 0.8871789999999999 0.6336539999999999 0.907051 0.646474 0.916667 0.670833
0 0.7128209999999999 0.5721149999999999 0.725 0.522115 0.7211540000000001 0.458013 0.7185900000000001 0.433654 0.708974 0.455449 0.682051 0.5118590000000001 0.6583330000000001 0.44519200000000003 0.651923 0.413141 0.6320509999999999 0.40673099999999995 0.607051 0.42467900000000003 0.583333 0.460577 0.605128 0.5310900000000001 0.61859 0.565705 0.655769 0.5913459999999999 0.705769 0.578526
0 0.38333300000000003 0.988782 0.36602599999999996 0.922115 0.373077 0.886218 0.375 0.838782 0.36730799999999997 0.8003210000000001 0.350641 0.846474 0.32884599999999997 0.923397 0.31730800000000003 0.99391
0 0.310256 0.94391 0.31859000000000004 0.8644229999999999 0.30384599999999995 0.8451919999999999 0.32435899999999995 0.814423 0.32564099999999996 0.7798080000000001 0.27884600000000004 0.806731 0.250641 0.858013 0.270513 0.909295 0.28205100000000005 0.934936
0 0.19999999999999996 0.816987 0.19615400000000005 0.7439100000000001 0.19679500000000005 0.6875 0.20192299999999996 0.661859 0.17884599999999995 0.615705 0.17243600000000003 0.602885 0.142949 0.601603 0.11538499999999996 0.615705 0.11089700000000002 0.697756 0.13076900000000002 0.7221150000000001 0.15064100000000002 0.7798080000000001 0.164103 0.836218 0.18974400000000002 0.834936 0.20256399999999997 0.838782
0 0.34294899999999995 0.725962 0.36474399999999996 0.704167 0.38141 0.6310899999999999 0.34743599999999997 0.5939099999999999 0.32564099999999996 0.596474 0.31923100000000004 0.622115 0.31666700000000003 0.69391 0.29743600000000003 0.7221150000000001 0.32820499999999997 0.734936
0 0.414103 0.463141 0.45064099999999996 0.40544899999999995 0.462179 0.34391000000000005 0.45641 0.266987 0.45256399999999997 0.21698700000000004 0.44807699999999995 0.12980800000000003 0.43333299999999997 0.10416700000000001 0.40192300000000003 0.102885 0.38461500000000004 0.13878199999999996 0.38782099999999997 0.17980799999999997 0.36794899999999997 0.23621800000000004 0.337179 0.327244 0.353205 0.38365400000000005 0.376282 0.441346 0.394872 0.460577 0.40512800000000004 0.46442300000000003
0 0.5301279999999999 0.5375 0.50641 0.5105770000000001 0.516026 0.482372 0.526923 0.482372 0.526282 0.440064 0.49359 0.40416700000000005 0.46794899999999995 0.38621799999999995 0.458333 0.423397 0.473718 0.452885 0.475 0.49519199999999997 0.483333 0.5375 0.503846 0.558013 0.526282 0.5541670000000001
0 0.666026 0.25673100000000004 0.648718 0.24647399999999997 0.6153850000000001 0.252885 0.585897 0.24903799999999998 0.576282 0.23237200000000002 0.567949 0.24134599999999995 0.5493589999999999 0.21314100000000002 0.542308 0.190064 0.51859 0.15801299999999996 0.5070509999999999 0.11955099999999996 0.496154 0.06955100000000003 0.497436 0.027244000000000046 0.545513 0.056730999999999976 0.5935900000000001 0.11442300000000005 0.623718 0.14134599999999997 0.648077 0.13109000000000004 0.647436 0.09519200000000005 0.644872 0.051602999999999954 0.64359 0.008013000000000048 0.709615 0.005449000000000037 0.708974 0.051602999999999954 0.689744 0.10673100000000002 0.6814100000000001 0.146474 0.678205 0.186218 0.6730769999999999 0.227244
0 0.975 0.10801300000000003 0.955769 0.16185899999999998 0.9269229999999999 0.13365400000000005 0.908974 0.11185900000000004 0.9076919999999999 0.07211500000000004 0.916026 0.051602999999999954 0.935897 0.046474000000000015 0.954487 0.06698700000000002
0 0.275641 0.47339699999999996 0.22243599999999997 0.49262799999999995 0.20256399999999997 0.49647399999999997 0.18140999999999996 0.518269 0.15641000000000005 0.528526 0.15897399999999995 0.451603 0.16217899999999996 0.433654 0.18333299999999997 0.358013 0.18846200000000002 0.310577 0.19102600000000003 0.25673100000000004 0.21666700000000005 0.23750000000000004 0.253846 0.21442300000000003 0.30705099999999996 0.23237200000000002 0.310256 0.24006400000000006 0.30705099999999996 0.297756 0.29359 0.36057700000000004 0.288462 0.438782 0.28717899999999996 0.454167
0 0.03461499999999995 0.641346 0.04871800000000004 0.608013 0.06474400000000002 0.5528850000000001 0.04359000000000002 0.502885 0.0032050000000000134 0.48621800000000004 0.001923000000000008 0.646474
0 0.13333300000000003 0.310577 0.17179500000000003 0.250321 0.166667 0.16185899999999998 0.15769200000000005 0.12596200000000002 0.11794899999999997 0.184936 0.07499999999999996 0.22211499999999995 0.06987200000000005 0.250321 0.09551299999999996 0.288782 0.11153800000000003 0.306731
0 0.25641 0.11185900000000004 0.25897400000000004 0.051602999999999954 0.25769200000000003 0.0067310000000000425 0.142949 0.008013000000000048 0.16987200000000002 0.061859 0.209615 0.11698699999999995 0.230128 0.11826899999999996
0 0.353205 0.17724399999999996 0.376923 0.13749999999999996 0.369231 0.009295000000000053 0.271795 0.013140999999999958 0.31794900000000004 0.06442300000000001 0.314744 0.13237200000000005 0.31859000000000004 0.15801299999999996