0 0.15769200000000005 0.709295 0.19743599999999994 0.677244 0.208974 0.638782 0.211538 0.565705 0.19871799999999995 0.5516030000000001 0.18782100000000002 0.520833 0.20256399999999997 0.47211499999999995 0.17820499999999995 0.42596199999999995 0.147436 0.351603 0.11346199999999995 0.37083299999999997 0.10961500000000002 0.42980799999999997 0.09615399999999996 0.49519199999999997 0.09551299999999996 0.6144229999999999 0.13653800000000005 0.675962 0.146795 0.733654
0 0.392308 0.890064 0.389744 0.795192 0.38717900000000005 0.686218 0.375641 0.658013 0.352564 0.6336539999999999 0.34807699999999997 0.502885 0.34358999999999995 0.49519199999999997 0.332051 0.48365400000000003 0.329487 0.42980799999999997 0.333333 0.34519200000000005 0.333333 0.32083300000000003 0.30640999999999996 0.27596200000000004 0.289103 0.27596200000000004 0.28333299999999995 0.28237199999999996 0.28461499999999995 0.34262800000000004 0.295513 0.42980799999999997 0.29679500000000003 0.461859 0.29679500000000003 0.49519199999999997 0.273718 0.505449 0.251923 0.575962 0.28141000000000005 0.7246790000000001 0.29679500000000003 0.796474 0.30512799999999995 0.832372 0.35641 0.8426279999999999 0.36602599999999996 0.8875 0.371795 0.9041669999999999
0 0.416667 0.665705 0.42692300000000005 0.6323719999999999 0.44743599999999994 0.6144229999999999 0.46346200000000004 0.577244 0.439744 0.5721149999999999 0.42692300000000005 0.545192 0.42820499999999995 0.47083299999999995 0.41089699999999996 0.456731 0.39359 0.45032099999999997 0.392949 0.538782 0.40448700000000004 0.596474 0.397436 0.6131409999999999 0.38717900000000005 0.663141
0 0.542308 0.583654 0.557051 0.5310900000000001 0.578846 0.549038 0.605128 0.463141 0.5974360000000001 0.392628 0.5923080000000001 0.338782 0.5743590000000001 0.32083300000000003 0.5467949999999999 0.30032099999999995 0.499359 0.29391 0.476282 0.31955100000000003 0.482051 0.392628 0.505128 0.415705 0.521154 0.434936 0.517949 0.47339699999999996 0.51859 0.5105770000000001 0.5333330000000001 0.5516030000000001
0 0.398718 0.36314100000000005 0.42692300000000005 0.314423 0.45064099999999996 0.29391 0.434615 0.17467900000000003 0.41217899999999996 0.12467899999999998 0.40833299999999995 0.07083300000000003 0.390385 0.063141 0.36217900000000003 0.04775600000000002 0.32371799999999995 0.07852599999999998 0.30448699999999995 0.07083300000000003 0.309615 0.03493599999999997 0.314744 0.005449000000000037 0.248077 0.010576999999999948 0.21282100000000004 0.06570500000000001 0.20384599999999997 0.082372 0.21987199999999996 0.12596200000000002 0.21730799999999995 0.21185900000000002 0.24551299999999998 0.205449 0.26089700000000005 0.19903800000000005 0.266667 0.24134599999999995 0.27884600000000004 0.268269 0.27820500000000004 0.16442299999999999 0.31602600000000003 0.1875 0.34551299999999996 0.27852600000000005 0.371795 0.34262800000000004
0 0.0032050000000000134 0.40673099999999995 0.012179000000000051 0.38237200000000005 0.028205000000000036 0.358013 0.04871800000000004 0.338782 0.06346200000000002 0.32211500000000004 0.07692299999999996 0.291346 0.07307699999999995 0.270833 0.052564000000000055 0.250321 0.033332999999999946 0.227244 0.03205100000000005 0.19903800000000005 0.004487000000000019 0.15416700000000005
0 0.372436 0.982372 0.34166700000000005 0.920833 0.32435899999999995 0.9028849999999999 0.30705099999999996 0.888782 0.288462 0.879808 0.255769 0.88109 0.25897400000000004 0.918269 0.19102600000000003 0.991346 0.360256 0.995192
0 0.737179 0.884936 0.724359 0.751603 0.7128209999999999 0.697756 0.688462 0.69391 0.680769 0.664423 0.7173080000000001 0.583654 0.7403850000000001 0.586218 0.7608969999999999 0.608013 0.754487 0.64391 0.764103 0.69391 0.794872 0.697756 0.834615 0.640064 0.849359 0.5951919999999999 0.8230770000000001 0.506731 0.794231 0.49262799999999995 0.7833330000000001 0.442628 0.7403850000000001 0.373397 0.724359 0.332372 0.6788460000000001 0.418269 0.632692 0.586218 0.621154 0.624679 0.638462 0.672115 0.6583330000000001 0.7221150000000001 0.667949 0.777244 0.6801280000000001 0.890064 0.705769 0.932372
0 0.953846 0.30416699999999997 0.942949 0.21698700000000004 0.930769 0.17980799999999997 0.9269229999999999 0.10416700000000001 0.926282 0.0067310000000000425 0.867308 0.004167000000000032 0.83141 0.04519200000000001 0.8038460000000001 0.03749999999999998 0.805769 0.09262800000000004 0.817949 0.14262799999999998 0.81859 0.266987 0.842949 0.24134599999999995 0.889103 0.23878200000000005 0.913462 0.23109000000000002 0.921154 0.273397 0.930128 0.308013 0.938462 0.297756
0 0.991026 0.786218 0.975641 0.818269 0.942308 0.860577 0.900641 0.901603 0.878846 0.922115 0.869231 0.901603 0.863462 0.859295 0.884615 0.790064 0.913462 0.758013 0.957051 0.718269 0.952564 0.675962 0.977564 0.5913459999999999 0.998077 0.583654 0.998077 0.7631410000000001
0 0.536538 0.11698699999999995 0.552564 0.049038000000000026 0.58141 0.008013000000000048 0.500641 0.0067310000000000425 0.500641 0.03365399999999996 0.477564 0.03621799999999997 0.5 0.08493600000000001 0.5121789999999999 0.11442300000000005 0.524359 0.13109000000000004