0 0.878846 0.900321 0.894872 0.856731 0.912821 0.8439099999999999 0.933974 0.7426280000000001 0.941026 0.710577 0.939103 0.6541669999999999 0.933974 0.647756 0.878846 0.538782 0.849359 0.522115 0.835897 0.5310900000000001 0.822436 0.578526 0.792949 0.616987 0.765385 0.622115 0.757692 0.5708329999999999 0.741026 0.568269 0.719231 0.6298079999999999 0.708974 0.708013 0.708974 0.729808 0.729487 0.7631410000000001 0.747436 0.784936 0.747436 0.859295 0.7621789999999999 0.886218 0.775641 0.8375 0.778846 0.790064 0.788462 0.766987 0.8019229999999999 0.7618590000000001 0.8038460000000001 0.797756 0.795513 0.833654 0.8006409999999999 0.874679 0.828205 0.9041669999999999 0.846154 0.913141
0 0.622436 0.655449 0.651282 0.6298079999999999 0.682051 0.561859 0.6948719999999999 0.522115 0.710256 0.48878200000000005 0.713462 0.454167 0.691667 0.395192 0.6608970000000001 0.392628 0.6538459999999999 0.40288500000000005 0.624359 0.36955099999999996 0.605128 0.351603 0.535256 0.30288499999999996 0.5083329999999999 0.31955100000000003 0.482692 0.34134600000000004 0.482051 0.37980800000000003 0.485256 0.463141 0.485897 0.5746789999999999 0.485897 0.668269 0.551282 0.675962 0.605128 0.649038
0 0.478205 0.623397 0.46794899999999995 0.47211499999999995 0.460897 0.42980799999999997 0.42500000000000004 0.414423 0.34038500000000005 0.441346 0.32499999999999996 0.44391 0.315385 0.452885 0.33782100000000004 0.373397 0.32692299999999996 0.272115 0.31859000000000004 0.186218 0.30320499999999995 0.15032100000000004 0.273077 0.13878199999999996 0.24551299999999998 0.17211500000000002 0.264744 0.24390999999999996 0.273718 0.311859 0.25641 0.36314100000000005 0.24102599999999996 0.459295 0.22307699999999997 0.47339699999999996 0.21410300000000004 0.414423 0.21666700000000005 0.356731 0.162821 0.440064 0.16794900000000001 0.477244 0.20705099999999999 0.518269 0.254487 0.5528850000000001 0.32115400000000005 0.5951919999999999 0.337179 0.6131409999999999 0.38141 0.568269 0.45128199999999996 0.575962 0.458333 0.588782
0 0.36602599999999996 0.811859 0.400641 0.792628 0.41153799999999996 0.788782 0.41217899999999996 0.7618590000000001 0.400641 0.7439100000000001 0.390385 0.733654 0.36602599999999996 0.752885 0.31923100000000004 0.786218 0.30320499999999995 0.828526 0.332692 0.816987 0.349359 0.8003210000000001
0 0.695513 0.995192 0.64359 0.958013 0.6346149999999999 0.938782 0.622436 0.924679 0.603846 0.927244 0.5685899999999999 0.954167 0.545513 0.99391
0 0.434615 0.988782 0.439103 0.942628 0.455128 0.892628 0.434615 0.877244 0.40705100000000005 0.869551 0.394231 0.870833 0.38461500000000004 0.906731 0.376923 0.960577 0.375641 0.991346 0.42756400000000006 0.995192
0 0.34423099999999995 0.984936 0.332692 0.922115 0.32692299999999996 0.89391 0.31666700000000003 0.884936 0.290385 0.899038 0.26859 0.927244 0.252564 0.952885 0.23653800000000003 0.996474 0.33910300000000004 0.99391
0 0.18525599999999998 0.960577 0.20256399999999997 0.919551 0.19102600000000003 0.892628 0.17884599999999995 0.870833 0.166026 0.836218 0.15641000000000005 0.816987 0.105769 0.868269 0.07692299999999996 0.897756 0.07243599999999994 0.923397 0.087179 0.945192 0.13910299999999998 0.977244 0.17371800000000004 0.964423
0 0.14359 0.802885 0.15705100000000005 0.772115 0.17051300000000003 0.765705 0.17820499999999995 0.7464740000000001 0.17179500000000003 0.718269 0.146795 0.68109 0.13974399999999998 0.68109 0.11089700000000002 0.655449 0.087179 0.658013 0.06346200000000002 0.678526 0.05833299999999997 0.6875 0.04615400000000003 0.696474 0.08269199999999999 0.727244 0.104487 0.7439100000000001 0.11410299999999995 0.778526 0.125 0.7875
0 0.08140999999999998 0.990064 0.05640999999999996 0.950321 0.02948700000000004 0.908013 0.04230800000000001 0.856731 0.05384599999999995 0.8003210000000001 0.040385000000000004 0.810577 0.015384999999999982 0.838782 0.0032050000000000134 0.825962 0.001923000000000008 0.991346 0.04359000000000002 0.986218 0.06474400000000002 0.990064
0 0.09871799999999997 0.49134599999999995 0.13141000000000003 0.414423 0.15128200000000003 0.352885 0.146154 0.306731 0.16859000000000002 0.1875 0.230769 0.146474 0.24487199999999998 0.16185899999999998 0.247436 0.13621799999999995 0.24230799999999997 0.082372 0.232051 0.051602999999999954 0.18525599999999998 0.04519200000000001 0.16987200000000002 0.05801299999999998 0.15192300000000003 0.06955100000000003 0.142949 0.16314099999999998 0.12243599999999999 0.09647399999999995 0.08910300000000004 0.04775600000000002 0.06923100000000004 0.06826900000000002 0.07243599999999994 0.13493599999999994 0.08269199999999999 0.21570500000000004 0.06923100000000004 0.28237199999999996 0.018589999999999995 0.34519200000000005 0.014102999999999977 0.36185900000000004 0.03589699999999996 0.40160300000000004 0.04487200000000002 0.46570500000000004 0.040385000000000004 0.49006400000000006 0.07692299999999996 0.49262799999999995
0 0.5371790000000001 0.12596200000000002 0.546154 0.04775600000000002 0.5743590000000001 0.009295000000000053 0.45384599999999997 0.008013000000000048 0.473718 0.05032099999999995 0.48782099999999995 0.08878200000000003 0.503205 0.11570499999999995
0 0.684615 0.1875 0.7128209999999999 0.11955099999999996 0.723077 0.083654 0.708333 0.051602999999999954 0.686538 0.046474000000000015 0.667949 0.11698699999999995 0.648718 0.13749999999999996 0.651282 0.16442299999999999
0 0.38333300000000003 0.166987 0.375641 0.07980799999999999 0.359615 0.02596200000000004 0.332692 0.100321 0.333333 0.15032100000000004 0.36730799999999997 0.14390999999999998
0 0.8641030000000001 0.436218 0.86859 0.411859 0.876282 0.392628 0.876923 0.374679 0.851282 0.31955100000000003 0.834615 0.311859 0.8256410000000001 0.333654 0.8230770000000001 0.38109000000000004 0.828846 0.414423 0.845513 0.436218
0 0.99359 0.423397 0.957692 0.40929499999999996 0.941667 0.40416700000000005 0.920513 0.36826899999999996 0.889744 0.32083300000000003 0.872436 0.286218 0.871795 0.24390999999999996 0.880128 0.19775600000000004 0.835897 0.188782 0.822436 0.188782 0.801282 0.15032100000000004 0.750641 0.004167000000000032 0.883333 0.009295000000000053 0.895513 0.05032099999999995 0.919872 0.004167000000000032 0.972917 0.004167000000000032 0.948718 0.061859 0.9288460000000001 0.07980799999999999 0.922436 0.11185900000000004 0.9269229999999999 0.14134599999999997 0.954487 0.1875 0.987179 0.22211499999999995 0.998077 0.17724399999999996 0.998718 0.40288500000000005
0 0.019230999999999998 0.06570500000000001 0.037820999999999994 0.008013000000000048 0.0012820000000000054 0.0067310000000000425 0.003846000000000016 0.03621799999999997 0.012820999999999971 0.061859