0 0.5756410000000001 0.928526 0.601923 0.886218 0.6128210000000001 0.764423 0.6179490000000001 0.719551 0.596795 0.646474 0.5743590000000001 0.58109 0.567949 0.5708329999999999 0.530769 0.5708329999999999 0.520513 0.608013 0.516026 0.69391 0.5083329999999999 0.7451920000000001 0.505128 0.7631410000000001 0.485256 0.751603 0.47115399999999996 0.684936 0.46346200000000004 0.670833 0.44871799999999995 0.663141 0.419231 0.678526 0.42948699999999995 0.79391 0.43140999999999996 0.846474 0.460256 0.895192 0.5108969999999999 0.933654 0.5467949999999999 0.954167 0.567949 0.954167
0 0.916667 0.986218 0.925 0.924679 0.929487 0.908013 0.914744 0.838782 0.913462 0.810577 0.894231 0.786218 0.876923 0.792628 0.8448720000000001 0.8439099999999999 0.830769 0.892628 0.801282 0.914423 0.775641 0.933654 0.7814099999999999 0.991346 0.910897 0.995192
0 0.848718 0.777244 0.858333 0.727244 0.870513 0.706731 0.865385 0.669551 0.850641 0.638782 0.81859 0.675962 0.81859 0.713141 0.823718 0.756731 0.830769 0.774679
0 0.997436 0.897756 0.98141 0.8631409999999999 0.98141 0.814423 0.976923 0.797756 0.963462 0.79391 0.973077 0.7413460000000001 0.997436 0.682372
0 0.755128 0.38749999999999996 0.766667 0.333654 0.765385 0.270833 0.7608969999999999 0.26057699999999995 0.741026 0.25544900000000004 0.723077 0.27852600000000005 0.7032050000000001 0.308013 0.7198720000000001 0.350321 0.7378210000000001 0.373397 0.748718 0.392628
0 0.480769 0.475962 0.49038499999999996 0.38237200000000005 0.503205 0.34775599999999995 0.503846 0.327244 0.494872 0.30288499999999996 0.454487 0.333654 0.439744 0.37083299999999997 0.435897 0.42724399999999996 0.458974 0.463141 0.46730799999999995 0.48750000000000004
0 0.375 0.49647399999999997 0.416667 0.463141 0.399359 0.43109 0.371795 0.422115 0.375 0.377244 0.36602599999999996 0.352885 0.360897 0.327244 0.34487199999999996 0.328526 0.32179500000000005 0.377244 0.32371799999999995 0.42852599999999996 0.34230799999999995 0.460577 0.354487 0.47467899999999996
0 0.20512799999999998 0.98109 0.19166700000000003 0.945192 0.19935899999999995 0.884936 0.233333 0.820833 0.23974399999999996 0.775962 0.22051299999999996 0.736218 0.212179 0.706731 0.18910300000000002 0.672115 0.18525599999999998 0.6541669999999999 0.124359 0.663141 0.10833300000000001 0.688782 0.08782100000000004 0.710577 0.08269199999999999 0.758013 0.11987199999999998 0.79391 0.126923 0.8016030000000001 0.12307699999999999 0.825962 0.13141000000000003 0.865705 0.142308 0.9028849999999999 0.142949 0.911859 0.128205 0.984936 0.17756400000000006 0.979808
0 0.32051300000000005 0.979808 0.32756399999999997 0.959295 0.335256 0.936218 0.33974400000000005 0.9041669999999999 0.34038500000000005 0.846474 0.332692 0.813141 0.32051300000000005 0.7875 0.30576899999999996 0.8003210000000001 0.28076900000000005 0.850321 0.251282 0.8875 0.26859 0.945192 0.28653799999999996 0.961859 0.289103 0.979808 0.314103 0.992628
0 0.210897 0.438782 0.233333 0.413141 0.24423099999999998 0.372115 0.24038499999999996 0.332372 0.25705100000000003 0.31955100000000003 0.232692 0.273397 0.208974 0.273397 0.19294900000000004 0.30160299999999995 0.17500000000000004 0.34647399999999995 0.162821 0.38237200000000005 0.18333299999999997 0.42852599999999996 0.19615400000000005 0.4375
0 0.5326919999999999 0.990064 0.517949 0.964423 0.514744 0.94391 0.494872 0.958013 0.480769 0.990064
0 0.45256399999999997 0.225962 0.435256 0.190064 0.45128199999999996 0.15288500000000005 0.46602600000000005 0.12083299999999997 0.454487 0.07596199999999997 0.437179 0.063141 0.40705100000000005 0.082372 0.397436 0.166987 0.391667 0.21442300000000003 0.40384600000000004 0.23621800000000004 0.439744 0.24006400000000006