0 0.24423099999999998 0.89391 0.26859 0.851603 0.30064100000000005 0.832372 0.30192300000000005 0.790064 0.30128200000000005 0.747756 0.289744 0.7208330000000001 0.25961500000000004 0.679808 0.25705100000000003 0.669551 0.24038499999999996 0.668269 0.21538500000000005 0.700321 0.17884599999999995 0.727244 0.19166700000000003 0.7631410000000001 0.207692 0.7875 0.212179 0.814423 0.21858999999999995 0.847756 0.21730799999999995 0.877244 0.22435899999999998 0.895192
0 0.02179500000000001 0.865705 0.033332999999999946 0.832372 0.07371799999999995 0.8003210000000001 0.09679499999999996 0.791346 0.07756399999999997 0.755449 0.07371799999999995 0.7208330000000001 0.07115400000000005 0.695192 0.11346199999999995 0.6875 0.06859000000000004 0.608013 0.06410300000000002 0.602885 0.04102600000000001 0.618269 0.023718000000000017 0.669551 0.003846000000000016 0.7208330000000001 0.0032050000000000134 0.878526 0.012820999999999971 0.866987
0 0.11282099999999995 0.990064 0.105769 0.927244 0.07564099999999996 0.924679 0.05833299999999997 0.959295 0.04487200000000002 0.991346 0.103846 0.988782
0 0.27948700000000004 0.479808 0.28717899999999996 0.42852599999999996 0.313462 0.40160300000000004 0.309615 0.38109000000000004 0.28461499999999995 0.36570499999999995 0.27756400000000003 0.338782 0.265385 0.329808 0.253205 0.33109 0.23974399999999996 0.350321 0.21923099999999995 0.399038 0.20705099999999999 0.436218 0.208333 0.460577 0.229487 0.451603 0.24166699999999997 0.463141 0.255128 0.47083299999999995 0.267949 0.46826900000000005 0.27884600000000004 0.49390999999999996
0 0.5782050000000001 0.434936 0.583974 0.399038 0.570513 0.36057700000000004 0.5756410000000001 0.32467900000000005 0.5878209999999999 0.30416699999999997 0.591026 0.27724400000000005 0.557051 0.227244 0.541667 0.19775600000000004 0.514103 0.205449 0.48717900000000003 0.250321 0.46602600000000005 0.28237199999999996 0.454487 0.30288499999999996 0.435897 0.34134600000000004 0.42948699999999995 0.399038 0.44551300000000005 0.419551 0.495513 0.416987 0.525641 0.42852599999999996 0.5564100000000001 0.440064
0 0.748077 0.670833 0.755769 0.620833 0.732692 0.601603 0.728205 0.556731 0.746154 0.527244 0.776282 0.509295 0.778846 0.497756 0.771795 0.460577 0.749359 0.422115 0.689103 0.40544899999999995 0.677564 0.44775600000000004 0.6769229999999999 0.500321 0.660256 0.523397 0.6538459999999999 0.5913459999999999 0.646154 0.640064 0.647436 0.664423 0.670513 0.666987 0.708333 0.697756 0.735897 0.684936
0 0.607051 0.695192 0.610897 0.670833 0.624359 0.6375 0.624359 0.605449 0.603846 0.5926279999999999 0.5916669999999999 0.586218 0.552564 0.588782 0.525 0.624679 0.523077 0.655449 0.529487 0.679808 0.562179 0.68109 0.580769 0.683654 0.598077 0.699038
0 0.998077 0.6310899999999999 0.986538 0.623397 0.958974 0.5926279999999999 0.944872 0.5913459999999999 0.933974 0.579808 0.936538 0.5541670000000001 0.939103 0.5323720000000001 0.913462 0.497756 0.907051 0.48109 0.903205 0.46570500000000004 0.891667 0.519551 0.8435900000000001 0.500321 0.832692 0.482372 0.8243590000000001 0.42852599999999996 0.8448720000000001 0.397756 0.870513 0.38878199999999996 0.923718 0.358013 0.945513 0.356731 0.9666669999999999 0.36955099999999996 0.998077 0.42724399999999996
0 0.750641 0.32211500000000004 0.75 0.26057699999999995 0.7378210000000001 0.23109000000000002 0.7185900000000001 0.22211499999999995 0.704487 0.25673100000000004 0.695513 0.27852600000000005 0.7 0.32211500000000004 0.728205 0.34134600000000004 0.7416670000000001 0.34903799999999996
0 0.164103 0.708013 0.16987200000000002 0.700321 0.18140999999999996 0.69391 0.19807699999999995 0.677244 0.19999999999999996 0.640064 0.19999999999999996 0.6298079999999999 0.19102600000000003 0.606731 0.17435900000000004 0.604167 0.15576900000000005 0.606731 0.146154 0.638782 0.144231 0.682372 0.15128200000000003 0.709295
0 0.376923 0.925962 0.399359 0.892628 0.40641000000000005 0.868269 0.392308 0.83109 0.369231 0.829808 0.348718 0.828526 0.32179500000000005 0.869551 0.313462 0.9028849999999999 0.32307699999999995 0.936218 0.355128 0.925962 0.36666699999999997 0.919551
0 0.648718 0.872115 0.653205 0.814423 0.655769 0.7823720000000001 0.657051 0.736218 0.644872 0.7233970000000001 0.625 0.7246790000000001 0.625 0.774679 0.6128210000000001 0.825962 0.598077 0.866987 0.596795 0.89391 0.6153850000000001 0.890064 0.638462 0.884936
0 0.501282 0.924679 0.517949 0.88109 0.5326919999999999 0.850321 0.537821 0.814423 0.524359 0.777244 0.5121789999999999 0.740064 0.501923 0.729808 0.49102599999999996 0.7631410000000001 0.483333 0.8233969999999999 0.482051 0.892628 0.48782099999999995 0.925962
0 0.8243590000000001 0.8003210000000001 0.86859 0.790064 0.871154 0.752885 0.833333 0.728526 0.7833330000000001 0.715705 0.757051 0.736218 0.776282 0.766987 0.796154 0.774679 0.805769 0.792628
0 0.8423080000000001 0.14006399999999997 0.830128 0.09391000000000005 0.838462 0.07339700000000005 0.853205 0.041345999999999994 0.849359 0.010576999999999948 0.81859 0.004167000000000032 0.764744 0.010576999999999948 0.7826919999999999 0.08109 0.792308 0.11955099999999996 0.797436 0.149038 0.8198719999999999 0.16185899999999998 0.834615 0.147756