0 0.882692 0.8003210000000001 0.891667 0.750321 0.8256410000000001 0.682372 0.7993589999999999 0.658013 0.771154 0.666987 0.73141 0.740064 0.726923 0.795192 0.728846 0.859295 0.745513 0.8836539999999999 0.771795 0.874679 0.772436 0.8016030000000001 0.780769 0.768269 0.805769 0.764423 0.807692 0.822115 0.805769 0.859295 0.846795 0.834936 0.867949 0.818269
0 0.654487 0.7798080000000001 0.682051 0.733654 0.702564 0.682372 0.675 0.618269 0.651923 0.599038 0.641026 0.541346 0.601282 0.536218 0.594231 0.619551 0.5923080000000001 0.704167 0.607692 0.777244 0.633974 0.772115
0 0.726923 0.524679 0.76859 0.504167 0.8051280000000001 0.46570500000000004 0.798077 0.377244 0.75641 0.329808 0.725 0.328526 0.709615 0.37980800000000003 0.703846 0.47211499999999995
0 0.501923 0.814423 0.522436 0.7618590000000001 0.503205 0.718269 0.49230799999999997 0.658013 0.482051 0.641346 0.480769 0.5349360000000001 0.38525600000000004 0.40929499999999996 0.36410299999999995 0.42724399999999996 0.371795 0.47339699999999996 0.36538499999999996 0.646474 0.36602599999999996 0.774679 0.378205 0.810577 0.42243600000000003 0.8246789999999999 0.475 0.813141
0 0.105128 0.42724399999999996 0.128205 0.399038 0.144872 0.36955099999999996 0.16217899999999996 0.327244 0.15512800000000004 0.311859 0.15320500000000004 0.227244 0.10192299999999999 0.25544900000000004 0.08269199999999999 0.31955100000000003 0.07051300000000005 0.37852600000000003 0.07435899999999995 0.40032100000000004 0.083974 0.416987
0 0.42884599999999995 0.27724400000000005 0.437179 0.23493600000000003 0.44743599999999994 0.204167 0.476923 0.170833 0.522436 0.100321 0.529487 0.008013000000000048 0.353846 0.009295000000000053 0.358333 0.063141 0.34230799999999995 0.10801300000000003 0.34166700000000005 0.19134600000000002 0.330769 0.25416700000000003 0.376923 0.24134599999999995 0.396795 0.27596200000000004 0.42371800000000004 0.28493599999999997
0 0.5493589999999999 0.350321 0.544231 0.25544900000000004 0.5551280000000001 0.22083299999999995 0.5564100000000001 0.17724399999999996 0.524359 0.19262800000000002 0.503205 0.306731 0.517949 0.34134600000000004 0.5551280000000001 0.358013
0 0.657051 0.316987 0.669872 0.270833 0.663462 0.251603 0.644872 0.228526 0.628846 0.21314100000000002 0.605128 0.21442300000000003 0.586538 0.25416700000000003 0.567949 0.314423 0.608333 0.310577 0.642949 0.32211500000000004
0 0.822436 0.14006399999999997 0.838462 0.11442300000000005 0.8448720000000001 0.05544899999999997 0.850641 0.0067310000000000425 0.732051 0.008013000000000048 0.729487 0.032371999999999956 0.7185900000000001 0.051602999999999954 0.703846 0.06442300000000001 0.682051 0.146474 0.701282 0.190064 0.794872 0.18108999999999997
0 0.963462 0.09903799999999996 0.974359 0.06826900000000002 0.976923 0.013140999999999958 0.871795 0.005449000000000037 0.860256 0.042628 0.861538 0.09519200000000005 0.874359 0.12724400000000002 0.901923 0.12596200000000002 0.938462 0.100321 0.955769 0.11057700000000004
0 0.02884600000000004 0.329808 0.03653799999999996 0.290064 0.03461499999999995 0.25416700000000003 0.03141000000000005 0.20160299999999998 0.03397399999999995 0.18365399999999998 0.06346200000000002 0.19134600000000002 0.07499999999999996 0.22467899999999996 0.10256399999999999 0.206731 0.07820499999999997 0.17211500000000002 0.06859000000000004 0.09775599999999995 0.11282099999999995 0.008013000000000048 0.0032050000000000134 0.009295000000000053 0.0032050000000000134 0.09391000000000005 0.016666999999999987 0.11955099999999996 0.003846000000000016 0.16442299999999999 0.0025640000000000107 0.329808