0 0.32564099999999996 0.895192 0.33974400000000005 0.840064 0.360256 0.770833 0.360256 0.756731 0.33782100000000004 0.728526 0.30833299999999997 0.695192 0.27756400000000003 0.673397 0.25705100000000003 0.679808 0.21923099999999995 0.696474 0.19038500000000003 0.6875 0.17051300000000003 0.716987 0.15512800000000004 0.765705 0.211538 0.799038 0.229487 0.8439099999999999 0.22115399999999996 0.9028849999999999 0.232051 0.920833 0.249359 0.906731 0.28076900000000005 0.877244 0.30897399999999997 0.8875
0 0.15256400000000003 0.8375 0.18397399999999997 0.827244 0.18589699999999998 0.816987 0.15833299999999995 0.773397 0.123718 0.696474 0.15576900000000005 0.659295 0.15897399999999995 0.578526 0.10961500000000002 0.5516030000000001 0.07499999999999996 0.540064 0.04359000000000002 0.568269 0.04615400000000003 0.616987 0.04615400000000003 0.686218 0.042949000000000015 0.7233970000000001 0.042949000000000015 0.802885 0.08782100000000004 0.813141 0.13525600000000004 0.828526
0 0.542308 0.813141 0.542949 0.7375 0.5551280000000001 0.673397 0.542949 0.6131409999999999 0.5108969999999999 0.549038 0.5083329999999999 0.5157050000000001 0.49038499999999996 0.46826900000000005 0.45320499999999997 0.432372 0.439103 0.41057699999999997 0.419872 0.38109000000000004 0.374359 0.374679 0.352564 0.38237200000000005 0.329487 0.43109 0.32564099999999996 0.504167 0.35 0.545192 0.36217900000000003 0.5323720000000001 0.369872 0.46955100000000005 0.392949 0.47083299999999995 0.40192300000000003 0.5336540000000001 0.40192300000000003 0.596474 0.391667 0.664423 0.4 0.700321 0.42115400000000003 0.728526 0.398077 0.8003210000000001 0.40448700000000004 0.8875 0.43205099999999996 0.847756 0.457051 0.799038 0.476282 0.816987 0.513462 0.841346 0.5506409999999999 0.866987 0.5467949999999999 0.832372
0 0.614744 0.820833 0.646154 0.809295 0.663462 0.804167 0.649359 0.732372 0.648077 0.677244 0.6358969999999999 0.666987 0.621154 0.710577 0.598718 0.711859 0.601282 0.672115 0.588462 0.699038 0.5891029999999999 0.734936
0 0.696795 0.58109 0.702564 0.525962 0.703846 0.479808 0.707692 0.44519200000000003 0.730128 0.418269 0.742308 0.395192 0.744872 0.352885 0.737179 0.31955100000000003 0.714744 0.28493599999999997 0.684615 0.290064 0.662821 0.30544899999999997 0.647436 0.33109 0.642949 0.436218 0.628205 0.46955100000000005 0.6179490000000001 0.5144230000000001 0.626923 0.561859 0.667949 0.5900639999999999
0 0.883333 0.915705 0.877564 0.816987 0.845513 0.783654 0.857051 0.663141 0.866667 0.5926279999999999 0.876282 0.5375 0.883333 0.509295 0.885897 0.47467899999999996 0.862179 0.451603 0.8019229999999999 0.47339699999999996 0.783974 0.5118590000000001 0.778846 0.622115 0.785256 0.706731 0.792308 0.752885 0.757692 0.829808 0.759615 0.886218 0.797436 0.868269 0.825 0.83109 0.8435900000000001 0.9028849999999999 0.871154 0.925962
0 0.716026 0.979808 0.690385 0.933654 0.664103 0.908013 0.628205 0.901603 0.5961540000000001 0.920833 0.577564 0.960577 0.563462 0.996474 0.705769 0.992628
0 0.846795 0.21057700000000001 0.833333 0.10801300000000003 0.828205 0.06826900000000002 0.848718 0.03108999999999995 0.859615 0.011858999999999953 0.759615 0.005449000000000037 0.775 0.10416700000000001 0.778205 0.16442299999999999 0.7833330000000001 0.21826900000000005 0.819231 0.23621800000000004 0.836538 0.228526
0 0.43140999999999996 0.26570499999999997 0.473718 0.252885 0.460256 0.15160300000000004 0.43269199999999997 0.15160300000000004 0.400641 0.145192 0.401282 0.09647399999999995 0.389103 0.09262800000000004 0.357692 0.12467899999999998 0.369872 0.209295 0.40320500000000004 0.25416700000000003
0 0.13012800000000002 0.499038 0.146154 0.46826900000000005 0.16217899999999996 0.46826900000000005 0.17435900000000004 0.40416700000000005 0.14871800000000002 0.36570499999999995 0.13910299999999998 0.34903799999999996 0.083974 0.452885 0.09935899999999998 0.502885
0 0.21987199999999996 0.49519199999999997 0.247436 0.47467899999999996 0.249359 0.42980799999999997 0.24423099999999998 0.40929499999999996 0.228846 0.411859 0.21923099999999995 0.463141
0 0.270513 0.26442299999999996 0.30897399999999997 0.19647400000000004 0.28076900000000005 0.13878199999999996 0.28653799999999996 0.083654 0.28589699999999996 0.011858999999999953 0.0070510000000000295 0.0067310000000000425 0.0032050000000000134 0.101603 0.07628199999999996 0.07467900000000005 0.11923099999999998 0.07724399999999998 0.167308 0.08750000000000002 0.18076899999999996 0.169551 0.249359 0.25673100000000004 0.273718 0.24903799999999998
0 0.964744 0.625962 0.983333 0.5900639999999999 0.994231 0.528526 0.983333 0.452885 0.960897 0.416987 0.949359 0.419551 0.942949 0.49006400000000006 0.942949 0.5131410000000001 0.960256 0.549038 0.946795 0.5900639999999999 0.95 0.6298079999999999
0 0.994872 0.879808 0.982692 0.8836539999999999 0.972436 0.825962 0.969231 0.778526 0.980128 0.758013 0.998718 0.7875 0.998718 0.859295