0 0.13653800000000005 0.810577 0.166026 0.770833 0.18140999999999996 0.754167 0.17948699999999995 0.727244 0.16153799999999996 0.686218 0.17435900000000004 0.625962 0.163462 0.615705 0.13269200000000003 0.655449 0.10769200000000001 0.620833 0.08974400000000005 0.6131409999999999 0.07692299999999996 0.627244 0.060255999999999976 0.68109 0.05448699999999995 0.699038 0.06410300000000002 0.777244 0.07756399999999997 0.813141 0.09999999999999998 0.8003210000000001 0.11089700000000002 0.8003210000000001
0 0.357692 0.884936 0.38333300000000003 0.833654 0.412821 0.8233969999999999 0.415385 0.788782 0.42628200000000005 0.738782 0.42307700000000004 0.6875 0.42307700000000004 0.673397 0.419872 0.6503209999999999 0.397436 0.663141 0.389744 0.678526 0.373718 0.695192 0.358974 0.713141 0.355769 0.714423 0.32692299999999996 0.758013 0.31987200000000005 0.79391 0.310897 0.855449 0.32179500000000005 0.878526 0.350641 0.8875
0 0.5301279999999999 0.991346 0.521154 0.932372 0.520513 0.886218 0.5288459999999999 0.855449 0.529487 0.847756 0.522436 0.841346 0.5108969999999999 0.8618589999999999 0.49038499999999996 0.872115 0.46987199999999996 0.923397 0.460897 0.996474 0.519231 0.992628
0 0.7846150000000001 0.978526 0.787821 0.929808 0.777564 0.884936 0.770513 0.8246789999999999 0.724359 0.777244 0.663462 0.728526 0.622436 0.716987 0.600641 0.7426280000000001 0.601282 0.7875 0.6141030000000001 0.8003210000000001 0.639103 0.866987 0.646795 0.89391 0.685897 0.995192 0.776923 0.99391
0 0.901282 0.979808 0.910256 0.929808 0.917949 0.9041669999999999 0.932051 0.8631409999999999 0.935256 0.8375 0.921795 0.799038 0.895513 0.769551 0.861538 0.752885 0.838462 0.775962 0.814103 0.8003210000000001 0.795513 0.8618589999999999 0.811538 0.890064 0.825 0.942628 0.8391029999999999 0.974679 0.849359 0.941346 0.863462 0.94391 0.867308 0.9708330000000001 0.889744 0.988782
0 0.924359 0.682372 0.954487 0.670833 0.972436 0.68109 0.969231 0.640064 0.982051 0.624679 0.988462 0.608013 0.982692 0.5541670000000001 0.942308 0.49134599999999995 0.924359 0.44647400000000004 0.902564 0.475962 0.902564 0.500321 0.903846 0.583654 0.9076919999999999 0.670833
0 0.603846 0.683654 0.622436 0.649038 0.621154 0.586218 0.624359 0.519551 0.627564 0.423397 0.625641 0.36570499999999995 0.623077 0.309295 0.601282 0.26057699999999995 0.5711539999999999 0.24903799999999998 0.554487 0.24262799999999995 0.496795 0.29391 0.46666700000000005 0.354167 0.458333 0.415705 0.500641 0.5336540000000001 0.526923 0.5695509999999999 0.5371790000000001 0.602885 0.541667 0.647756 0.5730770000000001 0.669551 0.588462 0.678526
0 0.29743600000000003 0.696474 0.329487 0.677244 0.361538 0.665705 0.38525600000000004 0.616987 0.397436 0.564423 0.40769200000000005 0.524679 0.419231 0.528526 0.420513 0.48493600000000003 0.40961499999999995 0.44391 0.38397400000000004 0.440064 0.361538 0.42980799999999997 0.333974 0.414423 0.289744 0.40288500000000005 0.26153800000000005 0.414423 0.246795 0.475962 0.248077 0.516987 0.23910299999999995 0.588782 0.252564 0.6310899999999999 0.252564 0.705449 0.27884600000000004 0.7439100000000001 0.291026 0.719551
0 0.25769200000000003 0.866987 0.275 0.832372 0.26153800000000005 0.8016030000000001 0.255769 0.7439100000000001 0.229487 0.740064 0.21282100000000004 0.795192 0.22307699999999997 0.8246789999999999
0 0.289103 0.9875 0.28461499999999995 0.954167 0.27884600000000004 0.945192 0.23397400000000002 0.920833 0.21602600000000005 0.910577 0.20128199999999996 0.9375 0.18076899999999996 0.995192 0.27948700000000004 0.992628
0 0.13910299999999998 0.991346 0.15576900000000005 0.960577 0.15256400000000003 0.933654 0.15128200000000003 0.916987 0.142949 0.906731 0.13269200000000003 0.909295 0.11153800000000003 0.946474 0.08076899999999998 0.975962 0.05833299999999997 0.996474
0 0.042949000000000015 0.992628 0.035255999999999954 0.933654 0.027564000000000033 0.897756 0.007692000000000032 0.901603 0.0012820000000000054 0.923397 0.0025640000000000107 0.992628
0 0.03589699999999996 0.418269 0.05576899999999996 0.375962 0.06153799999999998 0.38749999999999996 0.08012799999999998 0.413141 0.087179 0.38365400000000005 0.08205099999999999 0.3375 0.08974400000000005 0.310577 0.11346199999999995 0.24647399999999997 0.147436 0.19775600000000004 0.13205100000000003 0.170833 0.09423099999999995 0.1875 0.062178999999999984 0.25544900000000004 0.05064100000000005 0.306731 0.026282000000000028 0.355449 0.019230999999999998 0.38749999999999996 0.02884600000000004 0.40801299999999996
0 0.476282 0.09775599999999995 0.497436 0.054166999999999965 0.497436 0.01570499999999997 0.49102599999999996 0.0028850000000000264 0.43269199999999997 0.009295000000000053 0.44807699999999995 0.06826900000000002
0 0.811538 0.538782 0.807692 0.48878200000000005 0.8019229999999999 0.463141 0.791026 0.45032099999999997 0.766667 0.506731 0.762821 0.5349360000000001 0.8 0.545192
0 0.838462 0.454167 0.853846 0.49134599999999995 0.867308 0.44391 0.858333 0.413141 0.839744 0.38237200000000005 0.830128 0.358013 0.820513 0.34775599999999995 0.8019229999999999 0.36057700000000004 0.794231 0.40416700000000005 0.808974 0.43109 0.819231 0.436218
0 0.006410000000000027 0.23493600000000003 0.025000000000000022 0.15416700000000005 0.039744 0.101603 0.05192300000000005 0.06057699999999999 0.06538500000000003 0.016986999999999974 0.0032050000000000134 0.010576999999999948
0 0.11025600000000002 0.508013 0.14807700000000001 0.479808 0.16923100000000002 0.39391 0.16153799999999996 0.327244 0.15256400000000003 0.30416699999999997 0.14359 0.28108999999999995 0.124359 0.297756 0.10897400000000002 0.34262800000000004 0.11153800000000003 0.40673099999999995 0.11153800000000003 0.46698700000000004