0 0.991667 0.978526 0.964103 0.974679 0.951282 0.947756 0.938462 0.911859 0.908974 0.932372 0.8641030000000001 0.974679 0.8628210000000001 0.991346 0.995513 0.99391
0 0.695513 0.568269 0.692949 0.549038 0.7032050000000001 0.536218 0.73141 0.520833 0.746795 0.475962 0.75 0.423397 0.744231 0.373397 0.721795 0.36442300000000005 0.678205 0.38621799999999995 0.6717949999999999 0.36185900000000004 0.686538 0.334936 0.6980770000000001 0.292628 0.6788460000000001 0.273397 0.670513 0.24903799999999998 0.673718 0.186218 0.676282 0.17339700000000002 0.6826920000000001 0.12596200000000002 0.6583330000000001 0.09134600000000004 0.644872 0.06057699999999999 0.6333329999999999 0.0067310000000000425 0.526923 0.005449000000000037 0.515385 0.03749999999999998 0.485256 0.07596199999999997 0.47243599999999997 0.09262800000000004 0.460256 0.14390999999999998 0.457692 0.20160299999999998 0.46794899999999995 0.20288499999999998 0.475641 0.251603 0.48717900000000003 0.30416699999999997 0.510256 0.328526 0.5275639999999999 0.34134600000000004 0.55 0.351603 0.563462 0.38109000000000004 0.5711539999999999 0.395192 0.561538 0.42596199999999995 0.5506409999999999 0.456731 0.544231 0.49519199999999997 0.575 0.527244 0.608333 0.5144230000000001 0.641667 0.506731 0.651282 0.47467899999999996 0.651923 0.460577 0.667308 0.46955100000000005 0.6756409999999999 0.48878200000000005 0.669231 0.5105770000000001 0.658974 0.5310900000000001 0.687179 0.578526
0 0.5891029999999999 0.969551 0.603205 0.955449 0.637821 0.940064 0.6525639999999999 0.915705 0.654487 0.897756 0.640385 0.859295 0.630128 0.833654 0.625641 0.811859 0.6179490000000001 0.790064 0.5961540000000001 0.783654 0.5743590000000001 0.809295 0.5660259999999999 0.8426279999999999 0.565385 0.886218 0.5743590000000001 0.929808
0 0.767949 0.6285259999999999 0.787179 0.615705 0.805769 0.608013 0.789103 0.5733969999999999 0.776923 0.568269 0.757051 0.5721149999999999 0.750641 0.586218 0.760256 0.624679
0 0.8211539999999999 0.432372 0.8641030000000001 0.38621799999999995 0.877564 0.37852600000000003 0.898077 0.38749999999999996 0.9064099999999999 0.3375 0.919231 0.328526 0.913462 0.296474 0.919231 0.27596200000000004 0.91859 0.26185899999999995 0.901923 0.273397 0.885897 0.291346 0.853205 0.316987 0.8416669999999999 0.338782 0.823718 0.36698699999999995 0.810256 0.40288500000000005
0 0.8628210000000001 0.17724399999999996 0.860897 0.14262799999999998 0.870513 0.13621799999999995 0.892308 0.12339699999999998 0.917308 0.08493600000000001 0.937821 0.056730999999999976 0.923718 0.02596200000000004 0.902564 0.03493599999999997 0.873718 0.063141 0.859615 0.09134600000000004 0.8448720000000001 0.11570499999999995 0.835256 0.13237200000000005 0.825 0.145192 0.825 0.15929499999999996 0.836538 0.16314099999999998 0.83141 0.19134600000000002 0.833974 0.19775600000000004 0.855769 0.18108999999999997
0 0.7608969999999999 0.288782 0.772436 0.25416700000000003 0.757692 0.21442300000000003 0.75641 0.17980799999999997 0.760256 0.16314099999999998 0.7403850000000001 0.165705 0.730128 0.16057699999999997 0.712179 0.17596199999999995 0.726282 0.21185900000000002 0.7141029999999999 0.24390999999999996 0.710256 0.26442299999999996 0.7224360000000001 0.296474 0.732051 0.296474 0.744872 0.27724400000000005
0 0.47115399999999996 0.44519200000000003 0.46923099999999995 0.422115 0.46474400000000005 0.40416700000000005 0.476282 0.37980800000000003 0.479487 0.373397 0.44807699999999995 0.333654 0.437179 0.33109 0.412821 0.338782 0.41153799999999996 0.36057700000000004 0.414744 0.40288500000000005 0.42179500000000003 0.422115 0.43397399999999997 0.42596199999999995 0.44359000000000004 0.434936 0.458333 0.455449 0.46858999999999995 0.458013
0 0.36794899999999997 0.977244 0.376923 0.950321 0.39359 0.947756 0.40769200000000005 0.94391 0.42307700000000004 0.896474 0.437179 0.851603 0.440385 0.832372 0.419231 0.806731 0.401282 0.791346 0.40384600000000004 0.758013 0.394231 0.736218 0.377564 0.714423 0.353205 0.699038 0.34230799999999995 0.718269 0.34807699999999997 0.822115 0.34230799999999995 0.850321 0.32243599999999994 0.910577 0.32628199999999996 0.972115 0.34807699999999997 0.965705
0 0.267308 0.978526 0.24166699999999997 0.977244 0.21602600000000005 0.973397 0.21346200000000004 0.9041669999999999 0.19615400000000005 0.8875 0.16859000000000002 0.910577 0.14102599999999998 0.995192 0.263462 0.996474
0 0.027564000000000033 0.769551 0.057691999999999966 0.747756 0.10256399999999999 0.729808 0.125 0.69391 0.142308 0.6516029999999999 0.17884599999999995 0.674679 0.211538 0.691346 0.230769 0.692628 0.23653800000000003 0.666987 0.23974399999999996 0.627244 0.24487199999999998 0.606731 0.269872 0.578526 0.29743600000000003 0.54391 0.29807700000000004 0.506731 0.32564099999999996 0.42724399999999996 0.336538 0.40288500000000005 0.315385 0.355449 0.30640999999999996 0.31955100000000003 0.30384599999999995 0.28365399999999996 0.30512799999999995 0.204167 0.311538 0.17339700000000002 0.32307699999999995 0.21057700000000001 0.353846 0.20288499999999998 0.377564 0.225962 0.38397400000000004 0.205449 0.36217900000000003 0.12596200000000002 0.329487 0.063141 0.295513 0.008013000000000048 0.18012799999999995 0.0067310000000000425 0.23525600000000002 0.10801300000000003 0.22564099999999998 0.17596199999999995 0.23461500000000002 0.22083299999999995 0.253205 0.24647399999999997 0.26025600000000004 0.29391 0.251282 0.306731 0.23910299999999995 0.34134600000000004 0.26282099999999997 0.373397 0.27820500000000004 0.374679 0.27948700000000004 0.40416700000000005 0.27948700000000004 0.423397 0.26153800000000005 0.411859 0.24487199999999998 0.40929499999999996 0.21538500000000005 0.44647400000000004 0.20320499999999997 0.477244 0.18717899999999998 0.504167 0.16217899999999996 0.528526 0.13461500000000004 0.5310900000000001 0.10064099999999998 0.48750000000000004 0.07948699999999997 0.451603 0.05833299999999997 0.39006399999999997 0.04935900000000004 0.36314100000000005 0.004487000000000019 0.318269 0.003846000000000016 0.7605770000000001
0 0.473718 0.8233969999999999 0.514744 0.813141 0.520513 0.804167 0.497436 0.775962 0.47115399999999996 0.754167 0.460256 0.738782 0.455128 0.7426280000000001 0.46410300000000004 0.774679 0.462179 0.791346 0.44423100000000004 0.818269