0 0.17179500000000003 0.98109 0.163462 0.9028849999999999 0.164103 0.813141 0.16089699999999996 0.774679 0.17884599999999995 0.764423 0.20705099999999999 0.796474 0.21602600000000005 0.8003210000000001 0.210256 0.733654 0.14871800000000002 0.660577 0.126282 0.634936 0.09423099999999995 0.660577 0.09294899999999995 0.7221150000000001 0.06730800000000003 0.786218 0.04935900000000004 0.822115 0.05448699999999995 0.8875 0.07820499999999997 0.879808 0.10256399999999999 0.88109 0.10641 0.908013 0.10641 0.942628 0.10769200000000001 0.995192 0.166026 0.995192
0 0.46730799999999995 0.99391 0.46346200000000004 0.916987 0.462179 0.783654 0.44423100000000004 0.736218 0.42371800000000004 0.640064 0.42243600000000003 0.6131409999999999 0.369231 0.619551 0.355128 0.5298080000000001 0.33974400000000005 0.518269 0.31859000000000004 0.5554490000000001 0.29871800000000004 0.6144229999999999 0.273077 0.656731 0.269872 0.690064 0.267308 0.713141 0.314744 0.716987 0.354487 0.716987 0.369872 0.758013 0.370513 0.879808 0.369872 0.927244 0.392949 0.956731 0.390385 0.997756
0 0.625641 0.964423 0.639103 0.905449 0.641667 0.850321 0.6346149999999999 0.778526 0.580128 0.7875 0.564744 0.749038 0.530769 0.784936 0.547436 0.8451919999999999 0.585897 0.927244 0.607692 0.961859 0.6320509999999999 0.966987
0 0.519872 0.599038 0.560256 0.5105770000000001 0.5891029999999999 0.45032099999999997 0.596795 0.418269 0.616026 0.316987 0.592949 0.21826900000000005 0.517949 0.168269 0.47115399999999996 0.225962 0.46602600000000005 0.30544899999999997 0.48846199999999995 0.374679 0.49230799999999997 0.433654 0.46730799999999995 0.49006400000000006 0.475 0.566987 0.515385 0.6105769999999999
0 0.46858999999999995 0.19519200000000003 0.48846199999999995 0.14262799999999998 0.477564 0.07083300000000003 0.435256 0.02852600000000005 0.380769 0.03621799999999997 0.353846 0.06442300000000001 0.36474399999999996 0.19262800000000002 0.40448700000000004 0.229808 0.416026 0.208013 0.42307700000000004 0.170833 0.440385 0.18108999999999997
0 0.809615 0.796474 0.817308 0.727244 0.839744 0.608013 0.833333 0.5554490000000001 0.828205 0.506731 0.8051280000000001 0.5298080000000001 0.796795 0.565705 0.7826919999999999 0.6336539999999999 0.782051 0.659295 0.7621789999999999 0.732372 0.770513 0.811859 0.798077 0.806731
0 0.248718 0.5349360000000001 0.275 0.5298080000000001 0.30576899999999996 0.525962 0.294231 0.460577 0.287821 0.411859 0.27756400000000003 0.399038 0.25833300000000003 0.40673099999999995 0.23141 0.477244 0.22435899999999998 0.508013 0.22499999999999998 0.5298080000000001
0 0.06794900000000004 0.291346 0.06410300000000002 0.24006400000000006 0.08205099999999999 0.22083299999999995 0.11153800000000003 0.17211500000000002 0.07435899999999995 0.07724399999999998 0.0032050000000000134 0.022114999999999996 0.006410000000000027 0.251603 0.059614999999999974 0.311859
0 0.23461500000000002 0.288782 0.19615400000000005 0.24006400000000006 0.17756400000000006 0.21314100000000002 0.15833299999999995 0.228526 0.15576900000000005 0.28108999999999995 0.18333299999999997 0.332372 0.21474400000000005 0.30288499999999996 0.227564 0.313141
0 0.994872 0.33109 0.96859 0.308013 0.9288460000000001 0.288782 0.94359 0.272115 0.977564 0.21570500000000004 0.994872 0.18365399999999998
0 0.978846 0.9041669999999999 0.98141 0.870833 0.980769 0.802885 0.953205 0.8426279999999999 0.917949 0.8233969999999999 0.894231 0.8439099999999999 0.911538 0.925962 0.951282 0.905449