0 0.529487 0.955449 0.5346150000000001 0.908013 0.5538460000000001 0.8439099999999999 0.557051 0.815705 0.545513 0.795192 0.44807699999999995 0.786218 0.479487 0.951603 0.49294899999999997 0.963141 0.5326919999999999 0.968269
0 0.330769 0.982372 0.29871800000000004 0.961859 0.270513 0.892628 0.250641 0.847756 0.22628199999999998 0.8451919999999999 0.212179 0.860577 0.14935900000000002 0.818269 0.15384600000000004 0.846474 0.17371800000000004 0.897756 0.17564100000000005 0.942628 0.16089699999999996 0.988782 0.146154 0.991346 0.31923100000000004 0.995192
0 0.084615 0.784936 0.11346199999999995 0.747756 0.11410299999999995 0.686218 0.06410300000000002 0.678526 0.04935900000000004 0.601603 0.023077000000000014 0.582372 0.032692000000000054 0.508013 0.020513000000000003 0.482372 0.003846000000000016 0.482372 0.0032050000000000134 0.661859 0.021154000000000006 0.674679 0.05897399999999997 0.719551 0.06346200000000002 0.7605770000000001 0.060255999999999976 0.795192 0.07628199999999996 0.799038
0 0.400641 0.6541669999999999 0.39359 0.704167 0.351923 0.754167 0.31666700000000003 0.708013 0.30256400000000006 0.668269 0.294872 0.5939099999999999 0.31666700000000003 0.577244 0.335256 0.5708329999999999 0.355128 0.578526 0.38205100000000003 0.615705 0.38782099999999997 0.638782
0 0.511538 0.522115 0.48141 0.583654 0.44871799999999995 0.596474 0.42692300000000005 0.622115 0.375 0.558013 0.38269200000000003 0.47339699999999996 0.38205100000000003 0.434936 0.436538 0.434936 0.454487 0.44647400000000004 0.484615 0.40416700000000005 0.503205 0.36826899999999996 0.524359 0.40801299999999996 0.503205 0.463141 0.496795 0.48621800000000004
0 0.730769 0.79391 0.749359 0.73109 0.75641 0.6323719999999999 0.7166669999999999 0.6310899999999999 0.6980770000000001 0.6131409999999999 0.66859 0.5298080000000001 0.60641 0.44647400000000004 0.5743590000000001 0.463141 0.5673079999999999 0.516987 0.601923 0.578526 0.607051 0.636218 0.609615 0.713141 0.616026 0.7464740000000001 0.635256 0.770833 0.654487 0.783654 0.665385 0.766987 0.679487 0.7233970000000001 0.683333 0.773397 0.691667 0.784936 0.721795 0.7875
0 0.916667 0.623397 0.898718 0.6541669999999999 0.883333 0.691346 0.8641030000000001 0.697756 0.839744 0.645192 0.792308 0.5541670000000001 0.772436 0.48750000000000004 0.771795 0.44519200000000003 0.7993589999999999 0.44775600000000004 0.8211539999999999 0.477244 0.857692 0.46442300000000003 0.885897 0.506731 0.89359 0.536218 0.9076919999999999 0.564423 0.921154 0.600321
0 0.737179 0.455449 0.744872 0.39006399999999997 0.748077 0.333654 0.7211540000000001 0.316987 0.714744 0.27980799999999995 0.7019230000000001 0.24903799999999998 0.6923079999999999 0.225962 0.682051 0.21314100000000002 0.665385 0.204167 0.6538459999999999 0.208013 0.644231 0.24775599999999998 0.6551279999999999 0.315705 0.666026 0.325962 0.6910259999999999 0.295192 0.6993590000000001 0.30160299999999995 0.702564 0.338782 0.696795 0.372115 0.7166669999999999 0.36698699999999995 0.719231 0.40416700000000005 0.7185900000000001 0.44903800000000005 0.728205 0.463141
0 0.38141 0.40160300000000004 0.42243600000000003 0.36314100000000005 0.439103 0.31955100000000003 0.462179 0.28365399999999996 0.48846199999999995 0.24903799999999998 0.49294899999999997 0.23750000000000004 0.486538 0.21057700000000001 0.485897 0.20032099999999997 0.46282100000000004 0.227244 0.454487 0.21314100000000002 0.455128 0.16057699999999997 0.47179499999999996 0.12852600000000003 0.502564 0.06057699999999999 0.5070509999999999 0.008013000000000048 0.42243600000000003 0.010576999999999948 0.434615 0.08493600000000001 0.438462 0.15160300000000004 0.42115400000000003 0.15416700000000005 0.415385 0.12339699999999998 0.40641000000000005 0.12724400000000002 0.399359 0.20032099999999997 0.39359 0.25544900000000004 0.389744 0.291346 0.36538499999999996 0.33109 0.353846 0.40929499999999996 0.374359 0.40288500000000005
0 0.548718 0.21826900000000005 0.5673079999999999 0.170833 0.572436 0.147756 0.573718 0.12083299999999997 0.5576920000000001 0.11570499999999995 0.539103 0.14390999999999998 0.5275639999999999 0.165705 0.528205 0.19262800000000002 0.532051 0.204167
0 0.28653799999999996 0.228526 0.29359 0.17211500000000002 0.25641 0.16185899999999998 0.19935899999999995 0.145192 0.17948699999999995 0.09647399999999995 0.147436 0.014422999999999964 0.08076899999999998 0.010576999999999948 0.07948699999999997 0.12339699999999998 0.14871800000000002 0.21057700000000001 0.17628200000000005 0.22467899999999996 0.20576899999999998 0.290064 0.25961500000000004 0.24262799999999995
0 0.951923 0.12339699999999998 0.921795 0.15416700000000005 0.877564 0.19134600000000002 0.866026 0.19262800000000002 0.855128 0.17211500000000002 0.86859 0.083654 0.879487 0.049038000000000026 0.914103 0.03878199999999998 0.930769 0.07083300000000003
0 0.990385 0.564423 0.957051 0.505449 0.950641 0.47083299999999995 0.957692 0.42596199999999995 0.964744 0.355449 0.969231 0.333654 0.989744 0.306731 0.99359 0.17852599999999996 0.960897 0.23493600000000003 0.928205 0.25929500000000005 0.900641 0.329808 0.905128 0.39391 0.917308 0.45032099999999997 0.914744 0.49134599999999995 0.912179 0.527244 0.922436 0.578526 0.950641 0.640064 0.963462 0.69391 0.976282 0.738782 0.996154 0.768269 0.997436 0.588782
0 0.817308 0.19647400000000004 0.809615 0.12211499999999997 0.807692 0.05929499999999999 0.807051 0.041345999999999994 0.798718 0.009295000000000053 0.770513 0.005449000000000037 0.771795 0.02852600000000005 0.789103 0.12980800000000003 0.8019229999999999 0.17724399999999996 0.807692 0.188782