0 0.935256 0.556731 0.9 0.560577 0.875 0.5926279999999999 0.844231 0.6298079999999999 0.822436 0.6375 0.811538 0.675962 0.805769 0.725962 0.804487 0.814423 0.734615 0.847756 0.724359 0.870833 0.708974 0.797756 0.705769 0.791346 0.704487 0.7875 0.7128209999999999 0.732372 0.721795 0.718269 0.752564 0.674679 0.758974 0.645192 0.752564 0.601603 0.738462 0.583654 0.6993590000000001 0.5131410000000001 0.673718 0.458013 0.680769 0.37083299999999997 0.710256 0.39006399999999997 0.727564 0.44903800000000005 0.735897 0.442628 0.832051 0.46698700000000004 0.838462 0.451603 0.830769 0.42852599999999996 0.837179 0.396474 0.835256 0.38237200000000005 0.79359 0.34903799999999996 0.7833330000000001 0.354167 0.762821 0.313141 0.792949 0.24775599999999998 0.821795 0.23493600000000003 0.8403849999999999 0.25416700000000003 0.873718 0.252885 0.916026 0.27980799999999995 0.937821 0.291346 0.967949 0.328526 0.975 0.395192 0.997436 0.48878200000000005 0.997436 0.818269 0.984615 0.786218 0.974359 0.719551 0.965385 0.645192 0.959615 0.541346
0 0.962179 0.873397 0.949359 0.860577 0.941667 0.8631409999999999 0.93141 0.909295 0.933333 0.951603 0.939744 0.983654 0.975 0.9875 0.994231 0.973397 0.998077 0.88109
0 0.657051 0.855449 0.682051 0.806731 0.6993590000000001 0.751603 0.708333 0.7208330000000001 0.692949 0.6375 0.6814100000000001 0.615705 0.650641 0.5913459999999999 0.605769 0.575962 0.610256 0.5951919999999999 0.630128 0.658013 0.632692 0.69391 0.622436 0.750321 0.617308 0.806731 0.621154 0.829808 0.621154 0.866987 0.622436 0.882372
0 0.457692 0.896474 0.46858999999999995 0.856731 0.47115399999999996 0.834936 0.47179499999999996 0.7798080000000001 0.42307700000000004 0.7798080000000001 0.43076899999999996 0.860577 0.43012799999999995 0.899038
0 0.485897 0.7233970000000001 0.5121789999999999 0.670833 0.482051 0.606731 0.47051299999999996 0.579808 0.44743599999999994 0.606731 0.43269199999999997 0.623397 0.434615 0.670833 0.46602600000000005 0.736218 0.48141 0.733654
0 0.495513 0.525962 0.519231 0.506731 0.51859 0.48365400000000003 0.514744 0.438782 0.50641 0.32083300000000003 0.546154 0.27596200000000004 0.552564 0.273397 0.541667 0.24006400000000006 0.535256 0.22467899999999996 0.5467949999999999 0.188782 0.521795 0.209295 0.5 0.21955100000000005 0.48974399999999996 0.25544900000000004 0.44871799999999995 0.36057700000000004 0.44166700000000003 0.40801299999999996 0.454487 0.46442300000000003 0.44743599999999994 0.508013 0.44294900000000004 0.525962 0.47051299999999996 0.5349360000000001
0 0.996795 0.15160300000000004 0.989744 0.15160300000000004 0.977564 0.170833 0.944231 0.149038 0.962179 0.09647399999999995 0.962179 0.08493600000000001 0.939744 0.042628 0.930769 0.10801300000000003 0.878205 0.12596200000000002 0.838462 0.13749999999999996 0.814744 0.07980799999999999 0.823718 0.04006399999999999 0.851923 0.0067310000000000425 0.994872 0.004167000000000032 0.998718 0.061859
0 0.732692 0.17339700000000002 0.735897 0.102885 0.735897 0.04519200000000001 0.714744 0.0067310000000000425 0.667308 0.001603000000000021 0.640385 0.032371999999999956 0.624359 0.056730999999999976 0.608974 0.05801299999999998 0.596795 0.03493599999999997 0.586538 0.0067310000000000425 0.560897 0.07339700000000005 0.540385 0.11442300000000005 0.5358970000000001 0.10929500000000003 0.533974 0.05929499999999999 0.521154 0.05032099999999995 0.495513 0.01570499999999997 0.476282 0.008013000000000048 0.46794899999999995 0.01826899999999998 0.47243599999999997 0.06570500000000001 0.475641 0.11442300000000005 0.497436 0.166987 0.5096149999999999 0.19134600000000002 0.583333 0.17852599999999996 0.647436 0.13621799999999995 0.679487 0.10929500000000003 0.7 0.13493599999999994
0 0.378205 0.546474 0.391026 0.541346 0.40769200000000005 0.48750000000000004 0.372436 0.434936 0.357051 0.420833 0.32051300000000005 0.41057699999999997 0.30448699999999995 0.414423 0.294872 0.392628 0.30448699999999995 0.30288499999999996 0.28269200000000005 0.266987 0.265385 0.229808 0.269872 0.15801299999999996 0.269231 0.09519200000000005 0.255128 0.09391000000000005 0.23141 0.12467899999999998 0.210256 0.12596200000000002 0.19487200000000005 0.15801299999999996 0.20640999999999998 0.23621800000000004 0.227564 0.292628 0.23974399999999996 0.423397 0.26089700000000005 0.40801299999999996 0.267308 0.4375 0.251923 0.458013 0.26153800000000005 0.48365400000000003 0.29807700000000004 0.508013 0.32756399999999997 0.497756 0.330769 0.499038 0.33974400000000005 0.523397 0.358333 0.5541670000000001 0.375641 0.5336540000000001
0 0.391667 0.17852599999999996 0.40961499999999995 0.15288500000000005 0.43076899999999996 0.12467899999999998 0.42820499999999995 0.05801299999999998 0.42435900000000004 0.0067310000000000425 0.30064100000000005 0.004167000000000032 0.30705099999999996 0.03621799999999997 0.36794899999999997 0.09134600000000004 0.379487 0.14390999999999998
0 0.16025599999999995 0.23493600000000003 0.17051300000000003 0.21057700000000001 0.18012799999999995 0.11826899999999996 0.17115400000000003 0.09775599999999995 0.11858999999999997 0.051602999999999954 0.09615399999999996 0.09647399999999995 0.105769 0.17211500000000002 0.13076900000000002 0.22339699999999996
0 0.380128 0.27596200000000004 0.392949 0.26185899999999995 0.394872 0.250321 0.38525600000000004 0.23878200000000005 0.380128 0.23365400000000003 0.371795 0.252885
0 0.21538500000000005 0.747756 0.233333 0.664423 0.24166699999999997 0.645192 0.26025600000000004 0.6118589999999999 0.24487199999999998 0.5875 0.22435899999999998 0.578526 0.211538 0.560577 0.208974 0.5298080000000001 0.19999999999999996 0.528526 0.18782100000000002 0.542628 0.19294900000000004 0.602885 0.19743599999999994 0.640064 0.19359000000000004 0.677244 0.19166700000000003 0.740064
0 0.042949000000000015 0.641346 0.07628199999999996 0.634936 0.07628199999999996 0.5746789999999999 0.086538 0.559295 0.09423099999999995 0.558013 0.13461500000000004 0.5516030000000001 0.07243599999999994 0.48365400000000003 0.033332999999999946 0.455449 0.025641000000000025 0.436218 0.005128000000000021 0.39006399999999997 0.0025640000000000107 0.586218 0.011538000000000048 0.622115
0 0.05192300000000005 0.37852600000000003 0.09935899999999998 0.37852600000000003 0.07884599999999997 0.316987 0.07435899999999995 0.30544899999999997 0.05192300000000005 0.332372
0 0.29615400000000003 0.973397 0.274359 0.922115 0.264103 0.899038 0.23589700000000002 0.920833 0.22564099999999998 0.942628 0.21474400000000005 0.975962 0.25897400000000004 0.996474 0.287821 0.996474
0 0.105769 0.827244 0.13589700000000005 0.804167 0.15256400000000003 0.790064 0.126923 0.7439100000000001 0.11474399999999996 0.7208330000000001 0.08782100000000004 0.710577 0.084615 0.727244 0.08974400000000005 0.772115 0.09807699999999997 0.808013 0.10192299999999999 0.816987