0 0.358333 0.979808 0.390385 0.905449 0.395513 0.870833 0.38717900000000005 0.858013 0.329487 0.875962 0.294872 0.866987 0.265385 0.849038 0.26282099999999997 0.810577 0.26282099999999997 0.758013 0.25833300000000003 0.732372 0.21410300000000004 0.7208330000000001 0.18397399999999997 0.715705 0.146795 0.725962 0.126923 0.734936 0.11282099999999995 0.778526 0.123718 0.865705 0.147436 0.906731 0.18589699999999998 0.920833 0.24166699999999997 0.956731 0.23782099999999995 0.992628 0.34679499999999996 0.995192
0 0.66859 0.992628 0.684615 0.9375 0.6769229999999999 0.879808 0.6621790000000001 0.8618589999999999 0.636538 0.870833 0.627564 0.918269 0.638462 0.995192
0 0.610256 0.738782 0.620513 0.665705 0.638462 0.615705 0.628205 0.5516030000000001 0.610897 0.524679 0.603846 0.5105770000000001 0.5916669999999999 0.5131410000000001 0.575 0.561859 0.5551280000000001 0.6310899999999999 0.546154 0.68109 0.5576920000000001 0.764423 0.588462 0.7439100000000001
0 0.953205 0.9875 0.946795 0.910577 0.937179 0.851603 0.912179 0.836218 0.887821 0.846474 0.869872 0.899038 0.848718 0.945192 0.828846 0.990064 0.938462 0.996474
0 0.502564 0.774679 0.5070509999999999 0.716987 0.512821 0.678526 0.499359 0.669551 0.483974 0.6503209999999999 0.482051 0.659295 0.478846 0.7246790000000001 0.46730799999999995 0.747756 0.46346200000000004 0.7618590000000001 0.486538 0.764423
0 0.31666700000000003 0.546474 0.375641 0.5503210000000001 0.353846 0.47467899999999996 0.290385 0.39391 0.27756400000000003 0.42596199999999995 0.26859 0.5118590000000001 0.30320499999999995 0.519551
0 0.04615400000000003 0.622115 0.05705099999999996 0.559295 0.08205099999999999 0.5105770000000001 0.09935899999999998 0.460577 0.10256399999999999 0.38109000000000004 0.07051300000000005 0.23365400000000003 0.05064100000000005 0.13493599999999994 0.0025640000000000107 0.11442300000000005 0.004487000000000019 0.642628 0.023077000000000014 0.623397
0 0.08782100000000004 0.991346 0.05897399999999997 0.949038 0.06346200000000002 0.905449 0.08910300000000004 0.89391 0.09423099999999995 0.900321 0.085256 0.829808 0.07435899999999995 0.79391 0.06282100000000002 0.718269 0.052564000000000055 0.708013 0.02179500000000001 0.749038 0.010256000000000043 0.7823720000000001 0.018589999999999995 0.828526 0.001923000000000008 0.860577 0.0025640000000000107 0.99391 0.07307699999999995 0.996474
0 0.45192299999999996 0.505449 0.44551300000000005 0.44391 0.42756400000000006 0.36826899999999996 0.396154 0.377244 0.389744 0.44903800000000005 0.376282 0.48109 0.391667 0.48750000000000004 0.415385 0.460577 0.43205099999999996 0.500321 0.44359000000000004 0.516987
0 0.42179500000000003 0.34134600000000004 0.419231 0.24519199999999997 0.419231 0.21826900000000005 0.416667 0.1875 0.41025599999999995 0.165705 0.36282099999999995 0.17980799999999997 0.369231 0.23109000000000002 0.38653800000000005 0.309295 0.396154 0.34775599999999995
0 0.28269200000000005 0.296474 0.287821 0.229808 0.29679500000000003 0.19262800000000002 0.25833300000000003 0.166987 0.24358999999999997 0.15160300000000004 0.22243599999999997 0.19134600000000002 0.22243599999999997 0.306731 0.251923 0.308013
0 0.16794900000000001 0.21314100000000002 0.17884599999999995 0.13878199999999996 0.16089699999999996 0.09903799999999996 0.163462 0.06570500000000001 0.13846199999999997 0.056730999999999976 0.12115399999999998 0.07596199999999997 0.09423099999999995 0.17339700000000002 0.11923099999999998 0.208013 0.15256400000000003 0.21057700000000001
0 0.994872 0.527244 0.975641 0.504167 0.953205 0.48878200000000005 0.927564 0.48365400000000003 0.894872 0.478526 0.922436 0.433654 0.914103 0.34903799999999996 0.905128 0.32083300000000003 0.905769 0.292628 0.907051 0.28365399999999996 0.933974 0.26570499999999997 0.973718 0.34775599999999995 0.997436 0.36698699999999995
0 0.894231 0.28493599999999997 0.877564 0.31955100000000003 0.846795 0.27724400000000005 0.862179 0.21826900000000005 0.904487 0.11826899999999996 0.927564 0.06826900000000002 0.942949 0.15544899999999995 0.936538 0.19134600000000002 0.930769 0.23493600000000003 0.920513 0.25929500000000005
0 0.995513 0.18365399999999998 0.960897 0.17596199999999995 0.958974 0.12980800000000003 0.977564 0.082372 0.996795 0.06698700000000002 0.999359 0.168269