0 0.796795 0.5298080000000001 0.828846 0.504167 0.852564 0.49647399999999997 0.878205 0.46442300000000003 0.887821 0.441346 0.900641 0.420833 0.901282 0.36314100000000005 0.892949 0.34391000000000005 0.866667 0.31955100000000003 0.853846 0.274679 0.8198719999999999 0.25801300000000005 0.788462 0.30416699999999997 0.774359 0.336218 0.769872 0.41057699999999997 0.764103 0.48493600000000003 0.766667 0.520833 0.782051 0.5349360000000001
0 0.552564 0.460577 0.5538460000000001 0.38749999999999996 0.563462 0.334936 0.580769 0.333654 0.6153850000000001 0.292628 0.611538 0.24903799999999998 0.576282 0.21955100000000005 0.573718 0.07852599999999998 0.5493589999999999 0.027244000000000046 0.508974 0.029807999999999946 0.46794899999999995 0.07211500000000004 0.437179 0.168269 0.42948699999999995 0.21057700000000001 0.43205099999999996 0.352885 0.459615 0.39391 0.476923 0.416987 0.49038499999999996 0.461859 0.49359 0.48878200000000005 0.5314099999999999 0.508013 0.5576920000000001 0.482372
0 0.359615 0.38621799999999995 0.38589700000000005 0.356731 0.400641 0.329808 0.40256400000000003 0.291346 0.391667 0.25544900000000004 0.38397400000000004 0.21570500000000004 0.36859 0.19134600000000002 0.335897 0.17980799999999997 0.30833299999999997 0.18237199999999998 0.291667 0.24903799999999998 0.294231 0.327244 0.34358999999999995 0.37980800000000003 0.35 0.40288500000000005
0 0.127564 0.42980799999999997 0.147436 0.352885 0.16859000000000002 0.313141 0.18012799999999995 0.24647399999999997 0.166026 0.209295 0.163462 0.188782 0.164744 0.15673099999999995 0.17884599999999995 0.10416700000000001 0.18846200000000002 0.06826900000000002 0.19423100000000004 0.03878199999999998 0.19871799999999995 0.008013000000000048 0.11602599999999996 0.008013000000000048 0.12884600000000002 0.08109 0.12948700000000002 0.13621799999999995 0.103846 0.21057700000000001 0.09294899999999995 0.24519199999999997 0.07628199999999996 0.28365399999999996 0.06987200000000005 0.34903799999999996 0.047436000000000034 0.40673099999999995 0.02243600000000001 0.46570500000000004 0.039103 0.499038 0.06282100000000002 0.49390999999999996 0.06666700000000003 0.43109 0.07371799999999995 0.40032100000000004 0.085256 0.374679 0.09999999999999998 0.375962 0.09999999999999998 0.411859 0.104487 0.44391 0.12243599999999999 0.44647400000000004
0 0.19807699999999995 0.901603 0.228846 0.8246789999999999 0.23653800000000003 0.786218 0.24615399999999998 0.752885 0.25705100000000003 0.7233970000000001 0.251282 0.675962 0.23461500000000002 0.6541669999999999 0.211538 0.715705 0.20256399999999997 0.7439100000000001 0.18333299999999997 0.7810900000000001 0.18140999999999996 0.8426279999999999 0.14807700000000001 0.838782 0.12243599999999999 0.846474 0.11666699999999997 0.910577 0.12243599999999999 0.951603 0.127564 0.984936 0.15961499999999995 0.986218 0.16794900000000001 0.925962
0 0.29743600000000003 0.886218 0.329487 0.872115 0.315385 0.7875 0.276282 0.822115 0.270513 0.852885 0.28589699999999996 0.874679
0 0.04935900000000004 0.964423 0.05320499999999995 0.897756 0.05192300000000005 0.865705 0.02884600000000004 0.852885 0.005128000000000021 0.8631409999999999 0.004487000000000019 0.959295 0.04230800000000001 0.947756
0 0.5083329999999999 0.951603 0.526282 0.913141 0.525 0.870833 0.499359 0.83109 0.48910299999999995 0.850321 0.479487 0.919551 0.48782099999999995 0.956731
0 0.42435900000000004 0.8875 0.437821 0.83109 0.43205099999999996 0.773397 0.43333299999999997 0.7439100000000001 0.44615400000000005 0.706731 0.46923099999999995 0.702885 0.46666700000000005 0.655449 0.458974 0.646474 0.42756400000000006 0.664423 0.417949 0.68109 0.413462 0.7221150000000001 0.41217899999999996 0.7810900000000001 0.40897399999999995 0.825962 0.40897399999999995 0.869551 0.413462 0.892628
0 0.6826920000000001 0.93109 0.701282 0.88109 0.7006410000000001 0.846474 0.6788460000000001 0.855449 0.664103 0.8451919999999999 0.661538 0.828526 0.627564 0.838782 0.620513 0.8451919999999999 0.614744 0.859295 0.63141 0.884936 0.650641 0.896474 0.6538459999999999 0.915705 0.667308 0.928526
0 0.684615 0.783654 0.696795 0.733654 0.707692 0.715705 0.7 0.684936 0.714744 0.634936 0.719231 0.6131409999999999 0.70641 0.5939099999999999 0.689103 0.58109 0.689103 0.6144229999999999 0.695513 0.664423 0.6769229999999999 0.691346 0.660256 0.718269 0.6596150000000001 0.7426280000000001 0.665385 0.7823720000000001 0.669231 0.790064
0 0.996795 0.895192 0.971154 0.886218 0.951923 0.8875 0.939103 0.855449 0.932692 0.850321 0.935256 0.808013 0.963462 0.774679 0.982692 0.7439100000000001 0.990385 0.727244 0.996795 0.727244
0 0.685897 0.25929500000000005 0.712179 0.229808 0.710256 0.20160299999999998 0.7 0.18108999999999997 0.689103 0.165705 0.676282 0.10801300000000003 0.670513 0.09262800000000004 0.653205 0.09647399999999995 0.6320509999999999 0.14390999999999998 0.619872 0.19775600000000004 0.625641 0.23621800000000004 0.636538 0.25544900000000004 0.661538 0.269551 0.6756409999999999 0.269551 0.691667 0.24903799999999998