0 0.46987199999999996 0.624679 0.49166699999999997 0.6092949999999999 0.5070509999999999 0.49390999999999996 0.505769 0.47083299999999995 0.513462 0.42724399999999996 0.533974 0.42980799999999997 0.5961540000000001 0.42596199999999995 0.595513 0.36314100000000005 0.580128 0.286218 0.5519229999999999 0.204167 0.544231 0.166987 0.532051 0.13749999999999996 0.5333330000000001 0.082372 0.5096149999999999 0.056730999999999976 0.483333 0.056730999999999976 0.476282 0.013140999999999958 0.44294900000000004 0.019550999999999985 0.42371800000000004 0.05032099999999995 0.40833299999999995 0.08493600000000001 0.42692300000000005 0.11826899999999996 0.45192299999999996 0.14262799999999998 0.457692 0.23621800000000004 0.42179500000000003 0.24775599999999998 0.4 0.295192 0.389744 0.34134600000000004 0.38269200000000003 0.39006399999999997 0.38782099999999997 0.49262799999999995 0.42307700000000004 0.5913459999999999 0.42692300000000005 0.6516029999999999 0.44551300000000005 0.666987
0 0.719231 0.769551 0.757692 0.732372 0.757051 0.690064 0.719231 0.6516029999999999 0.725 0.6118589999999999 0.7153849999999999 0.584936 0.6961539999999999 0.5733969999999999 0.6583330000000001 0.577244 0.628205 0.6336539999999999 0.617308 0.6875 0.6583330000000001 0.755449 0.692949 0.768269
0 0.8416669999999999 0.79391 0.860897 0.732372 0.865385 0.665705 0.861538 0.627244 0.860256 0.564423 0.8435900000000001 0.48109 0.833333 0.46955100000000005 0.812821 0.451603 0.789744 0.43109 0.760256 0.48750000000000004 0.759615 0.516987 0.764103 0.584936 0.788462 0.682372 0.795513 0.774679 0.809615 0.8016030000000001
0 0.7019230000000001 0.992628 0.720513 0.952885 0.678205 0.905449 0.669872 0.851603 0.6358969999999999 0.841346 0.623718 0.866987 0.640385 0.922115 0.630128 0.958013 0.6166670000000001 0.992628
0 0.36474399999999996 0.878526 0.380769 0.786218 0.391667 0.702885 0.38717900000000005 0.668269 0.380769 0.640064 0.36859 0.636218 0.36410299999999995 0.702885 0.336538 0.684936 0.313462 0.682372 0.295513 0.736218 0.31794900000000004 0.815705 0.32307699999999995 0.846474 0.34679499999999996 0.877244
0 0.21474400000000005 0.9875 0.20705099999999999 0.927244 0.17564100000000005 0.88109 0.15192300000000003 0.908013 0.12948700000000002 0.99391 0.207692 0.997756
0 0.035255999999999954 0.774679 0.04423100000000002 0.7208330000000001 0.05833299999999997 0.755449 0.062178999999999984 0.764423 0.06859000000000004 0.7375 0.07115400000000005 0.7246790000000001 0.07884599999999997 0.718269 0.10192299999999999 0.79391 0.11346199999999995 0.783654 0.11666699999999997 0.709295 0.11282099999999995 0.664423 0.11025600000000002 0.600321 0.086538 0.563141 0.06538500000000003 0.545192 0.03397399999999995 0.605449 0.008333000000000035 0.673397 0.006410000000000027 0.791346
0 0.208974 0.482372 0.269231 0.47467899999999996 0.30448699999999995 0.40801299999999996 0.33910300000000004 0.350321 0.349359 0.32339700000000005 0.34679499999999996 0.273397 0.335256 0.24006400000000006 0.332051 0.19391000000000003 0.34358999999999995 0.13749999999999996 0.32499999999999996 0.08493600000000001 0.310256 0.07083300000000003 0.294231 0.09391000000000005 0.275641 0.15416700000000005 0.24615399999999998 0.206731 0.208333 0.25801300000000005 0.19294900000000004 0.34391000000000005 0.18589699999999998 0.45032099999999997 0.19871799999999995 0.475962
0 0.14102599999999998 0.37083299999999997 0.18910300000000002 0.296474 0.20448699999999997 0.251603 0.22243599999999997 0.17980799999999997 0.24551299999999998 0.12852600000000003 0.276282 0.07980799999999999 0.28205100000000005 0.06057699999999999 0.26859 0.046474000000000015 0.23974399999999996 0.041345999999999994 0.228846 0.09647399999999995 0.19487200000000005 0.13493599999999994 0.17051300000000003 0.170833 0.13846199999999997 0.24519199999999997 0.11730799999999997 0.36826899999999996 0.125641 0.373397
0 0.06730800000000003 0.44903800000000005 0.08846200000000004 0.434936 0.09487199999999996 0.39006399999999997 0.08333299999999999 0.36698699999999995 0.087179 0.34519200000000005 0.06666700000000003 0.32083300000000003 0.04423100000000002 0.33109 0.025641000000000025 0.396474 0.028205000000000036 0.42980799999999997
0 0.679487 0.14262799999999998 0.709615 0.09262800000000004 0.7185900000000001 0.05544899999999997 0.728846 0.02083299999999999 0.688462 0.004167000000000032 0.6551279999999999 0.008013000000000048 0.64359 0.03621799999999997 0.616026 0.041345999999999994 0.61859 0.09647399999999995 0.646154 0.13237200000000005
0 0.873077 0.354167 0.898718 0.329808 0.920513 0.310577 0.9288460000000001 0.288782 0.885256 0.24006400000000006 0.880128 0.227244 0.859615 0.205449 0.847436 0.20032099999999997 0.832051 0.21826900000000005 0.810897 0.229808 0.795513 0.229808 0.778846 0.20032099999999997 0.766026 0.186218 0.74359 0.186218 0.735256 0.24006400000000006 0.7378210000000001 0.25544900000000004 0.777564 0.32467900000000005 0.816667 0.297756 0.832051 0.30032099999999995 0.851282 0.336218 0.8641030000000001 0.358013
0 0.05705099999999996 0.15416700000000005 0.06794900000000004 0.12339699999999998 0.09358999999999995 0.11698699999999995 0.11089700000000002 0.145192 0.11666699999999997 0.17852599999999996 0.13589700000000005 0.09647399999999995 0.128205 0.06698700000000002 0.10897400000000002 0.03878199999999998 0.105128 0.010576999999999948 0.09935899999999998 0.011858999999999953 0.03717899999999996 0.005449000000000037 0.016666999999999987 0.049038000000000026 0.015384999999999982 0.12980800000000003 0.013461999999999974 0.166987 0.027564000000000033 0.165705 0.042949000000000015 0.15801299999999996