0 0.27948700000000004 0.768269 0.32564099999999996 0.7375 0.34807699999999997 0.7221150000000001 0.369872 0.697756 0.375641 0.6375 0.38205100000000003 0.605449 0.39359 0.566987 0.392949 0.559295 0.36282099999999995 0.5528850000000001 0.34358999999999995 0.563141 0.30833299999999997 0.5695509999999999 0.264744 0.597756 0.24102599999999996 0.642628 0.24038499999999996 0.666987 0.247436 0.7246790000000001 0.253846 0.751603
0 0.5108969999999999 0.560577 0.530769 0.545192 0.545513 0.502885 0.5493589999999999 0.46955100000000005 0.5538460000000001 0.436218 0.567949 0.423397 0.600641 0.440064 0.630128 0.41057699999999997 0.639103 0.397756 0.642949 0.34391000000000005 0.621154 0.26570499999999997 0.5916669999999999 0.25416700000000003 0.555769 0.38365400000000005 0.519231 0.36826899999999996 0.439744 0.333654 0.358974 0.34903799999999996 0.32820499999999997 0.33109 0.269872 0.308013 0.23974399999999996 0.316987 0.17692300000000005 0.351603 0.15576900000000005 0.396474 0.09743599999999997 0.438782 0.08782100000000004 0.49390999999999996 0.11730799999999997 0.5516030000000001 0.17179500000000003 0.549038 0.19294900000000004 0.523397 0.22307699999999997 0.46570500000000004 0.250641 0.452885 0.28141000000000005 0.451603 0.309615 0.463141 0.36666699999999997 0.477244 0.396154 0.49262799999999995 0.44615400000000005 0.5310900000000001 0.480769 0.549038
0 0.526282 0.897756 0.539744 0.813141 0.505769 0.773397 0.504487 0.7375 0.503846 0.710577 0.47307699999999997 0.7426280000000001 0.44294900000000004 0.811859 0.45064099999999996 0.851603 0.43333299999999997 0.8875 0.43333299999999997 0.93109 0.41859 0.954167 0.395513 0.964423 0.351282 0.991346 0.49294899999999997 0.99391 0.474359 0.961859 0.46987199999999996 0.916987 0.48910299999999995 0.851603 0.514103 0.900321
0 0.727564 0.99391 0.723718 0.955449 0.746154 0.919551 0.749359 0.8836539999999999 0.753205 0.8451919999999999 0.75 0.828526 0.730128 0.79391 0.7141029999999999 0.783654 0.6993590000000001 0.7618590000000001 0.692949 0.69391 0.685256 0.6541669999999999 0.649359 0.665705 0.64359 0.664423 0.629487 0.777244 0.646154 0.882372 0.6525639999999999 0.914423 0.644231 0.974679 0.621154 0.99391
0 0.924359 0.9875 0.915385 0.906731 0.896154 0.850321 0.905128 0.759295 0.927564 0.727244 0.952564 0.699038 0.946154 0.675962 0.940385 0.647756 0.903205 0.666987 0.83141 0.701603 0.8006409999999999 0.714423 0.779487 0.695192 0.755128 0.5516030000000001 0.764103 0.42596199999999995 0.764103 0.34647399999999995 0.766026 0.30544899999999997 0.748077 0.26314099999999996 0.771795 0.22083299999999995 0.764744 0.20032099999999997 0.7391030000000001 0.149038 0.765385 0.11955099999999996 0.794872 0.12467899999999998 0.8391029999999999 0.11057700000000004 0.85 0.16057699999999997 0.8435900000000001 0.23493600000000003 0.833333 0.24390999999999996 0.828205 0.273397 0.837821 0.30160299999999995 0.837179 0.34006400000000003 0.827564 0.42596199999999995 0.832692 0.44903800000000005 0.869231 0.502885 0.916026 0.5336540000000001 0.942308 0.5516030000000001 0.980769 0.599038 0.988462 0.642628 0.987179 0.69391 0.983974 0.809295 0.997436 0.829808 0.996795 0.99391
0 0.6839740000000001 0.306731 0.721795 0.309295 0.730128 0.28237199999999996 0.7 0.21955100000000005 0.685897 0.21955100000000005 0.6564099999999999 0.24647399999999997 0.6583330000000001 0.296474
0 0.935256 0.42467900000000003 0.932051 0.336218 0.940385 0.30032099999999995 0.898077 0.30160299999999995 0.897436 0.36314100000000005 0.920513 0.432372
0 0.663462 0.12339699999999998 0.6717949999999999 0.08878200000000003 0.703846 0.06057699999999999 0.684615 0.01570499999999997 0.678205 0.011858999999999953 0.630769 0.016986999999999974 0.6179490000000001 0.07339700000000005 0.632692 0.11314100000000005 0.630128 0.15288500000000005 0.630769 0.15929499999999996
0 0.28397399999999995 0.10544900000000001 0.351282 0.07852599999999998 0.34102600000000005 0.01570499999999997 0.33782100000000004 0.009295000000000053 0.294231 0.0067310000000000425 0.28076900000000005 0.004167000000000032 0.275641 0.010576999999999948 0.28333299999999995 0.08750000000000002
0 0.050000000000000044 0.286218 0.07051300000000005 0.251603 0.09166700000000005 0.19775600000000004 0.10256399999999999 0.165705 0.11730799999999997 0.15160300000000004 0.18589699999999998 0.147756 0.19359000000000004 0.11185900000000004 0.19423100000000004 0.07596199999999997 0.19487200000000005 0.029807999999999946 0.19487200000000005 0.0028850000000000264 0.11282099999999995 0.0067310000000000425 0.125 0.056730999999999976 0.11794899999999997 0.07980799999999999 0.08846200000000004 0.03878199999999998 0.07948699999999997 0.027244000000000046 0.047436000000000034 0.06442300000000001 0.020513000000000003 0.15160300000000004 0.019872 0.19903800000000005 0.039744 0.270833 0.04935900000000004 0.30288499999999996
0 0.105769 0.758013 0.11987199999999998 0.7246790000000001 0.11153800000000003 0.679808 0.11346199999999995 0.656731 0.12179499999999999 0.641346 0.09807699999999997 0.634936 0.04230800000000001 0.727244 0.03461499999999995 0.728526 0.08012799999999998 0.750321 0.10961500000000002 0.770833