0 0.566667 0.98109 0.588462 0.951603 0.595513 0.899038 0.594231 0.873397 0.583974 0.811859 0.5660259999999999 0.772115 0.5467949999999999 0.766987 0.5371790000000001 0.772115 0.503846 0.809295 0.480128 0.869551 0.454487 0.922115 0.45320499999999997 0.992628 0.560256 0.997756
0 0.369231 0.979808 0.369231 0.93109 0.394872 0.890064 0.38717900000000005 0.877244 0.36346199999999995 0.892628 0.34423099999999995 0.93109 0.315385 0.995192 0.36217900000000003 0.996474
0 0.269872 0.9708330000000001 0.292949 0.938782 0.289103 0.899038 0.267308 0.873397 0.252564 0.834936 0.23910299999999995 0.836218 0.230128 0.8631409999999999 0.210897 0.910577 0.20192299999999996 0.942628 0.20512799999999998 0.961859 0.21923099999999995 0.99391 0.26282099999999997 0.986218
0 0.15192300000000003 0.9875 0.14807700000000001 0.901603 0.16217899999999996 0.795192 0.12051299999999998 0.7875 0.11666699999999997 0.846474 0.09935899999999998 0.8631409999999999 0.07051300000000005 0.83109 0.06410300000000002 0.815705 0.035255999999999954 0.809295 0.003846000000000016 0.846474 0.0032050000000000134 0.99391 0.13589700000000005 0.99391
0 0.266026 0.718269 0.32051300000000005 0.668269 0.32179500000000005 0.646474 0.30705099999999996 0.5875 0.31794900000000004 0.499038 0.30320499999999995 0.48109 0.26025600000000004 0.5323720000000001 0.233333 0.547756 0.21346200000000004 0.563141 0.21666700000000005 0.6131409999999999 0.228205 0.674679 0.233333 0.708013 0.23974399999999996 0.7375 0.24423099999999998 0.732372 0.273077 0.713141
0 0.477564 0.796474 0.48910299999999995 0.682372 0.460256 0.627244 0.46987199999999996 0.566987 0.45192299999999996 0.40288500000000005 0.40961499999999995 0.420833 0.417308 0.540064 0.416667 0.584936 0.41859 0.6092949999999999 0.43269199999999997 0.638782 0.42628200000000005 0.68109 0.417949 0.714423 0.45192299999999996 0.765705 0.46410300000000004 0.8003210000000001
0 0.622436 0.669551 0.6717949999999999 0.620833 0.708333 0.5746789999999999 0.750641 0.556731 0.792308 0.5131410000000001 0.822436 0.46955100000000005 0.783974 0.42596199999999995 0.757692 0.420833 0.744231 0.416987 0.7141029999999999 0.441346 0.6583330000000001 0.48750000000000004 0.6128210000000001 0.5875 0.5891029999999999 0.608013 0.579487 0.5503210000000001 0.545513 0.5695509999999999 0.517949 0.608013 0.544231 0.655449 0.583333 0.6503209999999999 0.598718 0.658013
0 0.996154 0.984936 0.9666669999999999 0.946474 0.939744 0.900321 0.930769 0.822115 0.945513 0.740064 0.976282 0.697756 0.997436 0.699038 0.996154 0.9375
0 0.992949 0.6310899999999999 0.974359 0.600321 0.970513 0.5951919999999999 0.949359 0.545192 0.996795 0.420833 0.997436 0.5875
0 0.767949 0.34391000000000005 0.778205 0.30416699999999997 0.820513 0.292628 0.845513 0.273397 0.867949 0.26442299999999996 0.867308 0.206731 0.8423080000000001 0.16057699999999997 0.7993589999999999 0.09134600000000004 0.748077 0.03493599999999997 0.7128209999999999 0.05544899999999997 0.6839740000000001 0.16057699999999997 0.6730769999999999 0.23750000000000004 0.617308 0.15544899999999995 0.578846 0.101603 0.5782050000000001 0.010576999999999948 0.41025599999999995 0.008013000000000048 0.41153799999999996 0.11314100000000005 0.44743599999999994 0.17724399999999996 0.5301279999999999 0.19775600000000004 0.589744 0.21442300000000003 0.613462 0.24262799999999995 0.6621790000000001 0.286218 0.6839740000000001 0.34391000000000005 0.713462 0.352885 0.748077 0.351603 0.777564 0.333654
0 0.354487 0.38493599999999994 0.396795 0.414423 0.399359 0.350321 0.401282 0.327244 0.4 0.316987 0.38141 0.30544899999999997 0.36602599999999996 0.29391 0.32884599999999997 0.354167 0.333333 0.36826899999999996
0 0.20320499999999997 0.40032100000000004 0.22115399999999996 0.333654 0.24551299999999998 0.311859 0.26153800000000005 0.270833 0.24102599999999996 0.208013 0.24615399999999998 0.15288500000000005 0.24551299999999998 0.13237200000000005 0.211538 0.15288500000000005 0.19359000000000004 0.170833 0.18205099999999996 0.19903800000000005 0.17948699999999995 0.30032099999999995 0.18397399999999997 0.36442300000000005 0.17500000000000004 0.414423 0.17820499999999995 0.441346
0 0.07564099999999996 0.565705 0.11538499999999996 0.518269 0.142949 0.478526 0.147436 0.414423 0.14807700000000001 0.38749999999999996 0.146154 0.37852600000000003 0.12179499999999999 0.36314100000000005 0.09743599999999997 0.351603 0.07371799999999995 0.352885 0.05128200000000005 0.377244 0.03653799999999996 0.46955100000000005 0.032692000000000054 0.523397 0.05384599999999995 0.549038
0 0.025000000000000022 0.25929500000000005 0.08910300000000004 0.23109000000000002 0.06666700000000003 0.12596200000000002 0.05705099999999996 0.09134600000000004 0.003846000000000016 0.09647399999999995 0.0012820000000000054 0.24903799999999998