0 0.07499999999999996 0.997756 0.085897 0.958013 0.083974 0.916987 0.06859000000000004 0.868269 0.040385000000000004 0.796474 0.032692000000000054 0.769551 0.005128000000000021 0.750321 0.0032050000000000134 0.9875
0 0.144872 0.93109 0.207692 0.933654 0.228205 0.946474 0.24102599999999996 0.886218 0.23846199999999995 0.828526 0.20064099999999996 0.813141 0.165385 0.827244 0.14038499999999998 0.751603 0.10641 0.733654 0.09487199999999996 0.802885 0.11217900000000003 0.809295 0.12884600000000002 0.851603 0.13653800000000005 0.899038 0.13717900000000005 0.9375
0 0.294231 0.891346 0.30384599999999995 0.888782 0.334615 0.847756 0.312821 0.8003210000000001 0.275 0.829808 0.28461499999999995 0.875962
0 0.412821 0.669551 0.473718 0.645192 0.514744 0.6105769999999999 0.505128 0.583654 0.51859 0.538782 0.497436 0.499038 0.435897 0.416987 0.42371800000000004 0.37852600000000003 0.42115400000000003 0.332372 0.353846 0.35929500000000003 0.349359 0.38621799999999995 0.388462 0.463141 0.36282099999999995 0.536218 0.358333 0.5939099999999999 0.350641 0.674679 0.396154 0.677244
0 0.776282 0.729808 0.832692 0.661859 0.877564 0.640064 0.847436 0.565705 0.779487 0.5105770000000001 0.755128 0.44647400000000004 0.748718 0.38365400000000005 0.739744 0.3375 0.702564 0.329808 0.677564 0.42467900000000003 0.687179 0.546474 0.710256 0.618269 0.714744 0.656731 0.747436 0.715705 0.764103 0.73109
0 0.873077 0.968269 0.842949 0.9375 0.8243590000000001 0.879808 0.808333 0.866987 0.788462 0.873397 0.786538 0.891346 0.7993589999999999 0.969551 0.805769 0.990064 0.872436 0.995192
0 0.996154 0.7631410000000001 0.987179 0.747756 0.963462 0.740064 0.953205 0.670833 0.960256 0.6375 0.982692 0.604167 0.995513 0.575962
0 0.986538 0.418269 0.988462 0.354167 0.997436 0.338782 0.99359 0.08621800000000002 0.985256 0.12852600000000003 0.979487 0.19391000000000003 0.978205 0.26057699999999995 0.961538 0.28237199999999996 0.936538 0.36314100000000005 0.916667 0.433654 0.958974 0.413141 0.973718 0.433654
0 0.827564 0.47083299999999995 0.869231 0.38621799999999995 0.875641 0.34775599999999995 0.830128 0.308013 0.798077 0.26442299999999996 0.7858970000000001 0.27596200000000004 0.766026 0.30544899999999997 0.772436 0.396474 0.791026 0.436218 0.814103 0.461859
0 0.969872 0.11185900000000004 0.928205 0.24390999999999996 0.924359 0.24647399999999997 0.901282 0.208013 0.872436 0.16314099999999998 0.898077 0.09903799999999996 0.923718 0.03493599999999997 0.963462 0.013140999999999958 0.969231 0.061859
0 0.6166670000000001 0.422115 0.65 0.39391 0.669872 0.328526 0.673718 0.311859 0.6333329999999999 0.30416699999999997 0.610897 0.24006400000000006 0.592949 0.21185900000000002 0.542949 0.25416700000000003 0.546154 0.34903799999999996 0.584615 0.37980800000000003 0.595513 0.40801299999999996
0 0.832051 0.019550999999999985 0.770513 0.07083300000000003 0.7403850000000001 0.07852599999999998 0.744872 0.0028850000000000264 0.826923 0.001603000000000021
0 0.46282100000000004 0.009295000000000053 0.42243600000000003 0.100321 0.40192300000000003 0.101603 0.379487 0.07596199999999997 0.355769 0.08621800000000002 0.32564099999999996 0.10416700000000001 0.30256400000000006 0.09134600000000004 0.24358999999999997 0.056730999999999976 0.230769 0.008013000000000048
0 0.20640999999999998 0.314423 0.21474400000000005 0.23237200000000002 0.16089699999999996 0.190064 0.144872 0.166987 0.12051299999999998 0.17339700000000002 0.11794899999999997 0.21314100000000002 0.12307699999999999 0.2875 0.10705100000000001 0.356731 0.12051299999999998 0.38749999999999996 0.18140999999999996 0.350321 0.18782100000000002 0.32467900000000005
0 0.31987200000000005 0.351603 0.34294899999999995 0.327244 0.34487199999999996 0.299038 0.358974 0.291346 0.361538 0.25673100000000004 0.36474399999999996 0.228526 0.32371799999999995 0.24134599999999995 0.30320499999999995 0.23621800000000004 0.28141000000000005 0.334936 0.294231 0.34903799999999996
0 0.09166700000000005 0.17852599999999996 0.11666699999999997 0.10801300000000003 0.142949 0.029807999999999946 0.145513 0.009295000000000053 0.018589999999999995 0.011858999999999953 0.016666999999999987 0.061859 0.04615400000000003 0.11570499999999995 0.06410300000000002 0.15801299999999996 0.07307699999999995 0.17724399999999996
0 0.570513 0.990064 0.5935900000000001 0.913141 0.5685899999999999 0.874679 0.5275639999999999 0.868269 0.496795 0.870833 0.462179 0.911859 0.45064099999999996 0.936218 0.46923099999999995 0.983654 0.47307699999999997 0.992628