0 0.104487 0.563141 0.123718 0.5375 0.13461500000000004 0.5310900000000001 0.147436 0.524679 0.163462 0.454167 0.16089699999999996 0.43109 0.13589700000000005 0.40288500000000005 0.11794899999999997 0.38878199999999996 0.08846200000000004 0.356731 0.05705099999999996 0.34391000000000005 0.045513000000000026 0.34134600000000004 0.016666999999999987 0.3375 0.011538000000000048 0.34134600000000004 0.0070510000000000295 0.40032100000000004 0.01474399999999998 0.47467899999999996 0.033332999999999946 0.48109 0.05897399999999997 0.477244 0.08076899999999998 0.48493600000000003 0.08974400000000005 0.518269 0.086538 0.549038 0.09807699999999997 0.578526
0 0.335256 0.64391 0.294872 0.58109 0.287821 0.563141 0.28717899999999996 0.549038 0.287821 0.523397 0.295513 0.501603 0.30256400000000006 0.49262799999999995 0.31859000000000004 0.47467899999999996 0.35 0.440064 0.36410299999999995 0.414423 0.369231 0.39006399999999997 0.371154 0.351603 0.371795 0.334936 0.32628199999999996 0.374679 0.289103 0.42852599999999996 0.266026 0.48493600000000003 0.264103 0.49262799999999995 0.22692299999999999 0.5144230000000001 0.22628199999999998 0.564423 0.22628199999999998 0.638782 0.228846 0.669551 0.23717900000000003 0.700321 0.273718 0.677244 0.30064100000000005 0.673397 0.32243599999999994 0.678526 0.34679499999999996 0.672115
0 0.5891029999999999 0.834936 0.571795 0.813141 0.5493589999999999 0.7875 0.514103 0.715705 0.5070509999999999 0.686218 0.485256 0.659295 0.46923099999999995 0.6336539999999999 0.44615400000000005 0.688782 0.461538 0.7451920000000001 0.47179499999999996 0.790064 0.483333 0.858013 0.496154 0.900321 0.542949 0.910577 0.5660259999999999 0.896474 0.5756410000000001 0.879808 0.578846 0.8618589999999999
0 0.6980770000000001 0.973397 0.730769 0.919551 0.736538 0.888782 0.7391030000000001 0.8375 0.744872 0.796474 0.708974 0.729808 0.6948719999999999 0.700321 0.685256 0.669551 0.66859 0.6131409999999999 0.624359 0.601603 0.629487 0.668269 0.647436 0.718269 0.642308 0.810577 0.636538 0.879808 0.623718 0.940064 0.6814100000000001 0.979808
0 0.817308 0.8375 0.832051 0.795192 0.857051 0.766987 0.867949 0.69391 0.847436 0.6144229999999999 0.845513 0.558013 0.827564 0.454167 0.810897 0.40801299999999996 0.7833330000000001 0.418269 0.777564 0.48621800000000004 0.80641 0.566987 0.81859 0.6541669999999999 0.8243590000000001 0.711859 0.810897 0.7605770000000001 0.8051280000000001 0.819551
0 0.637821 0.463141 0.6596150000000001 0.40032100000000004 0.6320509999999999 0.310577 0.622436 0.26057699999999995 0.6179490000000001 0.229808 0.642949 0.209295 0.655769 0.208013 0.637821 0.12339699999999998 0.624359 0.08750000000000002 0.6166670000000001 0.146474 0.604487 0.190064 0.58141 0.19262800000000002 0.557051 0.21698700000000004 0.530769 0.29391 0.5346150000000001 0.39391 0.565385 0.440064 0.608333 0.46570500000000004
0 0.996154 0.64391 0.970513 0.6285259999999999 0.944231 0.618269 0.9666669999999999 0.5746789999999999 0.9673080000000001 0.558013 0.957051 0.5144230000000001 0.939103 0.499038 0.938462 0.44775600000000004 0.957051 0.40673099999999995 0.933974 0.36570499999999995 0.944231 0.299038 0.967949 0.24390999999999996 0.995513 0.21826900000000005 1.0 0.34647399999999995 0.984615 0.352885 0.964744 0.38878199999999996 0.997436 0.415705
0 0.73141 0.44519200000000003 0.7378210000000001 0.37083299999999997 0.732051 0.336218 0.708974 0.333654 0.6923079999999999 0.40929499999999996 0.7198720000000001 0.4375
0 0.898718 0.11314100000000005 0.905769 0.10416700000000001 0.916026 0.05544899999999997 0.929487 0.049038000000000026 0.946154 0.022114999999999996 0.948718 0.004167000000000032 0.859615 0.0067310000000000425 0.863462 0.06057699999999999 0.828846 0.07083300000000003 0.861538 0.100321 0.878846 0.11185900000000004
0 0.5346150000000001 0.17339700000000002 0.546154 0.16185899999999998 0.547436 0.07980799999999999 0.54359 0.061859 0.530769 0.05544899999999997 0.500641 0.083654 0.483333 0.09903799999999996 0.476923 0.1875 0.479487 0.206731 0.508974 0.18108999999999997
0 0.05320499999999995 0.24262799999999995 0.059614999999999974 0.102885 0.06923100000000004 0.06698700000000002 0.038461999999999996 0.029807999999999946 0.003846000000000016 0.04006399999999999 0.0032050000000000134 0.21057700000000001 0.025000000000000022 0.24006400000000006
0 0.42628200000000005 0.622115 0.47179499999999996 0.605449 0.474359 0.568269 0.45384599999999997 0.536218 0.42435900000000004 0.520833 0.414744 0.501603 0.40833299999999995 0.547756 0.38717900000000005 0.560577 0.38782099999999997 0.5875 0.395513 0.623397
0 0.832051 0.23878200000000005 0.837179 0.18365399999999998 0.838462 0.14262799999999998 0.825 0.11057700000000004 0.817949 0.12980800000000003 0.804487 0.186218 0.789103 0.17596199999999995 0.780769 0.13878199999999996 0.776923 0.11698699999999995 0.770513 0.100321 0.738462 0.12339699999999998 0.733974 0.16057699999999997 0.7429490000000001 0.17852599999999996 0.761538 0.19391000000000003 0.769231 0.24006400000000006 0.814103 0.270833 0.820513 0.25801300000000005