0 0.40192300000000003 0.819551 0.4 0.778526 0.38525600000000004 0.73109 0.36730799999999997 0.669551 0.34294899999999995 0.6528849999999999 0.31602600000000003 0.649038 0.30320499999999995 0.6092949999999999 0.25897400000000004 0.597756 0.23717900000000003 0.5913459999999999 0.211538 0.647756 0.21474400000000005 0.711859 0.29871800000000004 0.813141 0.35 0.840064 0.391026 0.820833
0 0.455769 0.684936 0.48141 0.620833 0.505128 0.6105769999999999 0.498718 0.5349360000000001 0.508974 0.506731 0.5314099999999999 0.49134599999999995 0.5711539999999999 0.47083299999999995 0.596795 0.42724399999999996 0.594231 0.36570499999999995 0.585256 0.328526 0.5096149999999999 0.295192 0.482692 0.252885 0.478846 0.21570500000000004 0.40897399999999995 0.204167 0.390385 0.24262799999999995 0.41153799999999996 0.313141 0.414744 0.38237200000000005 0.42435900000000004 0.49390999999999996 0.42371800000000004 0.5926279999999999 0.435897 0.666987
0 0.211538 0.415705 0.232051 0.38237200000000005 0.232692 0.23750000000000004 0.23717900000000003 0.1875 0.275 0.170833 0.29935900000000004 0.13878199999999996 0.33141 0.11185900000000004 0.33782100000000004 0.07724399999999998 0.34615399999999996 0.010576999999999948 0.17564100000000005 0.004167000000000032 0.15384600000000004 0.03878199999999998 0.14807700000000001 0.09775599999999995 0.126923 0.19775600000000004 0.09999999999999998 0.21570500000000004 0.08846200000000004 0.28237199999999996 0.10641 0.329808 0.11474399999999996 0.396474 0.17115400000000003 0.38109000000000004 0.19102600000000003 0.38493599999999994 0.19807699999999995 0.440064
0 0.026282000000000028 0.40160300000000004 0.05064100000000005 0.392628 0.07884599999999997 0.374679 0.035255999999999954 0.2875 0.0012820000000000054 0.24903799999999998 0.005128000000000021 0.411859
0 0.575 0.852885 0.598077 0.79391 0.587179 0.709295 0.5698719999999999 0.704167 0.546154 0.738782 0.54359 0.797756 0.544231 0.8375
0 0.833333 0.9041669999999999 0.853205 0.879808 0.892949 0.865705 0.904487 0.749038 0.921795 0.679808 0.934615 0.6144229999999999 0.910256 0.575962 0.883974 0.48750000000000004 0.850641 0.479808 0.828846 0.545192 0.8256410000000001 0.692628 0.80641 0.756731 0.7993589999999999 0.79391 0.804487 0.865705 0.792949 0.8644229999999999 0.773718 0.775962 0.752564 0.6875 0.728846 0.674679 0.705769 0.714423 0.702564 0.770833 0.6948719999999999 0.869551 0.701282 0.927244 0.773718 0.932372 0.81859 0.94391
0 0.996154 0.916987 0.975 0.89391 0.941667 0.856731 0.917949 0.772115 0.935897 0.725962 0.972436 0.73109 0.996154 0.750321
0 0.994872 0.6336539999999999 0.985256 0.599038 0.971795 0.5528850000000001 0.9666669999999999 0.536218 0.984615 0.49647399999999997 0.998077 0.500321 0.999359 0.606731
0 0.983333 0.40544899999999995 0.957692 0.40288500000000005 0.938462 0.43109 0.932692 0.38109000000000004 0.905128 0.38109000000000004 0.892308 0.372115 0.876923 0.356731 0.892308 0.27596200000000004 0.9076919999999999 0.25544900000000004 0.94359 0.296474 0.997436 0.327244 0.998077 0.36185900000000004
0 0.777564 0.520833 0.797436 0.477244 0.805769 0.4375 0.813462 0.395192 0.805769 0.36442300000000005 0.796795 0.40673099999999995 0.774359 0.433654 0.748718 0.47211499999999995 0.739744 0.5131410000000001 0.7608969999999999 0.525962
0 0.794231 0.17980799999999997 0.808333 0.12467899999999998 0.807692 0.09519200000000005 0.79359 0.07724399999999998 0.7858970000000001 0.06698700000000002 0.772436 0.082372 0.762821 0.147756 0.7801279999999999 0.17724399999999996
0 0.739744 0.30032099999999995 0.7391030000000001 0.250321 0.73141 0.23109000000000002 0.719231 0.21955100000000005 0.704487 0.21314100000000002 0.678205 0.229808 0.687821 0.288782 0.692949 0.316987 0.724359 0.295192
0 0.701282 0.05032099999999995 0.671154 0.032371999999999956 0.647436 0.04006399999999999 0.622436 0.043910000000000005 0.623718 0.004167000000000032 0.7128209999999999 0.008013000000000048 0.7032050000000001 0.027244000000000046
0 0.611538 0.170833 0.587179 0.14134599999999997 0.5685899999999999 0.14262799999999998 0.5589740000000001 0.13749999999999996 0.579487 0.09775599999999995 0.588462 0.06826900000000002 0.5769230000000001 0.008013000000000048 0.42628200000000005 0.0067310000000000425 0.42564100000000005 0.027244000000000046 0.457692 0.06698700000000002 0.46794899999999995 0.09391000000000005 0.49359 0.13621799999999995 0.525641 0.14006399999999997 0.536538 0.20032099999999997 0.54359 0.21057700000000001 0.564103 0.251603 0.601282 0.19134600000000002
0 0.414744 0.08109 0.389103 0.08109 0.373077 0.09006400000000003 0.357692 0.054166999999999965 0.389744 0.014422999999999964 0.40961499999999995 0.008013000000000048 0.414103 0.04006399999999999
0 0.016025999999999985 0.79391 0.02179500000000001 0.769551 0.04359000000000002 0.7233970000000001 0.04615400000000003 0.682372 0.045513000000000026 0.668269 0.02884600000000004 0.6541669999999999 0.019872 0.622115 0.0032050000000000134 0.606731 0.005128000000000021 0.8003210000000001