0 0.05897399999999997 0.695192 0.083974 0.659295 0.11858999999999997 0.646474 0.13333300000000003 0.5939099999999999 0.123718 0.5323720000000001 0.10128199999999998 0.49134599999999995 0.03717899999999996 0.48365400000000003 0.02179500000000001 0.48878200000000005 0.019230999999999998 0.546474 0.008974000000000038 0.645192 0.016666999999999987 0.666987 0.02692300000000003 0.677244
0 0.26217900000000005 0.856731 0.30897399999999997 0.7798080000000001 0.30705099999999996 0.747756 0.28141000000000005 0.728526 0.272436 0.697756 0.30384599999999995 0.6503209999999999 0.28269200000000005 0.615705 0.22307699999999997 0.658013 0.20640999999999998 0.682372 0.18910300000000002 0.7208330000000001 0.20512799999999998 0.806731 0.21794899999999995 0.8451919999999999
0 0.60641 0.8003210000000001 0.66859 0.7413460000000001 0.791026 0.674679 0.790385 0.600321 0.724359 0.5503210000000001 0.710256 0.547756 0.686538 0.568269 0.60641 0.646474 0.600641 0.664423 0.577564 0.666987 0.547436 0.668269 0.516026 0.699038 0.522436 0.774679 0.579487 0.799038
0 0.5769230000000001 0.9875 0.567949 0.918269 0.554487 0.877244 0.525641 0.874679 0.486538 0.933654 0.48717900000000003 0.997756 0.567949 0.992628
0 0.46923099999999995 0.93109 0.46794899999999995 0.866987 0.461538 0.8016030000000001 0.44999999999999996 0.786218 0.437179 0.716987 0.44615400000000005 0.638782 0.44999999999999996 0.599038 0.44423100000000004 0.566987 0.395513 0.523397 0.392308 0.541346 0.38653800000000005 0.627244 0.36346199999999995 0.732372 0.389744 0.751603 0.40448700000000004 0.7439100000000001 0.41153799999999996 0.7810900000000001 0.40833299999999995 0.820833 0.378205 0.810577 0.399359 0.849038 0.414103 0.854167 0.43140999999999996 0.886218 0.435256 0.918269 0.438462 0.929808 0.44999999999999996 0.929808
0 0.17948699999999995 0.5157050000000001 0.18846200000000002 0.46698700000000004 0.247436 0.455449 0.229487 0.30416699999999997 0.208333 0.272115 0.18205099999999996 0.313141 0.15448700000000004 0.329808 0.15384600000000004 0.350321 0.15705100000000005 0.5131410000000001 0.15961499999999995 0.565705
0 0.34230799999999995 0.522115 0.359615 0.5131410000000001 0.371154 0.5375 0.370513 0.47339699999999996 0.369231 0.46570500000000004 0.358333 0.42980799999999997 0.34679499999999996 0.418269 0.32692299999999996 0.418269 0.32499999999999996 0.43109 0.309615 0.509295 0.329487 0.519551
0 0.746795 0.47211499999999995 0.748077 0.433654 0.775 0.42724399999999996 0.817949 0.419551 0.832051 0.41057699999999997 0.850641 0.392628 0.858974 0.36442300000000005 0.8391029999999999 0.311859 0.778205 0.21826900000000005 0.744231 0.1875 0.725641 0.17596199999999995 0.703846 0.16314099999999998 0.677564 0.21185900000000002 0.666026 0.28493599999999997 0.6538459999999999 0.352885 0.616026 0.286218 0.547436 0.24262799999999995 0.5698719999999999 0.082372 0.566667 0.010576999999999948 0.48974399999999996 0.004167000000000032 0.46410300000000004 0.06826900000000002 0.436538 0.06698700000000002 0.40192300000000003 0.061859 0.380128 0.16442299999999999 0.391667 0.266987 0.437179 0.325962 0.526282 0.333654 0.594231 0.36826899999999996 0.6346149999999999 0.40544899999999995 0.662821 0.46826900000000005 0.7198720000000001 0.46698700000000004 0.732692 0.47467899999999996
0 0.916667 0.997756 0.916026 0.934936 0.921795 0.879808 0.952564 0.834936 0.998718 0.83109 0.999359 0.99391
0 0.992949 0.732372 0.957051 0.727244 0.940385 0.679808 0.937821 0.641346 0.953846 0.5939099999999999 0.976923 0.599038 0.998077 0.620833 0.998077 0.718269
0 0.994872 0.274679 0.971154 0.250321 0.944231 0.24647399999999997 0.950641 0.19903800000000005 0.96859 0.12467899999999998 0.982692 0.08109 0.996795 0.07339700000000005
0 0.877564 0.07724399999999998 0.86859 0.009295000000000053 0.783974 0.008013000000000048 0.801282 0.06955100000000003 0.8391029999999999 0.07852599999999998 0.8628210000000001 0.083654
0 0.692949 0.13749999999999996 0.694231 0.07467900000000005 0.662821 0.02852600000000005 0.641026 0.06442300000000001 0.642949 0.102885 0.667308 0.15288500000000005
0 0.13205100000000003 0.9875 0.13076900000000002 0.925962 0.11987199999999998 0.879808 0.10064099999999998 0.959295 0.09807699999999997 0.992628
0 0.004487000000000019 0.38365400000000005 0.06282100000000002 0.36955099999999996 0.06602600000000003 0.273397 0.05448699999999995 0.24134599999999995 0.04679500000000003 0.21570500000000004 0.0032050000000000134 0.17980799999999997
0 0.045513000000000026 0.16057699999999997 0.07756399999999997 0.11057700000000004 0.07884599999999997 0.08493600000000001 0.06859000000000004 0.014422999999999964 0.006410000000000027 0.008013000000000048 0.02884600000000004 0.05929499999999999 0.04230800000000001 0.09775599999999995