0 0.849359 0.869551 0.849359 0.846474 0.853846 0.8246789999999999 0.864744 0.855449 0.875641 0.827244 0.866667 0.79391 0.85641 0.756731 0.8416669999999999 0.740064 0.8230770000000001 0.756731 0.8051280000000001 0.773397 0.786538 0.820833 0.798718 0.8451919999999999 0.828846 0.840064 0.838462 0.851603
0 0.819231 0.6298079999999999 0.821795 0.618269 0.827564 0.605449 0.841026 0.597756 0.855128 0.602885 0.866026 0.583654 0.849359 0.575962 0.866026 0.5541670000000001 0.871154 0.5336540000000001 0.874359 0.48621800000000004 0.874359 0.45032099999999997 0.871154 0.42980799999999997 0.854487 0.416987 0.830128 0.45032099999999997 0.798718 0.44391 0.780769 0.423397 0.757692 0.372115 0.7429490000000001 0.35929500000000003 0.70641 0.375962 0.6923079999999999 0.40160300000000004 0.649359 0.411859 0.632692 0.40801299999999996 0.617308 0.442628 0.620513 0.48365400000000003 0.632692 0.49390999999999996 0.664103 0.497756 0.6826920000000001 0.49262799999999995 0.691667 0.461859 0.702564 0.47083299999999995 0.708974 0.49134599999999995 0.721795 0.505449 0.735256 0.519551 0.735256 0.568269 0.725641 0.586218 0.738462 0.6131409999999999 0.752564 0.596474 0.771154 0.606731 0.769872 0.623397 0.7826919999999999 0.6375 0.795513 0.627244 0.810256 0.627244
0 0.54359 0.666987 0.545513 0.622115 0.529487 0.6131409999999999 0.521154 0.596474 0.517308 0.5695509999999999 0.537821 0.519551 0.5711539999999999 0.519551 0.5756410000000001 0.49390999999999996 0.560897 0.451603 0.542308 0.42724399999999996 0.512821 0.40544899999999995 0.476923 0.40544899999999995 0.47179499999999996 0.47211499999999995 0.44487200000000005 0.525962 0.437179 0.5721149999999999 0.43140999999999996 0.622115 0.43397399999999997 0.708013 0.458333 0.697756 0.475 0.688782 0.48910299999999995 0.696474 0.507692 0.670833 0.523718 0.677244
0 0.395513 0.69391 0.40256400000000003 0.664423 0.4 0.634936 0.41217899999999996 0.615705 0.41025599999999995 0.608013 0.398718 0.5926279999999999 0.376923 0.583654 0.358974 0.577244 0.34102600000000005 0.582372 0.32435899999999995 0.596474 0.30769199999999997 0.623397 0.314103 0.669551 0.333974 0.678526 0.357051 0.697756 0.376282 0.686218 0.38397400000000004 0.710577
0 0.395513 0.906731 0.40705100000000005 0.8836539999999999 0.437821 0.866987 0.439744 0.8375 0.44294900000000004 0.796474 0.44359000000000004 0.765705 0.44166700000000003 0.747756 0.434615 0.728526 0.42371800000000004 0.716987 0.417949 0.755449 0.4 0.804167 0.395513 0.805449 0.38269200000000003 0.827244 0.372436 0.8439099999999999 0.36346199999999995 0.846474 0.34743599999999997 0.8836539999999999 0.351282 0.905449 0.38525600000000004 0.9028849999999999
0 0.29359 0.911859 0.30256400000000006 0.8836539999999999 0.32115400000000005 0.856731 0.31923100000000004 0.8375 0.31794900000000004 0.796474 0.315385 0.768269 0.30256400000000006 0.750321 0.295513 0.718269 0.292308 0.705449 0.28141000000000005 0.7208330000000001 0.274359 0.752885 0.270513 0.792628 0.266667 0.822115 0.266667 0.850321 0.269872 0.884936 0.28012800000000004 0.913141
0 0.15833299999999995 0.950321 0.17820499999999995 0.911859 0.18717899999999998 0.8644229999999999 0.167308 0.829808 0.146795 0.822115 0.12179499999999999 0.836218 0.11153800000000003 0.872115 0.10320499999999999 0.913141 0.12051299999999998 0.936218 0.14102599999999998 0.929808
0 0.039744 0.946474 0.045513000000000026 0.899038 0.06538500000000003 0.838782 0.08012799999999998 0.840064 0.084615 0.832372 0.085897 0.792628 0.08910300000000004 0.754167 0.08076899999999998 0.7221150000000001 0.06859000000000004 0.674679 0.04935900000000004 0.677244 0.040385000000000004 0.665705 0.02692300000000003 0.660577 0.0025640000000000107 0.679808 0.0032050000000000134 0.956731 0.015384999999999982 0.958013 0.030128000000000044 0.945192
0 0.625641 0.986218 0.626923 0.954167 0.610256 0.924679 0.603846 0.89391 0.6 0.873397 0.598718 0.840064 0.582692 0.8233969999999999 0.571795 0.832372 0.5564100000000001 0.858013 0.548718 0.918269 0.526923 0.955449 0.510256 0.992628 0.6141030000000001 0.990064
0 0.646154 0.797756 0.6621790000000001 0.770833 0.6564099999999999 0.7451920000000001 0.65 0.740064 0.632692 0.7375 0.6153850000000001 0.733654 0.5961540000000001 0.725962 0.580128 0.718269 0.560256 0.718269 0.557051 0.7413460000000001 0.5589740000000001 0.754167 0.565385 0.766987 0.576282 0.764423 0.588462 0.769551 0.5935900000000001 0.799038 0.6 0.8016030000000001 0.619231 0.8003210000000001 0.6346149999999999 0.799038
0 0.8019229999999999 0.978526 0.7993589999999999 0.955449 0.8019229999999999 0.919551 0.807051 0.908013 0.798718 0.888782 0.776282 0.88109 0.767308 0.869551 0.764103 0.865705 0.748718 0.88109 0.7429490000000001 0.906731 0.726282 0.925962 0.723077 0.934936 0.726282 0.974679 0.7429490000000001 0.968269 0.757692 0.969551 0.763462 0.975962 0.774359 0.99391 0.796795 0.991346
0 0.357692 0.44647400000000004 0.36602599999999996 0.418269 0.369872 0.40160300000000004 0.361538 0.38749999999999996 0.36217900000000003 0.356731 0.36794899999999997 0.31955100000000003 0.371154 0.30416699999999997 0.36538499999999996 0.266987 0.351282 0.23878200000000005 0.32884599999999997 0.21698700000000004 0.32243599999999994 0.206731 0.30576899999999996 0.19903800000000005 0.28205100000000005 0.23493600000000003 0.26153800000000005 0.26314099999999996 0.28012800000000004 0.297756 0.29359 0.334936 0.29615400000000003 0.38493599999999994 0.292308 0.433654 0.30384599999999995 0.441346 0.335897 0.441346 0.35 0.44903800000000005
0 0.06730800000000003 0.48365400000000003 0.07243599999999994 0.44391 0.08205099999999999 0.42596199999999995 0.09743599999999997 0.40673099999999995 0.11666699999999997 0.395192 0.11794899999999997 0.36570499999999995 0.11474399999999996 0.34262800000000004 0.105769 0.333654 0.07884599999999997 0.33109 0.05320499999999995 0.32211500000000004 0.030128000000000044 0.338782 0.01474399999999998 0.374679 0.010256000000000043 0.41057699999999997 0.016666999999999987 0.44519200000000003 0.047436000000000034 0.47211499999999995
0 0.24551299999999998 0.415705 0.275641 0.40544899999999995 0.28269200000000005 0.39391 0.271795 0.310577 0.255128 0.28108999999999995 0.23461500000000002 0.29391 0.19871799999999995 0.351603 0.20576899999999998 0.38621799999999995 0.22307699999999997 0.40416700000000005
0 0.5275639999999999 0.333654 0.535256 0.310577 0.523077 0.274679 0.521154 0.228526 0.5070509999999999 0.209295 0.49294899999999997 0.22467899999999996 0.474359 0.251603 0.477564 0.290064 0.5 0.316987 0.513462 0.32467900000000005
0 0.16025599999999995 0.19134600000000002 0.164103 0.12211499999999997 0.18589699999999998 0.07724399999999998 0.18525599999999998 0.056730999999999976 0.15833299999999995 0.043910000000000005 0.144872 0.09519200000000005 0.13846199999999997 0.12083299999999997 0.11666699999999997 0.147756 0.13461500000000004 0.18108999999999997
0 0.950641 0.19647400000000004 0.957692 0.16442299999999999 0.96859 0.16442299999999999 0.973077 0.14006399999999997 0.964744 0.12083299999999997 0.946795 0.10416700000000001 0.936538 0.08878200000000003 0.9076919999999999 0.06955100000000003 0.889744 0.11314100000000005 0.877564 0.12467899999999998 0.892949 0.16314099999999998 0.903205 0.17980799999999997 0.9288460000000001 0.17980799999999997 0.938462 0.21442300000000003
0 0.786538 0.169551 0.808333 0.16057699999999997 0.812179 0.13109000000000004 0.802564 0.09775599999999995 0.7826919999999999 0.082372 0.766026 0.083654 0.754487 0.10673100000000002 0.755769 0.15032100000000004 0.767949 0.16185899999999998
0 0.607692 0.169551 0.6358969999999999 0.15544899999999995 0.636538 0.13109000000000004 0.621154 0.11826899999999996 0.620513 0.07852599999999998 0.644231 0.06955100000000003 0.644231 0.03878199999999998 0.640385 0.023397 0.6358969999999999 0.005449000000000037 0.5493589999999999 0.008013000000000048 0.552564 0.051602999999999954 0.577564 0.083654 0.5782050000000001 0.12724400000000002 0.5782050000000001 0.15160300000000004 0.589744 0.16442299999999999
0 0.969872 0.619551 0.983333 0.579808 0.980769 0.5336540000000001 0.992949 0.506731 0.992949 0.49647399999999997 0.991026 0.46698700000000004 0.996795 0.434936 1.0 0.37852600000000003 0.982051 0.38109000000000004 0.976923 0.419551 0.960897 0.44775600000000004 0.957692 0.47211499999999995 0.947436 0.5298080000000001 0.951923 0.582372 0.948718 0.5951919999999999 0.912821 0.584936 0.898077 0.5875 0.880128 0.642628 0.891026 0.683654 0.904487 0.695192 0.925 0.642628 0.939744 0.624679
0 0.657051 0.646474 0.6717949999999999 0.625962 0.665385 0.5900639999999999 0.646154 0.5708329999999999 0.638462 0.5528850000000001 0.633974 0.542628 0.61859 0.5336540000000001 0.6141030000000001 0.541346 0.603205 0.566987 0.619872 0.5875 0.641026 0.625962 0.646795 0.641346