0 0.970513 0.725962 0.983333 0.636218 0.974359 0.5746789999999999 0.970513 0.540064 0.970513 0.527244 0.985256 0.516987 0.976923 0.47467899999999996 0.972436 0.47211499999999995 0.961538 0.442628 0.9666669999999999 0.38109000000000004 0.971154 0.377244 0.989744 0.356731 0.967949 0.30544899999999997 0.957051 0.291346 0.937179 0.30416699999999997 0.917308 0.328526 0.878846 0.41057699999999997 0.871154 0.45032099999999997 0.869872 0.536218 0.892949 0.5951919999999999 0.9083330000000001 0.664423 0.926282 0.711859 0.951282 0.738782
0 0.921154 0.8875 0.932692 0.796474 0.915385 0.738782 0.894872 0.732372 0.878205 0.725962 0.869872 0.714423 0.872436 0.777244 0.866667 0.797756 0.871154 0.834936 0.872436 0.868269 0.877564 0.888782 0.894872 0.9028849999999999 0.9083330000000001 0.897756
0 0.6801280000000001 0.874679 0.721795 0.840064 0.747436 0.783654 0.750641 0.751603 0.76859 0.704167 0.7858970000000001 0.673397 0.797436 0.6310899999999999 0.801282 0.588782 0.80641 0.565705 0.817949 0.504167 0.837179 0.506731 0.850641 0.506731 0.857692 0.479808 0.858333 0.419551 0.852564 0.38109000000000004 0.833333 0.31955100000000003 0.808974 0.309295 0.7846150000000001 0.32339700000000005 0.763462 0.36826899999999996 0.736538 0.40032100000000004 0.735897 0.434936 0.7166669999999999 0.54391 0.7211540000000001 0.606731 0.7166669999999999 0.64391 0.6961539999999999 0.649038 0.6583330000000001 0.690064 0.645513 0.7233970000000001 0.645513 0.7605770000000001 0.644231 0.810577 0.646795 0.856731 0.655769 0.890064
0 0.538462 0.736218 0.562179 0.718269 0.563462 0.5951919999999999 0.564103 0.561859 0.5685899999999999 0.47467899999999996 0.563462 0.40801299999999996 0.583333 0.334936 0.583333 0.32083300000000003 0.583333 0.295192 0.5660259999999999 0.286218 0.521795 0.24006400000000006 0.48846199999999995 0.25544900000000004 0.47243599999999997 0.26314099999999996 0.457051 0.28237199999999996 0.461538 0.34262800000000004 0.461538 0.39006399999999997 0.473718 0.48750000000000004 0.495513 0.461859 0.528205 0.46698700000000004 0.532051 0.497756 0.530769 0.5528850000000001 0.525 0.622115 0.494872 0.583654 0.473718 0.5746789999999999 0.454487 0.599038 0.459615 0.659295 0.510256 0.661859 0.519872 0.675962 0.507692 0.7208330000000001 0.516026 0.73109
0 0.48782099999999995 0.913141 0.480128 0.818269 0.473718 0.749038 0.459615 0.675962 0.42179500000000003 0.582372 0.389744 0.5554490000000001 0.355128 0.5900639999999999 0.33974400000000005 0.6323719999999999 0.395513 0.718269 0.412821 0.7875 0.416667 0.847756 0.461538 0.899038 0.47243599999999997 0.958013
0 0.335256 0.936218 0.34615399999999996 0.9028849999999999 0.34743599999999997 0.8451919999999999 0.353846 0.8003210000000001 0.36859 0.775962 0.34615399999999996 0.734936 0.312179 0.711859 0.289744 0.699038 0.24038499999999996 0.69391 0.20384599999999997 0.692628 0.208333 0.727244 0.23653800000000003 0.809295 0.25833300000000003 0.836218 0.269872 0.884936 0.270513 0.933654 0.270513 0.969551 0.28653799999999996 0.979808 0.315385 0.947756
0 0.232692 0.608013 0.24358999999999997 0.549038 0.24551299999999998 0.506731 0.23974399999999996 0.438782 0.21410300000000004 0.411859 0.166026 0.38365400000000005 0.16794900000000001 0.456731 0.18461499999999997 0.523397 0.207692 0.582372 0.21410300000000004 0.5926279999999999
0 0.358333 0.25544900000000004 0.38782099999999997 0.24775599999999998 0.415385 0.21314100000000002 0.42435900000000004 0.166987 0.436538 0.12596200000000002 0.44807699999999995 0.08493600000000001 0.438462 0.04519200000000001 0.42115400000000003 0.022114999999999996 0.4 0.0067310000000000425 0.376282 0.001603000000000021 0.360256 0.023397 0.34807699999999997 0.07980799999999999 0.330769 0.11314100000000005 0.31794900000000004 0.14262799999999998 0.30448699999999995 0.19391000000000003 0.30705099999999996 0.21442300000000003 0.335897 0.26314099999999996 0.34230799999999995 0.26314099999999996
0 0.6788460000000001 0.313141 0.695513 0.251603 0.707051 0.21955100000000005 0.717949 0.186218 0.6948719999999999 0.13621799999999995 0.666667 0.09262800000000004 0.654487 0.102885 0.6717949999999999 0.20288499999999998 0.669231 0.26185899999999995 0.646795 0.251603 0.630769 0.23493600000000003 0.610256 0.25544900000000004 0.607692 0.30160299999999995 0.636538 0.309295 0.6576919999999999 0.30544899999999997
0 0.905128 0.17980799999999997 0.934615 0.145192 0.905769 0.11570499999999995 0.815385 0.06057699999999999 0.801282 0.06826900000000002 0.770513 0.029807999999999946 0.7416670000000001 0.04006399999999999 0.736538 0.061859 0.778846 0.12852600000000003 0.816667 0.17980799999999997 0.839744 0.184936 0.869231 0.18237199999999998
0 0.997436 0.170833 0.984615 0.15673099999999995 0.961538 0.17339700000000002 0.947436 0.16185899999999998 0.942949 0.12980800000000003 0.946154 0.100321 0.932692 0.06442300000000001 0.9288460000000001 0.049038000000000026 0.933974 0.009295000000000053 0.997436 0.008013000000000048
0 0.06666700000000003 0.986218 0.06730800000000003 0.93109 0.04423100000000002 0.890064 0.026282000000000028 0.866987 0.0032050000000000134 0.8233969999999999 0.0025640000000000107 0.990064