0 0.6621790000000001 0.5375 0.697436 0.49134599999999995 0.720513 0.39006399999999997 0.710897 0.34391000000000005 0.690385 0.33109 0.667308 0.310577 0.6608970000000001 0.352885 0.648718 0.416987 0.629487 0.506731 0.63141 0.546474 0.651282 0.5375
0 0.579487 0.558013 0.589744 0.482372 0.586538 0.459295 0.570513 0.438782 0.552564 0.433654 0.560897 0.520833 0.564744 0.560577 0.586538 0.5708329999999999
0 0.74359 0.979808 0.7801279999999999 0.8875 0.792949 0.859295 0.7403850000000001 0.804167 0.748718 0.759295 0.757051 0.699038 0.747436 0.678526 0.7185900000000001 0.700321 0.707692 0.784936 0.698718 0.797756 0.6551279999999999 0.79391 0.624359 0.849038 0.605769 0.868269 0.5782050000000001 0.856731 0.552564 0.811859 0.510256 0.841346 0.535256 0.911859 0.516026 0.984936 0.526282 0.99391 0.563462 0.990064 0.595513 0.932372 0.6358969999999999 0.954167 0.641667 0.992628 0.737179 0.995192
0 0.986538 0.833654 0.950641 0.89391 0.934615 0.942628 0.900641 0.983654 0.887821 0.965705 0.895513 0.908013 0.885256 0.877244 0.907051 0.822115 0.916667 0.778526 0.954487 0.682372 0.99359 0.6323719999999999 0.998077 0.8233969999999999
0 0.994872 0.17467900000000003 0.978205 0.15673099999999995 0.983333 0.11955099999999996 0.986538 0.09519200000000005 0.983333 0.08109 0.96859 0.07467900000000005 0.958333 0.12724400000000002 0.932051 0.09006400000000003 0.937821 0.005449000000000037 0.998077 0.005449000000000037 0.998077 0.149038
0 0.439103 0.8439099999999999 0.44679500000000005 0.7439100000000001 0.458974 0.695192 0.455769 0.655449 0.378205 0.655449 0.34423099999999995 0.625962 0.34551299999999996 0.527244 0.269872 0.49647399999999997 0.24102599999999996 0.49390999999999996 0.208974 0.519551 0.18974400000000002 0.560577 0.210897 0.672115 0.23910299999999995 0.714423 0.30897399999999997 0.7464740000000001 0.350641 0.865705 0.38653800000000005 0.873397 0.42884599999999995 0.829808
0 0.167308 0.811859 0.144872 0.7426280000000001 0.13717900000000005 0.705449 0.144231 0.677244 0.16217899999999996 0.675962 0.164744 0.5926279999999999 0.15512800000000004 0.5721149999999999 0.15128200000000003 0.499038 0.14871800000000002 0.48878200000000005 0.10961500000000002 0.5157050000000001 0.09679499999999996 0.618269 0.09230799999999995 0.665705 0.06538500000000003 0.699038 0.06282100000000002 0.775962 0.060255999999999976 0.808013 0.08910300000000004 0.815705 0.11858999999999997 0.806731 0.13974399999999998 0.849038 0.16217899999999996 0.827244
0 0.12948700000000002 0.43109 0.16153799999999996 0.27980799999999995 0.16987200000000002 0.24006400000000006 0.18140999999999996 0.13621799999999995 0.15961499999999995 0.03878199999999998 0.15320500000000004 0.0028850000000000264 0.048077000000000036 0.009295000000000053 0.05128200000000005 0.054166999999999965 0.07307699999999995 0.06826900000000002 0.086538 0.15673099999999995 0.07435899999999995 0.23878200000000005 0.032692000000000054 0.272115 0.03589699999999996 0.40288500000000005 0.02692300000000003 0.477244 0.04871800000000004 0.455449 0.06282100000000002 0.502885 0.04871800000000004 0.5349360000000001 0.06987200000000005 0.563141 0.084615 0.458013 0.10705100000000001 0.42980799999999997
0 0.44679500000000005 0.34647399999999995 0.458974 0.30416699999999997 0.437821 0.252885 0.42243600000000003 0.23365400000000003 0.38205100000000003 0.19903800000000005 0.358974 0.24006400000000006 0.371154 0.308013 0.41025599999999995 0.333654
0 0.530769 0.286218 0.524359 0.21955100000000005 0.5070509999999999 0.15288500000000005 0.476282 0.15673099999999995 0.476923 0.206731 0.479487 0.22083299999999995 0.462179 0.26185899999999995 0.47115399999999996 0.28365399999999996 0.500641 0.26442299999999996 0.521795 0.30032099999999995 0.529487 0.311859
0 0.494872 0.12211499999999997 0.5070509999999999 0.05801299999999998 0.510256 0.008013000000000048 0.460897 0.008013000000000048 0.455769 0.04006399999999999 0.46858999999999995 0.100321 0.47243599999999997 0.13237200000000005 0.484615 0.14134599999999997 0.48974399999999996 0.13109000000000004
0 0.36538499999999996 0.09903799999999996 0.36474399999999996 0.04006399999999999 0.36730799999999997 0.005449000000000037 0.31602600000000003 0.0028850000000000264 0.309615 0.07339700000000005 0.314744 0.09519200000000005 0.351282 0.11314100000000005 0.359615 0.10673100000000002