0 0.771154 0.5721149999999999 0.791026 0.536218 0.786538 0.46955100000000005 0.765385 0.44391 0.728846 0.422115 0.728205 0.38493599999999994 0.7391030000000001 0.27724400000000005 0.711538 0.19775600000000004 0.6980770000000001 0.18237199999999998 0.66859 0.21442300000000003 0.626282 0.24134599999999995 0.5961540000000001 0.308013 0.621795 0.38109000000000004 0.653205 0.46570500000000004 0.6608970000000001 0.506731 0.6608970000000001 0.58109 0.685256 0.608013 0.7198720000000001 0.575962 0.764103 0.579808
0 0.826282 0.36185900000000004 0.872436 0.318269 0.944231 0.2875 0.959615 0.21185900000000002 0.942949 0.15801299999999996 0.930769 0.11570499999999995 0.900641 0.10673100000000002 0.875641 0.10416700000000001 0.847436 0.07467900000000005 0.782051 0.010576999999999948 0.7141029999999999 0.07339700000000005 0.714744 0.13621799999999995 0.772436 0.18108999999999997 0.8211539999999999 0.21570500000000004 0.825 0.295192 0.823718 0.333654
0 0.942308 0.716987 0.912179 0.686218 0.896795 0.692628 0.880128 0.7426280000000001 0.871795 0.758013 0.835256 0.699038 0.80641 0.701603 0.8 0.672115 0.814103 0.596474 0.867308 0.584936 0.901282 0.5541670000000001 0.934615 0.538782 0.960256 0.566987 0.9666669999999999 0.5144230000000001 0.995513 0.559295 0.992949 0.615705 0.977564 0.624679 0.962821 0.640064 0.964744 0.660577 0.953846 0.697756 0.934615 0.718269
0 0.875 0.950321 0.879487 0.934936 0.870513 0.8644229999999999 0.851923 0.877244 0.830769 0.920833 0.842949 0.956731 0.870513 0.960577
0 0.833974 0.986218 0.8243590000000001 0.94391 0.7858970000000001 0.941346 0.770513 0.942628 0.7621789999999999 0.991346 0.828205 0.995192
0 0.703846 0.990064 0.712179 0.941346 0.7224360000000001 0.906731 0.6993590000000001 0.879808 0.677564 0.860577 0.6717949999999999 0.888782 0.666026 0.928526 0.63141 0.99391
0 0.607051 0.659295 0.5698719999999999 0.601603 0.576282 0.541346 0.557051 0.54391 0.5371790000000001 0.579808 0.525 0.599038 0.5083329999999999 0.505449 0.516026 0.455449 0.508974 0.40801299999999996 0.474359 0.44519200000000003 0.42435900000000004 0.5118590000000001 0.38525600000000004 0.58109 0.391026 0.6298079999999999 0.46410300000000004 0.6375 0.498718 0.665705 0.5371790000000001 0.660577 0.553205 0.688782 0.576282 0.679808
0 0.361538 0.846474 0.42371800000000004 0.832372 0.358974 0.756731 0.33782100000000004 0.7208330000000001 0.33910300000000004 0.69391 0.312821 0.701603 0.31730800000000003 0.777244 0.32435899999999995 0.834936
0 0.27756400000000003 0.656731 0.335256 0.627244 0.34358999999999995 0.5875 0.31730800000000003 0.558013 0.28525599999999995 0.546474 0.266667 0.597756 0.246795 0.6310899999999999
0 0.34551299999999996 0.984936 0.32179500000000005 0.920833 0.291026 0.910577 0.264103 0.927244 0.24230799999999997 0.963141 0.248077 0.996474 0.335256 0.992628
0 0.25769200000000003 0.48750000000000004 0.30128200000000005 0.40416700000000005 0.34551299999999996 0.351603 0.38589700000000005 0.32211500000000004 0.355128 0.251603 0.32499999999999996 0.19519200000000003 0.27820500000000004 0.170833 0.24487199999999998 0.21057700000000001 0.18140999999999996 0.27596200000000004 0.16923100000000002 0.38237200000000005 0.15576900000000005 0.44903800000000005 0.18910300000000002 0.40801299999999996 0.21538500000000005 0.40416700000000005 0.22051299999999996 0.506731 0.24487199999999998 0.47467899999999996
0 0.628846 0.16442299999999999 0.651923 0.11442300000000005 0.662821 0.02596200000000004 0.630769 0.004167000000000032 0.552564 0.0067310000000000425 0.560256 0.06442300000000001 0.570513 0.13749999999999996 0.526282 0.12980800000000003 0.502564 0.013140999999999958 0.43333299999999997 0.004167000000000032 0.42243600000000003 0.041345999999999994 0.41153799999999996 0.13109000000000004 0.44294900000000004 0.166987 0.497436 0.17596199999999995 0.570513 0.26570499999999997 0.603846 0.23878200000000005 0.621154 0.15801299999999996
0 0.16153799999999996 0.27852600000000005 0.16859000000000002 0.16057699999999997 0.16794900000000001 0.11442300000000005 0.166667 0.07339700000000005 0.145513 0.010576999999999948 0.07435899999999995 0.004167000000000032 0.08205099999999999 0.049038000000000026 0.11282099999999995 0.11955099999999996 0.127564 0.186218 0.13205100000000003 0.295192 0.142308 0.34775599999999995 0.15256400000000003 0.313141
0 0.010256000000000043 0.482372 0.038461999999999996 0.416987 0.050000000000000044 0.39006399999999997 0.04230800000000001 0.338782 0.035255999999999954 0.24390999999999996 0.032692000000000054 0.15929499999999996 0.004487000000000019 0.15673099999999995 0.010256000000000043 0.25673100000000004 0.02884600000000004 0.328526 0.004487000000000019 0.351603 0.003846000000000016 0.47211499999999995
0 0.11025600000000002 0.79391 0.13717900000000005 0.765705 0.15705100000000005 0.734936 0.127564 0.718269 0.08205099999999999 0.699038 0.09294899999999995 0.7823720000000001