0 0.334615 0.784936 0.375641 0.702885 0.42243600000000003 0.6503209999999999 0.437821 0.64391 0.392308 0.538782 0.358974 0.47339699999999996 0.30769199999999997 0.545192 0.289103 0.5516030000000001 0.24230799999999997 0.5951919999999999 0.21602600000000005 0.624679 0.230128 0.709295 0.233333 0.752885 0.263462 0.719551 0.28076900000000005 0.7233970000000001 0.275641 0.820833 0.291026 0.829808
0 0.380128 0.949038 0.396795 0.93109 0.40320500000000004 0.910577 0.371795 0.856731 0.34294899999999995 0.879808 0.314744 0.929808 0.31859000000000004 0.956731 0.360897 0.9375
0 0.670513 0.9875 0.655769 0.951603 0.639744 0.932372 0.626923 0.877244 0.60641 0.892628 0.599359 0.914423 0.58141 0.905449 0.585897 0.832372 0.583974 0.728526 0.5480769999999999 0.7464740000000001 0.519872 0.791346 0.494872 0.832372 0.47179499999999996 0.851603 0.46410300000000004 0.913141 0.46346200000000004 0.955449 0.514103 0.942628 0.560256 0.992628 0.598077 0.966987 0.610256 0.99391 0.6608970000000001 0.995192
0 0.845513 0.988782 0.880128 0.947756 0.901923 0.910577 0.924359 0.896474 0.998077 0.854167 1.0 0.996474
0 0.770513 0.905449 0.811538 0.878526 0.864744 0.856731 0.860897 0.822115 0.827564 0.79391 0.782051 0.729808 0.79359 0.673397 0.811538 0.597756 0.753846 0.48365400000000003 0.724359 0.499038 0.688462 0.549038 0.6621790000000001 0.579808 0.658974 0.618269 0.6948719999999999 0.691346 0.729487 0.7810900000000001 0.730128 0.8246789999999999 0.728846 0.870833 0.75 0.927244
0 0.994872 0.6131409999999999 0.953205 0.6375 0.874359 0.678526 0.895513 0.5541670000000001 0.878846 0.49647399999999997 0.854487 0.477244 0.837179 0.46955100000000005 0.764103 0.416987 0.789744 0.358013 0.830128 0.31955100000000003 0.85641 0.328526 0.901923 0.397756 0.936538 0.42596199999999995 0.960256 0.4375 0.996795 0.44903800000000005
0 0.6583330000000001 0.541346 0.673718 0.47083299999999995 0.689103 0.44391 0.720513 0.38493599999999994 0.726923 0.36955099999999996 0.684615 0.30032099999999995 0.654487 0.22211499999999995 0.651282 0.188782 0.642308 0.10801300000000003 0.621795 0.08750000000000002 0.600641 0.08878200000000003 0.585897 0.100321 0.573718 0.102885 0.514744 0.06570500000000001 0.45192299999999996 0.05801299999999998 0.40448700000000004 0.11955099999999996 0.40384600000000004 0.268269 0.437821 0.309295 0.485256 0.25673100000000004 0.49359 0.37852600000000003 0.48717900000000003 0.41057699999999997 0.494872 0.46955100000000005 0.600641 0.508013 0.6551279999999999 0.559295
0 0.32243599999999994 0.273397 0.35641 0.24134599999999995 0.34615399999999996 0.17211500000000002 0.350641 0.13621799999999995 0.36602599999999996 0.08878200000000003 0.369872 0.008013000000000048 0.167308 0.011858999999999953 0.16923100000000002 0.13237200000000005 0.18333299999999997 0.15801299999999996 0.22499999999999998 0.14262799999999998 0.254487 0.11314100000000005 0.28717899999999996 0.09262800000000004 0.288462 0.16057699999999997 0.294231 0.26185899999999995 0.315385 0.27596200000000004
0 0.22435899999999998 0.5939099999999999 0.23846199999999995 0.502885 0.23910299999999995 0.397756 0.21346200000000004 0.351603 0.19423100000000004 0.251603 0.16025599999999995 0.269551 0.13846199999999997 0.306731 0.17115400000000003 0.458013 0.19423100000000004 0.58109 0.19551300000000005 0.6528849999999999
0 0.01474399999999998 0.266987 0.05448699999999995 0.22083299999999995 0.084615 0.22211499999999995 0.083974 0.169551 0.055127999999999955 0.08493600000000001 0.001923000000000008 0.03493599999999997 0.003846000000000016 0.26314099999999996
0 0.035255999999999954 0.827244 0.07115400000000005 0.792628 0.086538 0.755449 0.09423099999999995 0.728526 0.09807699999999997 0.702885 0.11346199999999995 0.655449 0.11153800000000003 0.6336539999999999 0.09743599999999997 0.623397 0.07435899999999995 0.665705 0.05320499999999995 0.6528849999999999 0.045513000000000026 0.655449 0.025000000000000022 0.736218 0.019872 0.8016030000000001 0.006410000000000027 0.8439099999999999 0.037820999999999994 0.840064