0 0.745513 0.991346 0.724359 0.963141 0.728846 0.938782 0.66859 0.913141 0.648718 0.877244 0.642949 0.750321 0.6333329999999999 0.728526 0.6179490000000001 0.7233970000000001 0.585256 0.725962 0.583333 0.7618590000000001 0.5916669999999999 0.8426279999999999 0.584615 0.874679 0.5730770000000001 0.915705 0.555769 0.996474 0.725641 0.995192
0 0.889744 0.8875 0.851282 0.899038 0.828205 0.890064 0.821795 0.88109 0.83141 0.840064 0.8256410000000001 0.778526 0.853205 0.797756 0.876282 0.836218
0 0.47051299999999996 0.988782 0.46730799999999995 0.955449 0.435256 0.888782 0.40320500000000004 0.870833 0.36474399999999996 0.951603 0.34679499999999996 0.923397 0.35 0.879808 0.348718 0.8618589999999999 0.30833299999999997 0.852885 0.26089700000000005 0.872115 0.21987199999999996 0.851603 0.208333 0.788782 0.18717899999999998 0.773397 0.17179500000000003 0.766987 0.12243599999999999 0.879808 0.13269200000000003 0.927244 0.19871799999999995 0.966987 0.251923 0.936218 0.290385 0.977244 0.30192300000000005 0.956731 0.32115400000000005 0.975962 0.32307699999999995 0.99391 0.46474400000000005 0.995192
0 0.577564 0.665705 0.5878209999999999 0.623397 0.582692 0.597756 0.562179 0.599038 0.532051 0.668269 0.5371790000000001 0.695192 0.5673079999999999 0.706731 0.5698719999999999 0.675962
0 0.989744 0.673397 0.980769 0.679808 0.946154 0.706731 0.944872 0.675962 0.941026 0.618269 0.913462 0.5900639999999999 0.887821 0.559295 0.878846 0.5516030000000001 0.858333 0.5528850000000001 0.8448720000000001 0.584936 0.837179 0.5926279999999999 0.8198719999999999 0.556731 0.823718 0.504167 0.830769 0.436218 0.854487 0.38749999999999996 0.900641 0.40032100000000004 0.988462 0.49006400000000006 0.996154 0.5118590000000001
0 0.675 0.461859 0.689744 0.414423 0.70641 0.38878199999999996 0.710256 0.34262800000000004 0.7032050000000001 0.309295 0.6980770000000001 0.251603 0.686538 0.24134599999999995 0.6717949999999999 0.250321 0.6576919999999999 0.315705 0.642308 0.36698699999999995 0.644231 0.38365400000000005 0.6608970000000001 0.47467899999999996 0.669872 0.497756
0 0.35 0.560577 0.412821 0.47339699999999996 0.416026 0.44391 0.389103 0.418269 0.38205100000000003 0.36185900000000004 0.38205100000000003 0.31955100000000003 0.34743599999999997 0.272115 0.31859000000000004 0.19262800000000002 0.31859000000000004 0.17596199999999995 0.27948700000000004 0.24262799999999995 0.266667 0.25929500000000005 0.23525600000000002 0.272115 0.21602600000000005 0.311859 0.23461500000000002 0.372115 0.253846 0.40032100000000004 0.30512799999999995 0.40673099999999995 0.30000000000000004 0.456731 0.312179 0.5157050000000001 0.329487 0.560577
0 0.03141000000000005 0.525962 0.10192299999999999 0.47467899999999996 0.15641000000000005 0.434936 0.19230800000000003 0.411859 0.19423100000000004 0.356731 0.19743599999999994 0.31955100000000003 0.17243600000000003 0.25544900000000004 0.141667 0.1875 0.128205 0.19391000000000003 0.09743599999999997 0.227244 0.08012799999999998 0.26185899999999995 0.06602600000000003 0.33109 0.04615400000000003 0.36826899999999996 0.020513000000000003 0.25929500000000005 0.005769000000000024 0.19647400000000004 0.0032050000000000134 0.536218 0.015384999999999982 0.5131410000000001 0.02435900000000002 0.5144230000000001
0 0.984615 0.165705 0.954487 0.206731 0.89359 0.23365400000000003 0.877564 0.21185900000000002 0.887821 0.15032100000000004 0.892308 0.101603 0.8871789999999999 0.05801299999999998 0.921154 0.07467900000000005 0.937179 0.10416700000000001 0.957051 0.05288499999999996 0.982692 0.03365399999999996 0.989103 0.100321
0 0.888462 0.30160299999999995 0.86859 0.23493600000000003 0.861538 0.20288499999999998 0.835256 0.269551 0.839744 0.290064 0.86859 0.310577
0 0.783974 0.21057700000000001 0.810256 0.19775600000000004 0.8019229999999999 0.16057699999999997 0.789744 0.15288500000000005 0.758974 0.17980799999999997
0 0.601282 0.19262800000000002 0.635256 0.19647400000000004 0.628846 0.13621799999999995 0.622436 0.12467899999999998 0.5935900000000001 0.13365400000000005 0.551282 0.15673099999999995 0.580769 0.19775600000000004
0 0.573718 0.452885 0.564744 0.377244 0.517949 0.375962 0.479487 0.41057699999999997 0.46346200000000004 0.416987 0.455769 0.36955099999999996 0.458333 0.314423 0.502564 0.22467899999999996 0.437821 0.204167 0.416667 0.24519199999999997 0.415385 0.311859 0.43140999999999996 0.38878199999999996 0.44230800000000003 0.47467899999999996 0.498077 0.502885 0.511538 0.479808 0.525641 0.463141 0.54359 0.46698700000000004 0.564103 0.46698700000000004
0 0.15769200000000005 0.13365400000000005 0.19871799999999995 0.06057699999999999 0.20384599999999997 0.024679000000000006 0.18910300000000002 0.014422999999999964 0.13525600000000004 0.011858999999999953 0.128205 0.04006399999999999 0.12884600000000002 0.09903799999999996 0.128205 0.13237200000000005 0.15128200000000003 0.13621799999999995