0 0.9064099999999999 0.973397 0.876282 0.925962 0.884615 0.869551 0.910897 0.874679 0.9083330000000001 0.786218 0.902564 0.750321 0.862179 0.778526 0.812179 0.806731 0.7801279999999999 0.850321 0.765385 0.919551 0.794231 0.968269 0.817308 0.995192 0.9096150000000001 0.99391
0 0.728205 0.9875 0.713462 0.929808 0.726923 0.901603 0.761538 0.8451919999999999 0.760256 0.8016030000000001 0.735897 0.764423 0.660256 0.696474 0.619231 0.68109 0.573718 0.672115 0.538462 0.706731 0.521154 0.7618590000000001 0.525 0.786218 0.5698719999999999 0.856731 0.5935900000000001 0.934936 0.579487 0.99391 0.723077 0.995192
0 0.46538500000000005 0.908013 0.45064099999999996 0.850321 0.458333 0.774679 0.46538500000000005 0.733654 0.46730799999999995 0.636218 0.46538500000000005 0.563141 0.436538 0.547756 0.36602599999999996 0.624679 0.32628199999999996 0.68109 0.30000000000000004 0.802885 0.253205 0.925962 0.22692299999999999 0.918269 0.19551300000000005 0.925962 0.163462 0.961859 0.15448700000000004 0.99391 0.372436 0.99391 0.391026 0.933654 0.40705100000000005 0.923397 0.460897 0.929808
0 0.126282 0.936218 0.145513 0.899038 0.15512800000000004 0.868269 0.15576900000000005 0.8426279999999999 0.141667 0.814423 0.12115399999999998 0.815705 0.11217900000000003 0.808013 0.10128199999999998 0.8246789999999999 0.10320499999999999 0.874679 0.10897400000000002 0.922115 0.10961500000000002 0.951603
0 0.02884600000000004 0.906731 0.05128200000000005 0.886218 0.06282100000000002 0.834936 0.05705099999999996 0.802885 0.04935900000000004 0.758013 0.04423100000000002 0.747756 0.001923000000000008 0.677244 0.0032050000000000134 0.938782 0.005128000000000021 0.916987
0 0.142949 0.5721149999999999 0.15641000000000005 0.5323720000000001 0.164744 0.48365400000000003 0.165385 0.46955100000000005 0.147436 0.458013 0.12243599999999999 0.4375 0.11217900000000003 0.397756 0.09038500000000005 0.39006399999999997 0.08076899999999998 0.440064 0.10128199999999998 0.499038 0.11346199999999995 0.536218
0 0.353846 0.527244 0.360256 0.454167 0.35641 0.40160300000000004 0.360256 0.37980800000000003 0.392308 0.354167 0.41089699999999996 0.36442300000000005 0.48910299999999995 0.352885 0.498718 0.27980799999999995 0.48910299999999995 0.208013 0.47243599999999997 0.168269 0.45641 0.14006399999999997 0.42179500000000003 0.14134599999999997 0.40641000000000005 0.17467900000000003 0.39359 0.25416700000000003 0.374359 0.2875 0.31666700000000003 0.314423 0.28461499999999995 0.352885 0.263462 0.41057699999999997 0.292308 0.49134599999999995 0.32307699999999995 0.5375 0.335897 0.542628
0 0.6961539999999999 0.641346 0.703846 0.5336540000000001 0.667308 0.478526 0.6583330000000001 0.40801299999999996 0.657051 0.37852600000000003 0.666026 0.31955100000000003 0.6923079999999999 0.308013 0.752564 0.2875 0.757692 0.25929500000000005 0.750641 0.19647400000000004 0.739744 0.184936 0.648718 0.21185900000000002 0.633974 0.21570500000000004 0.613462 0.21826900000000005 0.591026 0.23109000000000002 0.579487 0.20032099999999997 0.564744 0.16057699999999997 0.558333 0.11570499999999995 0.538462 0.11314100000000005 0.526282 0.11442300000000005 0.525 0.14262799999999998 0.535256 0.21185900000000002 0.5275639999999999 0.25544900000000004 0.5314099999999999 0.37083299999999997 0.541667 0.42852599999999996 0.562179 0.508013 0.5961540000000001 0.6285259999999999
0 0.903205 0.702885 0.923077 0.642628 0.951923 0.627244 0.978846 0.605449 0.996154 0.559295 0.996795 0.5157050000000001 0.971154 0.482372 0.954487 0.47083299999999995 0.932051 0.524679 0.914103 0.540064 0.862179 0.5105770000000001 0.842949 0.579808 0.845513 0.642628 0.879487 0.710577
0 0.08012799999999998 0.34775599999999995 0.086538 0.32083300000000003 0.126923 0.34391000000000005 0.127564 0.3375 0.142308 0.23621800000000004 0.13846199999999997 0.21698700000000004 0.13333300000000003 0.1875 0.10769200000000001 0.15160300000000004 0.08012799999999998 0.12211499999999997 0.04871800000000004 0.13878199999999996 0.03461499999999995 0.16057699999999997 0.03461499999999995 0.19775600000000004 0.045513000000000026 0.26442299999999996 0.05640999999999996 0.358013
0 0.19423100000000004 0.08493600000000001 0.18974400000000002 0.02852600000000005 0.19743599999999994 0.005449000000000037 0.08333299999999999 0.009295000000000053 0.09038500000000005 0.029807999999999946 0.13653800000000005 0.06442300000000001 0.16153799999999996 0.041345999999999994 0.17435900000000004 0.04006399999999999 0.18076899999999996 0.09391000000000005
0 0.991026 0.03365399999999996 0.978846 0.032371999999999956 0.9666669999999999 0.061859 0.960897 0.09262800000000004 0.93141 0.11955099999999996 0.896154 0.13621799999999995 0.879487 0.12724400000000002 0.885256 0.08493600000000001 0.900641 0.06057699999999999 0.905769 0.04006399999999999 0.917308 0.0067310000000000425 0.996154 0.0067310000000000425 0.997436 0.027244000000000046
0 0.835256 0.019550999999999985 0.834615 0.03749999999999998 0.811538 0.03878199999999998 0.7993589999999999 0.043910000000000005 0.783974 0.05032099999999995 0.764744 0.03878199999999998 0.767949 0.0067310000000000425 0.834615 0.005449000000000037