0 0.310897 0.986218 0.31602600000000003 0.938782 0.32692299999999996 0.914423 0.314103 0.879808 0.292949 0.8644229999999999 0.27692300000000003 0.8451919999999999 0.232051 0.822115 0.20705099999999999 0.811859 0.18205099999999996 0.88109 0.17179500000000003 0.914423 0.20064099999999996 0.94391 0.21474400000000005 0.9875 0.22115399999999996 0.99391 0.30192300000000005 0.996474
0 0.18012799999999995 0.714423 0.20576899999999998 0.695192 0.20705099999999999 0.672115 0.20256399999999997 0.6298079999999999 0.20192299999999996 0.601603 0.20064099999999996 0.577244 0.18589699999999998 0.5503210000000001 0.16859000000000002 0.5118590000000001 0.15705100000000005 0.49262799999999995 0.13461500000000004 0.5131410000000001 0.10961500000000002 0.528526 0.11217900000000003 0.601603 0.11858999999999997 0.6298079999999999 0.142949 0.624679 0.14935900000000002 0.6541669999999999 0.166026 0.679808 0.17500000000000004 0.702885
0 0.03589699999999996 0.5900639999999999 0.05576899999999996 0.5721149999999999 0.06538500000000003 0.560577 0.05833299999999997 0.5298080000000001 0.048077000000000036 0.516987 0.037820999999999994 0.522115 0.02243600000000001 0.549038 0.017948999999999993 0.564423 0.017948999999999993 0.588782
0 0.15192300000000003 0.478526 0.15320500000000004 0.456731 0.15320500000000004 0.40544899999999995 0.146795 0.392628 0.13653800000000005 0.38749999999999996 0.11923099999999998 0.39006399999999997 0.12051299999999998 0.411859 0.13910299999999998 0.432372 0.14038499999999998 0.46442300000000003 0.144872 0.48878200000000005
0 0.062178999999999984 0.375962 0.07179500000000005 0.338782 0.07115400000000005 0.309295 0.06666700000000003 0.30160299999999995 0.05576899999999996 0.292628 0.05384599999999995 0.316987 0.039103 0.34134600000000004 0.026282000000000028 0.36826899999999996 0.037820999999999994 0.36955099999999996 0.05192300000000005 0.36826899999999996
0 0.023718000000000017 0.308013 0.04166700000000001 0.299038 0.04871800000000004 0.27980799999999995 0.03397399999999995 0.273397 0.023077000000000014 0.26314099999999996 0.006410000000000027 0.26185899999999995 0.0032050000000000134 0.30032099999999995
0 0.11153800000000003 0.18237199999999998 0.12243599999999999 0.166987 0.142308 0.165705 0.15128200000000003 0.17467900000000003 0.15769200000000005 0.19519200000000003 0.16217899999999996 0.145192 0.15769200000000005 0.12852600000000003 0.14038499999999998 0.100321 0.13269200000000003 0.08621800000000002 0.11923099999999998 0.07724399999999998 0.105128 0.09647399999999995 0.09679499999999996 0.13621799999999995 0.09294899999999995 0.17211500000000002 0.09166700000000005 0.19262800000000002
0 0.314103 0.40673099999999995 0.32499999999999996 0.38237200000000005 0.34038500000000005 0.36698699999999995 0.369872 0.377244 0.378846 0.333654 0.380128 0.30416699999999997 0.38717900000000005 0.272115 0.388462 0.24647399999999997 0.39359 0.22211499999999995 0.396795 0.17596199999999995 0.389103 0.14134599999999997 0.38269200000000003 0.11570499999999995 0.353846 0.09775599999999995 0.355769 0.06570500000000001 0.352564 0.04519200000000001 0.33846200000000004 0.009295000000000053 0.251282 0.0067310000000000425 0.24487199999999998 0.041345999999999994 0.253846 0.06570500000000001 0.273718 0.06057699999999999 0.29935900000000004 0.07083300000000003 0.30897399999999997 0.07852599999999998 0.31923100000000004 0.09391000000000005 0.32435899999999995 0.12980800000000003 0.32243599999999994 0.16185899999999998 0.310897 0.186218 0.28589699999999996 0.227244 0.26089700000000005 0.25416700000000003 0.24551299999999998 0.32083300000000003 0.24294899999999997 0.36570499999999995 0.25641 0.38493599999999994 0.28076900000000005 0.392628 0.294231 0.41057699999999997
0 0.510256 0.547756 0.522436 0.506731 0.542949 0.48109 0.545513 0.42852599999999996 0.546154 0.414423 0.526282 0.38621799999999995 0.5096149999999999 0.36955099999999996 0.48974399999999996 0.34647399999999995 0.47115399999999996 0.33109 0.44166700000000003 0.327244 0.438462 0.374679 0.42628200000000005 0.39391 0.416667 0.414423 0.42179500000000003 0.44647400000000004 0.42243600000000003 0.49390999999999996 0.40192300000000003 0.528526 0.413462 0.584936 0.43333299999999997 0.588782 0.44615400000000005 0.5875 0.479487 0.582372 0.486538 0.586218 0.486538 0.672115 0.485256 0.7246790000000001 0.46730799999999995 0.7208330000000001 0.454487 0.696474 0.436538 0.684936 0.414103 0.684936 0.40769200000000005 0.7221150000000001 0.40641000000000005 0.751603 0.41089699999999996 0.788782 0.437821 0.792628 0.474359 0.784936 0.482692 0.809295 0.46794899999999995 0.834936 0.46538500000000005 0.850321 0.478205 0.866987 0.500641 0.868269 0.535256 0.838782 0.54359 0.8246789999999999 0.538462 0.778526 0.528205 0.733654 0.519231 0.672115 0.523718 0.6285259999999999 0.537821 0.645192 0.544872 0.684936 0.547436 0.711859 0.5589740000000001 0.710577 0.562179 0.682372 0.566667 0.6131409999999999 0.560256 0.5875 0.542308 0.5516030000000001 0.5333330000000001 0.584936 0.528205 0.584936
0 0.44423100000000004 0.949038 0.43269199999999997 0.906731 0.44102600000000003 0.858013 0.42371800000000004 0.822115 0.42179500000000003 0.810577 0.401282 0.764423 0.38782099999999997 0.7246790000000001 0.372436 0.705449 0.355128 0.697756 0.32051300000000005 0.701603 0.30576899999999996 0.7451920000000001 0.31987200000000005 0.773397 0.32051300000000005 0.788782 0.31730800000000003 0.860577 0.32820499999999997 0.897756 0.348718 0.9028849999999999 0.36282099999999995 0.875962 0.36217900000000003 0.922115 0.359615 0.942628 0.389103 0.9708330000000001 0.392308 0.992628 0.440385 0.992628
0 0.607051 0.440064 0.632692 0.436218 0.651923 0.419551 0.654487 0.40288500000000005 0.654487 0.38365400000000005 0.663462 0.36314100000000005 0.6743589999999999 0.352885 0.671154 0.295192 0.6583330000000001 0.272115 0.649359 0.22467899999999996 0.64359 0.208013 0.629487 0.21185900000000002 0.617308 0.227244 0.609615 0.23878200000000005 0.601282 0.266987 0.586538 0.27852600000000005 0.607051 0.299038 0.626282 0.308013 0.63141 0.31955100000000003 0.63141 0.37852600000000003 0.6179490000000001 0.36955099999999996 0.612179 0.355449 0.607051 0.34775599999999995 0.596795 0.34391000000000005 0.5782050000000001 0.34903799999999996 0.564744 0.374679 0.564744 0.396474 0.582051 0.423397
0 0.671154 0.12467899999999998 0.685256 0.09134600000000004 0.6935899999999999 0.07211500000000004 0.697436 0.043910000000000005 0.7 0.02852600000000005 0.70641 0.010576999999999948 0.6153850000000001 0.008013000000000048 0.630769 0.04006399999999999 0.657051 0.08878200000000003
0 0.562179 0.18237199999999998 0.565385 0.13493599999999994 0.576282 0.11057700000000004 0.5903849999999999 0.12211499999999997 0.609615 0.102885 0.607051 0.061859 0.605128 0.03749999999999998 0.5974360000000001 0.008013000000000048 0.519872 0.0067310000000000425 0.530769 0.032371999999999956 0.5326919999999999 0.08878200000000003 0.515385 0.07339700000000005 0.5083329999999999 0.043910000000000005 0.5083329999999999 0.02596200000000004 0.507692 0.011858999999999953 0.485256 0.011858999999999953 0.46346200000000004 0.03621799999999997 0.454487 0.07467900000000005 0.46923099999999995 0.11057700000000004 0.485897 0.13237200000000005 0.5083329999999999 0.145192 0.523718 0.16057699999999997 0.5326919999999999 0.19391000000000003
0 0.739744 0.315705 0.758333 0.27980799999999995 0.76859 0.296474 0.766667 0.32211500000000004 0.766667 0.34134600000000004 0.801282 0.338782 0.835256 0.296474 0.846795 0.30032099999999995 0.871795 0.2875 0.88141 0.26314099999999996 0.867949 0.22211499999999995 0.844231 0.22083299999999995 0.833974 0.19647400000000004 0.825 0.1875 0.8019229999999999 0.17211500000000002 0.795513 0.19134600000000002 0.776282 0.21570500000000004 0.757692 0.20288499999999998 0.758974 0.169551 0.730128 0.146474 0.712179 0.15032100000000004 0.7019230000000001 0.16185899999999998 0.6910259999999999 0.18237199999999998 0.7006410000000001 0.205449 0.716026 0.21442300000000003 0.729487 0.24134599999999995 0.735256 0.26442299999999996 0.726923 0.27852600000000005 0.7185900000000001 0.30288499999999996 0.7198720000000001 0.310577
0 0.996154 0.251603 0.991667 0.26314099999999996 0.990385 0.316987 0.982051 0.318269 0.960256 0.292628 0.945513 0.288782 0.921154 0.291346 0.910897 0.314423 0.898718 0.29391 0.9 0.25416700000000003 0.900641 0.225962 0.892949 0.204167 0.880128 0.19775600000000004 0.876282 0.19775600000000004 0.888462 0.15673099999999995 0.895513 0.11698699999999995 0.9 0.09903799999999996 0.914744 0.07980799999999999 0.929487 0.08621800000000002 0.947436 0.083654 0.951282 0.051602999999999954 0.955769 0.027244000000000046 0.945513 0.005449000000000037 0.998718 0.008013000000000048 0.997436 0.21057700000000001
0 0.994231 0.5105770000000001 0.980769 0.502885 0.960256 0.46570500000000004 0.946154 0.4375 0.91859 0.42852599999999996 0.891667 0.42724399999999996 0.871795 0.436218 0.860897 0.49134599999999995 0.845513 0.508013 0.835256 0.538782 0.832051 0.584936 0.832051 0.6285259999999999 0.841026 0.692628 0.848718 0.7426280000000001 0.866026 0.8003210000000001 0.901923 0.854167 0.927564 0.851603 0.936538 0.808013 0.935256 0.733654 0.933974 0.673397 0.923718 0.638782 0.946154 0.647756 0.9666669999999999 0.656731 0.962821 0.682372 0.975641 0.664423 0.998077 0.646474 0.999359 0.528526
0 0.812821 0.6323719999999999 0.827564 0.606731 0.816026 0.566987 0.812179 0.5144230000000001 0.807051 0.47467899999999996 0.789744 0.434936 0.744872 0.413141 0.720513 0.456731 0.7173080000000001 0.5349360000000001 0.691667 0.627244 0.683333 0.664423 0.683333 0.704167 0.677564 0.7413460000000001 0.6551279999999999 0.756731 0.610897 0.811859 0.594231 0.8618589999999999 0.604487 0.991346 0.669872 0.986218 0.6980770000000001 0.916987 0.6993590000000001 0.9041669999999999 0.707051 0.873397 0.7128209999999999 0.836218 0.744231 0.799038 0.751282 0.7464740000000001 0.755128 0.725962 0.767949 0.672115 0.765385 0.641346 0.7814099999999999 0.622115 0.795513 0.6285259999999999
0 0.883333 0.973397 0.889744 0.9041669999999999 0.882692 0.8631409999999999 0.86859 0.851603 0.837821 0.847756 0.826923 0.815705 0.834615 0.774679 0.796154 0.756731 0.771795 0.766987 0.75 0.815705 0.754487 0.886218 0.771154 0.866987 0.794872 0.866987 0.801282 0.922115 0.81859 0.961859 0.832692 0.995192 0.885256 0.986218