0 0.14038499999999998 0.992628 0.15512800000000004 0.959295 0.11794899999999997 0.900321 0.10769200000000001 0.8375 0.09935899999999998 0.811859 0.09230799999999995 0.8016030000000001 0.04487200000000002 0.852885 0.039744 0.933654 0.05384599999999995 0.958013 0.06730800000000003 0.992628
0 0.30256400000000006 0.979808 0.311538 0.93109 0.31730800000000003 0.88109 0.30320499999999995 0.865705 0.274359 0.846474 0.21794899999999995 0.868269 0.210897 0.810577 0.16217899999999996 0.775962 0.15897399999999995 0.79391 0.19871799999999995 0.905449 0.19102600000000003 0.963141 0.20705099999999999 0.9875 0.254487 0.996474 0.29743600000000003 0.991346 0.30576899999999996 0.968269
0 0.358333 0.934936 0.380128 0.922115 0.396154 0.884936 0.378846 0.829808 0.377564 0.790064 0.335256 0.804167 0.333333 0.914423 0.348718 0.923397
0 0.46602600000000005 0.710577 0.522436 0.684936 0.562179 0.674679 0.576282 0.664423 0.566667 0.638782 0.582051 0.575962 0.529487 0.499038 0.50641 0.477244 0.46538500000000005 0.36570499999999995 0.46858999999999995 0.327244 0.457051 0.30288499999999996 0.42564100000000005 0.38237200000000005 0.43140999999999996 0.411859 0.42371800000000004 0.559295 0.419872 0.6310899999999999 0.40769200000000005 0.691346 0.44487200000000005 0.692628
0 0.832051 0.758013 0.858974 0.711859 0.891026 0.699038 0.9096150000000001 0.699038 0.894231 0.600321 0.865385 0.5939099999999999 0.849359 0.565705 0.778846 0.422115 0.753205 0.375962 0.733974 0.399038 0.751923 0.477244 0.7608969999999999 0.525962 0.778846 0.615705 0.797436 0.669551 0.803205 0.749038
0 0.891667 0.49006400000000006 0.911538 0.44647400000000004 0.919231 0.38365400000000005 0.920513 0.334936 0.866667 0.30416699999999997 0.833333 0.306731 0.833333 0.38621799999999995 0.85 0.48750000000000004 0.873718 0.49647399999999997
0 0.676282 0.451603 0.716026 0.422115 0.725 0.377244 0.708974 0.34134600000000004 0.6576919999999999 0.26314099999999996 0.5974360000000001 0.24390999999999996 0.582051 0.30544899999999997 0.625641 0.40673099999999995 0.642308 0.42852599999999996 0.6538459999999999 0.44775600000000004
0 0.917308 0.965705 0.901282 0.93109 0.873718 0.901603 0.85641 0.909295 0.83141 0.897756 0.80641 0.956731 0.809615 0.988782 0.928205 0.990064
0 0.995513 0.22211499999999995 0.985256 0.24775599999999998 0.9288460000000001 0.22211499999999995 0.933333 0.19519200000000003 0.946795 0.145192 0.958974 0.09262800000000004 0.996795 0.009295000000000053
0 0.850641 0.083654 0.869872 0.06698700000000002 0.887821 0.05544899999999997 0.902564 0.02596200000000004 0.89359 0.008013000000000048 0.810897 0.0067310000000000425 0.807692 0.05801299999999998 0.808333 0.083654 0.828846 0.082372
0 0.486538 0.11698699999999995 0.507692 0.08621800000000002 0.525 0.04006399999999999 0.520513 0.02596200000000004 0.48782099999999995 0.02083299999999999 0.47243599999999997 0.013140999999999958 0.460897 0.010576999999999948 0.45320499999999997 0.019550999999999985 0.41217899999999996 0.06570500000000001 0.46282100000000004 0.11698699999999995
0 0.22499999999999998 0.413141 0.25897400000000004 0.329808 0.26025600000000004 0.28493599999999997 0.255769 0.24775599999999998 0.21858999999999995 0.22083299999999995 0.19487200000000005 0.19903800000000005 0.18397399999999997 0.19391000000000003 0.17628200000000005 0.270833 0.18269199999999997 0.32211500000000004 0.17307700000000004 0.40929499999999996 0.17179500000000003 0.415705 0.20640999999999998 0.413141
0 0.06602600000000003 0.578526 0.09102600000000005 0.58109 0.08333299999999999 0.499038 0.06859000000000004 0.42852599999999996 0.06538500000000003 0.414423 0.04359000000000002 0.5105770000000001 0.04102600000000001 0.549038
0 0.021154000000000006 0.663141 0.03461499999999995 0.641346 0.035255999999999954 0.608013 0.016025999999999985 0.6131409999999999 0.0032050000000000134 0.5157050000000001 0.004487000000000019 0.665705
0 0.13782099999999997 0.20032099999999997 0.17500000000000004 0.16185899999999998 0.18140999999999996 0.12211499999999997 0.19999999999999996 0.07980799999999999 0.20576899999999998 0.010576999999999948 0.06730800000000003 0.013140999999999958 0.09166700000000005 0.10544900000000001 0.11666699999999997 0.15673099999999995
0 0.33846200000000004 0.09006400000000003 0.40705100000000005 0.11826899999999996 0.400641 0.05929499999999999 0.392308 0.011858999999999953 0.27884600000000004 0.005449000000000037 0.309615 0.054166999999999965
0 0.390385 0.39006399999999997 0.394231 0.338782 0.40833299999999995 0.327244 0.419231 0.310577 0.415385 0.27980799999999995 0.392308 0.270833 0.38397400000000004 0.269551 0.360897 0.27724400000000005 0.34807699999999997 0.290064 0.34551299999999996 0.31955100000000003 0.34743599999999997 0.34775599999999995 0.360256 0.37852600000000003 0.379487 0.38621799999999995