0 0.125 0.706731 0.13269200000000003 0.661859 0.13333300000000003 0.646474 0.142308 0.604167 0.142308 0.583654 0.13076900000000002 0.538782 0.123718 0.5118590000000001 0.11538499999999996 0.479808 0.10705100000000001 0.461859 0.09743599999999997 0.4375 0.083974 0.42724399999999996 0.06538500000000003 0.42467900000000003 0.047436000000000034 0.423397 0.02884600000000004 0.434936 0.01474399999999998 0.44391 0.001923000000000008 0.47083299999999995 0.0012820000000000054 0.700321 0.025641000000000025 0.682372 0.04487200000000002 0.686218 0.06923100000000004 0.682372 0.086538 0.682372 0.09102600000000005 0.697756 0.11282099999999995 0.719551
0 0.19807699999999995 0.991346 0.21602600000000005 0.956731 0.22628199999999998 0.942628 0.23846199999999995 0.969551 0.25897400000000004 0.969551 0.269231 0.923397 0.27884600000000004 0.897756 0.28141000000000005 0.858013 0.28141000000000005 0.8426279999999999 0.28141000000000005 0.8016030000000001 0.275 0.7451920000000001 0.270513 0.716987 0.266667 0.708013 0.24230799999999997 0.688782 0.230769 0.656731 0.230769 0.646474 0.230128 0.6285259999999999 0.21794899999999995 0.624679 0.209615 0.642628 0.19294900000000004 0.6503209999999999 0.18140999999999996 0.655449 0.166026 0.675962 0.17051300000000003 0.710577 0.17051300000000003 0.7375 0.16859000000000002 0.774679 0.15897399999999995 0.825962 0.142308 0.869551 0.13141000000000003 0.890064 0.13012800000000002 0.914423 0.13012800000000002 0.936218 0.13012800000000002 0.961859 0.123718 0.972115 0.11730799999999997 0.978526 0.11153800000000003 0.99391 0.19102600000000003 0.992628
0 0.43205099999999996 0.7221150000000001 0.43140999999999996 0.704167 0.43012799999999995 0.660577 0.42628200000000005 0.601603 0.42756400000000006 0.578526 0.42948699999999995 0.546474 0.43205099999999996 0.5375 0.44359000000000004 0.5131410000000001 0.45192299999999996 0.508013 0.44294900000000004 0.49647399999999997 0.43205099999999996 0.47083299999999995 0.42820499999999995 0.459295 0.417949 0.456731 0.401282 0.463141 0.372436 0.459295 0.373077 0.479808 0.396154 0.5349360000000001 0.40641000000000005 0.5733969999999999 0.398718 0.602885 0.38205100000000003 0.623397 0.36217900000000003 0.659295 0.36794899999999997 0.690064 0.392949 0.711859 0.413462 0.7375 0.416667 0.7451920000000001
0 0.4 0.925962 0.414103 0.890064 0.42500000000000004 0.901603 0.42692300000000005 0.859295 0.44102600000000003 0.829808 0.44166700000000003 0.8003210000000001 0.42820499999999995 0.784936 0.40833299999999995 0.770833 0.36794899999999997 0.8375 0.360256 0.860577 0.357051 0.892628 0.36282099999999995 0.914423 0.369231 0.928526 0.38782099999999997 0.9375 0.392949 0.927244
0 0.30128200000000005 0.6516029999999999 0.30705099999999996 0.641346 0.33974400000000005 0.608013 0.34102600000000005 0.588782 0.34230799999999995 0.560577 0.34487199999999996 0.516987 0.33846200000000004 0.47467899999999996 0.33141 0.46826900000000005 0.29871800000000004 0.479808 0.28461499999999995 0.506731 0.269231 0.524679 0.254487 0.542628 0.25833300000000003 0.5733969999999999 0.27692300000000003 0.6285259999999999
0 0.392949 0.40929499999999996 0.392949 0.38237200000000005 0.414744 0.38237200000000005 0.44679500000000005 0.38109000000000004 0.486538 0.34006400000000003 0.494872 0.308013 0.496154 0.26057699999999995 0.498077 0.23621800000000004 0.498718 0.19134600000000002 0.48717900000000003 0.16442299999999999 0.458974 0.20160299999999998 0.43140999999999996 0.24390999999999996 0.40320500000000004 0.25929500000000005 0.373718 0.273397 0.36410299999999995 0.28493599999999997 0.351282 0.306731 0.352564 0.35929500000000003 0.358333 0.37852600000000003 0.371795 0.397756 0.38397400000000004 0.413141
0 0.55 0.966987 0.560256 0.933654 0.562179 0.895192 0.570513 0.866987 0.583333 0.846474 0.596795 0.8426279999999999 0.60641 0.822115 0.616026 0.7823720000000001 0.616026 0.747756 0.594231 0.706731 0.585897 0.688782 0.5564100000000001 0.710577 0.552564 0.718269 0.533974 0.6875 0.5314099999999999 0.636218 0.519231 0.606731 0.500641 0.599038 0.482051 0.5926279999999999 0.475641 0.6310899999999999 0.47051299999999996 0.732372 0.48141 0.7810900000000001 0.494231 0.8375 0.503205 0.882372 0.503205 0.933654 0.503205 0.958013 0.503846 0.9875 0.536538 0.990064
0 0.744872 0.990064 0.733333 0.974679 0.733333 0.94391 0.711538 0.909295 0.704487 0.897756 0.697436 0.895192 0.6814100000000001 0.910577 0.6769229999999999 0.922115 0.676282 0.945192 0.662821 0.961859 0.646795 0.991346 0.736538 0.99391
0 0.888462 0.354167 0.888462 0.332372 0.920513 0.309295 0.924359 0.274679 0.935897 0.24390999999999996 0.936538 0.21826900000000005 0.939103 0.20288499999999998 0.91859 0.17724399999999996 0.905128 0.168269 0.883974 0.15416700000000005 0.876282 0.12852600000000003 0.853205 0.13621799999999995 0.838462 0.166987 0.830128 0.21442300000000003 0.8230770000000001 0.316987 0.845513 0.332372 0.867308 0.333654 0.875641 0.327244 0.880769 0.332372
0 0.567949 0.584936 0.573718 0.5516030000000001 0.589744 0.538782 0.6 0.525962 0.591026 0.478526 0.584615 0.458013 0.566667 0.434936 0.5564100000000001 0.46570500000000004 0.5538460000000001 0.508013 0.5538460000000001 0.538782 0.5576920000000001 0.566987
0 0.13974399999999998 0.30544899999999997 0.14038499999999998 0.292628 0.17371800000000004 0.26185899999999995 0.18205099999999996 0.252885 0.19487200000000005 0.227244 0.19551300000000005 0.186218 0.22179499999999996 0.20160299999999998 0.20128199999999996 0.146474 0.20448699999999997 0.11826899999999996 0.18846200000000002 0.08493600000000001 0.17628200000000005 0.07596199999999997 0.167308 0.06955100000000003 0.15448700000000004 0.08493600000000001 0.14935900000000002 0.13237200000000005 0.127564 0.17980799999999997 0.126923 0.20032099999999997 0.105128 0.23109000000000002 0.083974 0.24134599999999995 0.08140999999999998 0.26570499999999997 0.083974 0.28493599999999997 0.12948700000000002 0.292628
0 0.20384599999999997 0.44391 0.21858999999999995 0.396474 0.22243599999999997 0.37980800000000003 0.22564099999999998 0.34262800000000004 0.22435899999999998 0.32083300000000003 0.20448699999999997 0.316987 0.18333299999999997 0.356731 0.17692300000000005 0.377244 0.17692300000000005 0.42467900000000003 0.18910300000000002 0.440064
0 0.996154 0.599038 0.996795 0.579808 0.982051 0.5298080000000001 0.967949 0.523397 0.95 0.522115 0.921154 0.520833 0.9 0.508013 0.8871789999999999 0.49134599999999995 0.884615 0.451603 0.888462 0.4375 0.897436 0.434936 0.919231 0.441346 0.937821 0.46442300000000003 0.954487 0.45032099999999997 0.954487 0.423397 0.954487 0.40288500000000005 0.975 0.373397 0.985897 0.358013 0.989103 0.336218 0.987821 0.309295 0.969231 0.295192 0.941026 0.2875 0.942949 0.25416700000000003 0.95641 0.227244 0.971154 0.19775600000000004 0.978205 0.186218 0.990385 0.17980799999999997 0.998077 0.17852599999999996 0.999359 0.575962
0 0.482051 0.05801299999999998 0.496154 0.03878199999999998 0.5 0.027244000000000046 0.508974 0.005449000000000037 0.455769 0.0067310000000000425 0.46474400000000005 0.029807999999999946 0.473718 0.05544899999999997