0 0.015384999999999982 0.769551 0.019230999999999998 0.688782 0.03397399999999995 0.6528849999999999 0.07115400000000005 0.6375 0.08205099999999999 0.622115 0.124359 0.44391 0.11987199999999998 0.38878199999999996 0.10705100000000001 0.33109 0.09423099999999995 0.290064 0.07820499999999997 0.20160299999999998 0.07499999999999996 0.15801299999999996 0.008974000000000038 0.12211499999999997 0.0025640000000000107 0.12211499999999997 0.0032050000000000134 0.774679
0 0.38525600000000004 0.9875 0.392308 0.923397 0.40192300000000003 0.868269 0.332051 0.873397 0.30064100000000005 0.865705 0.275641 0.852885 0.28141000000000005 0.7618590000000001 0.25897400000000004 0.7233970000000001 0.18140999999999996 0.728526 0.15320500000000004 0.747756 0.124359 0.756731 0.11666699999999997 0.818269 0.142308 0.875962 0.16923100000000002 0.919551 0.248077 0.961859 0.25705100000000003 0.992628 0.376923 0.991346
0 0.572436 0.774679 0.610897 0.738782 0.6538459999999999 0.6375 0.6320509999999999 0.54391 0.607051 0.522115 0.589744 0.583654 0.58141 0.64391 0.570513 0.684936
0 0.996154 0.541346 0.980128 0.502885 0.9666669999999999 0.48878200000000005 0.923077 0.49006400000000006 0.947436 0.438782 0.914103 0.39391 0.916026 0.351603 0.921154 0.318269 0.912179 0.30288499999999996 0.887821 0.32339700000000005 0.880128 0.32339700000000005 0.866026 0.28493599999999997 0.897436 0.188782 0.9064099999999999 0.147756 0.93141 0.11570499999999995 0.977564 0.10544900000000001 0.996154 0.102885 0.994231 0.19134600000000002 0.964103 0.18108999999999997 0.959615 0.2875 0.975641 0.32211500000000004 0.996795 0.36570499999999995
0 0.964744 0.988782 0.954487 0.919551 0.940385 0.886218 0.916667 0.868269 0.885256 0.905449 0.865385 0.966987 0.855769 0.99391 0.953846 0.995192
0 0.683333 0.995192 0.6910259999999999 0.954167 0.689103 0.919551 0.6839740000000001 0.886218 0.6743589999999999 0.8618589999999999 0.667308 0.918269 0.657051 0.928526 0.641026 0.938782 0.642308 0.996474
0 0.34166700000000005 0.559295 0.375 0.545192 0.38269200000000003 0.528526 0.353846 0.47339699999999996 0.32179500000000005 0.42596199999999995 0.30640999999999996 0.456731 0.287821 0.505449 0.287821 0.524679 0.29679500000000003 0.5323720000000001
0 0.46474400000000005 0.5131410000000001 0.46794899999999995 0.477244 0.44551300000000005 0.414423 0.440385 0.40032100000000004 0.416026 0.39134599999999997 0.414103 0.442628 0.401282 0.477244 0.41217899999999996 0.506731 0.42564100000000005 0.5144230000000001 0.43205099999999996 0.49006400000000006 0.44551300000000005 0.505449
0 0.44102600000000003 0.36442300000000005 0.44487200000000005 0.268269 0.44743599999999994 0.204167 0.42243600000000003 0.17724399999999996 0.394231 0.227244 0.40256400000000003 0.291346 0.42243600000000003 0.373397
0 0.29807700000000004 0.32339700000000005 0.30192300000000005 0.25801300000000005 0.312821 0.19134600000000002 0.294231 0.168269 0.25769200000000003 0.16442299999999999 0.249359 0.19903800000000005 0.246795 0.25801300000000005 0.24294899999999997 0.333654 0.270513 0.34519200000000005
0 0.145513 0.228526 0.17307700000000004 0.24006400000000006 0.19294900000000004 0.23237200000000002 0.19679500000000005 0.21314100000000002 0.19871799999999995 0.18108999999999997 0.18269199999999997 0.170833 0.14359 0.17852599999999996 0.166667 0.13109000000000004 0.18205099999999996 0.102885 0.142308 0.08493600000000001 0.125 0.13621799999999995 0.11346199999999995 0.20032099999999997 0.144872 0.24134599999999995
0 0.09358999999999995 0.990064 0.06346200000000002 0.928526 0.103846 0.925962 0.10961500000000002 0.884936 0.086538 0.777244 0.08205099999999999 0.734936 0.08076899999999998 0.727244 0.059614999999999974 0.7464740000000001 0.03717899999999996 0.7875 0.03205100000000005 0.877244 0.006410000000000027 0.922115 0.004487000000000019 0.991346 0.087179 0.995192
0 0.355128 0.06955100000000003 0.379487 0.010576999999999948 0.25897400000000004 0.0067310000000000425 0.264744 0.041345999999999994 0.315385 0.063141 0.361538 0.07339700000000005
0 0.519231 0.7823720000000001 0.523077 0.702885 0.512821 0.670833 0.49230799999999997 0.661859 0.495513 0.738782 0.49102599999999996 0.7798080000000001
0 0.982692 0.013140999999999958 0.9480770000000001 0.05929499999999999 0.925 0.054166999999999965 0.9064099999999999 0.0067310000000000425 0.975641 0.008013000000000048