0 0.898718 0.986218 0.889103 0.918269 0.889103 0.8451919999999999 0.895513 0.832372 0.917308 0.796474 0.921795 0.773397 0.903205 0.756731 0.876923 0.740064 0.853205 0.750321 0.823718 0.786218 0.811538 0.832372 0.817949 0.88109 0.8243590000000001 0.869551 0.826282 0.8836539999999999 0.792949 0.932372 0.791026 0.892628 0.778846 0.869551 0.7416670000000001 0.891346 0.723077 0.929808 0.697436 0.950321 0.6910259999999999 0.897756 0.688462 0.806731 0.689103 0.8439099999999999 0.671154 0.8439099999999999 0.6621790000000001 0.786218 0.6801280000000001 0.765705 0.702564 0.752885 0.683333 0.688782 0.675 0.646474 0.645513 0.678526 0.630128 0.692628 0.599359 0.711859 0.610256 0.751603 0.6153850000000001 0.8233969999999999 0.629487 0.94391 0.642308 0.990064 0.891026 0.995192
0 0.559615 0.975962 0.5923080000000001 0.950321 0.603846 0.899038 0.607051 0.865705 0.607692 0.829808 0.5961540000000001 0.751603 0.5891029999999999 0.683654 0.5730770000000001 0.661859 0.5493589999999999 0.647756 0.525 0.661859 0.48717900000000003 0.732372 0.475 0.795192 0.457692 0.897756 0.46923099999999995 0.952885 0.484615 0.992628 0.5564100000000001 0.99391
0 0.254487 0.873397 0.31923100000000004 0.846474 0.360897 0.795192 0.377564 0.7605770000000001 0.352564 0.699038 0.34166700000000005 0.666987 0.32692299999999996 0.646474 0.29679500000000003 0.640064 0.266667 0.6528849999999999 0.19935899999999995 0.695192 0.18653799999999998 0.747756 0.17435900000000004 0.764423 0.18012799999999995 0.8233969999999999 0.21987199999999996 0.88109
0 0.084615 0.972115 0.09871799999999997 0.918269 0.104487 0.796474 0.09551299999999996 0.765705 0.07628199999999996 0.728526 0.02884600000000004 0.729808 0.015384999999999982 0.7618590000000001 0.014102999999999977 0.818269 0.019230999999999998 0.875962 0.025000000000000022 0.916987 0.021154000000000006 0.978526 0.021154000000000006 0.999038 0.08076899999999998 0.995192
0 0.018589999999999995 0.6528849999999999 0.08076899999999998 0.636218 0.09487199999999996 0.615705 0.10192299999999999 0.579808 0.103846 0.5528850000000001 0.11282099999999995 0.46955100000000005 0.10320499999999999 0.415705 0.09102600000000005 0.36955099999999996 0.08333299999999999 0.332372 0.057691999999999966 0.34903799999999996 0.04487200000000002 0.36185900000000004 0.030769000000000046 0.33109 0.019872 0.315705 0.012179000000000051 0.325962 0.013461999999999974 0.38878199999999996 0.016025999999999985 0.422115 0.030769000000000046 0.455449 0.027564000000000033 0.54391 0.016025999999999985 0.606731 0.0070510000000000295 0.547756 0.005128000000000021 0.69391
0 0.42500000000000004 0.479808 0.44102600000000003 0.438782 0.47051299999999996 0.40801299999999996 0.46538500000000005 0.375962 0.483333 0.350321 0.494231 0.34262800000000004 0.5096149999999999 0.350321 0.544872 0.39006399999999997 0.535256 0.2875 0.529487 0.24519199999999997 0.521154 0.205449 0.50641 0.14262799999999998 0.526923 0.11442300000000005 0.552564 0.102885 0.5685899999999999 0.06826900000000002 0.5878209999999999 0.06442300000000001 0.607051 0.10544900000000001 0.616026 0.12724400000000002 0.6538459999999999 0.13109000000000004 0.682051 0.15544899999999995 0.6993590000000001 0.23750000000000004 0.721795 0.25544900000000004 0.747436 0.28365399999999996 0.757051 0.306731 0.767308 0.334936 0.783974 0.34519200000000005 0.828846 0.315705 0.855128 0.24903799999999998 0.860897 0.17211500000000002 0.8448720000000001 0.165705 0.8256410000000001 0.1875 0.819231 0.24903799999999998 0.8051280000000001 0.21570500000000004 0.808333 0.12852600000000003 0.7833330000000001 0.09391000000000005 0.774359 0.08878200000000003 0.746795 0.11698699999999995 0.730128 0.12339699999999998 0.705769 0.08621800000000002 0.6839740000000001 0.07980799999999999 0.666667 0.07980799999999999 0.6583330000000001 0.04006399999999999 0.673718 0.0067310000000000425 0.438462 0.005449000000000037 0.41089699999999996 0.011858999999999953 0.379487 0.03621799999999997 0.36217900000000003 0.11698699999999995 0.40448700000000004 0.13237200000000005 0.45256399999999997 0.10416700000000001 0.46923099999999995 0.15160300000000004 0.462179 0.19519200000000003 0.44615400000000005 0.25801300000000005 0.439103 0.299038 0.435256 0.329808 0.399359 0.38365400000000005 0.355769 0.441346 0.376282 0.48365400000000003 0.43076899999999996 0.48621800000000004
0 0.28076900000000005 0.373397 0.30448699999999995 0.36314100000000005 0.310256 0.354167 0.315385 0.296474 0.30769199999999997 0.272115 0.27692300000000003 0.272115 0.253846 0.297756 0.23589700000000002 0.34775599999999995 0.251282 0.36698699999999995
0 0.807692 0.582372 0.8051280000000001 0.5105770000000001 0.808333 0.49134599999999995 0.802564 0.475962 0.786538 0.478526 0.772436 0.505449 0.761538 0.5349360000000001 0.767308 0.5528850000000001 0.7858970000000001 0.5733969999999999
0 0.998077 0.6375 0.986538 0.6285259999999999 0.976282 0.670833 0.955128 0.705449 0.942308 0.706731 0.949359 0.559295 0.961538 0.5144230000000001 0.980128 0.520833 0.996795 0.538782
0 0.980128 0.268269 0.969872 0.25929500000000005 0.964103 0.251603 0.974359 0.227244 0.976923 0.21185900000000002 0.980128 0.19519200000000003 0.987179 0.190064 0.992949 0.21314100000000002 0.996795 0.22211499999999995 0.996795 0.25673100000000004 0.987821 0.266987
0 0.680769 0.432372 0.676282 0.40160300000000004 0.6814100000000001 0.375962 0.689744 0.38365400000000005 0.6961539999999999 0.418269 0.701282 0.48493600000000003 0.726923 0.40929499999999996 0.710897 0.36826899999999996 0.7019230000000001 0.34262800000000004 0.695513 0.31955100000000003 0.6839740000000001 0.2875 0.666667 0.318269 0.648077 0.350321 0.636538 0.40032100000000004 0.628205 0.432372 0.661538 0.416987 0.66859 0.42980799999999997
0 0.559615 0.399038 0.586538 0.397756 0.5711539999999999 0.34006400000000003 0.559615 0.332372 0.524359 0.36057700000000004 0.523718 0.397756 0.542949 0.416987 0.5660259999999999 0.40929499999999996
0 0.05833299999999997 0.190064 0.08076899999999998 0.149038 0.11730799999999997 0.12339699999999998 0.13653800000000005 0.11442300000000005 0.15256400000000003 0.100321 0.17948699999999995 0.07980799999999999 0.23846199999999995 0.101603 0.248718 0.10929500000000003 0.25897400000000004 0.08878200000000003 0.248718 0.06057699999999999 0.23461500000000002 0.03621799999999997 0.22243599999999997 0.004167000000000032 0.03461499999999995 0.011858999999999953 0.04230800000000001 0.051602999999999954 0.04230800000000001 0.07852599999999998 0.019872 0.04519200000000001 0.0025640000000000107 0.02596200000000004 0.006410000000000027 0.15416700000000005 0.04423100000000002 0.169551 0.05128200000000005 0.19647400000000004