0 0.29807700000000004 0.877244 0.330128 0.854167 0.33974400000000005 0.822115 0.329487 0.775962 0.29743600000000003 0.719551 0.267949 0.670833 0.253846 0.6323719999999999 0.23461500000000002 0.605449 0.21410300000000004 0.622115 0.18076899999999996 0.699038 0.166026 0.758013 0.18782100000000002 0.8233969999999999 0.233333 0.8631409999999999 0.271154 0.822115 0.267308 0.895192
0 0.12115399999999998 0.949038 0.144231 0.869551 0.126923 0.828526 0.105128 0.811859 0.087179 0.696474 0.06987200000000005 0.5939099999999999 0.06346200000000002 0.5298080000000001 0.039744 0.5105770000000001 0.001923000000000008 0.48621800000000004 0.0032050000000000134 0.875962 0.013461999999999974 0.859295 0.03141000000000005 0.892628 0.045513000000000026 0.966987 0.05705099999999996 0.932372 0.07884599999999997 0.888782 0.087179 0.873397 0.10320499999999999 0.916987 0.09871799999999997 0.938782 0.104487 0.941346
0 0.484615 0.945192 0.45128199999999996 0.854167 0.458333 0.820833 0.43205099999999996 0.808013 0.42948699999999995 0.829808 0.42820499999999995 0.918269 0.415385 0.924679 0.42948699999999995 0.940064 0.45320499999999997 0.941346
0 0.5903849999999999 0.988782 0.571795 0.923397 0.576282 0.897756 0.592949 0.884936 0.579487 0.854167 0.559615 0.854167 0.554487 0.888782 0.538462 0.9375 0.5301279999999999 0.99391 0.578846 0.995192
0 0.750641 0.995192 0.733974 0.932372 0.7141029999999999 0.927244 0.703846 0.927244 0.675 0.982372 0.667308 0.995192
0 0.891667 0.708013 0.911538 0.668269 0.914103 0.556731 0.9076919999999999 0.524679 0.903846 0.44903800000000005 0.88141 0.482372 0.870513 0.499038 0.812821 0.504167 0.8256410000000001 0.541346 0.846154 0.596474 0.836538 0.6541669999999999 0.823718 0.646474 0.846154 0.684936 0.866667 0.695192
0 0.778205 0.683654 0.792949 0.675962 0.792949 0.6118589999999999 0.775641 0.5913459999999999 0.755128 0.5939099999999999 0.748077 0.645192 0.748077 0.686218
0 0.640385 0.727244 0.662821 0.6541669999999999 0.641667 0.606731 0.623077 0.5926279999999999 0.591026 0.568269 0.5730770000000001 0.528526 0.5711539999999999 0.48493600000000003 0.580128 0.43109 0.583333 0.36826899999999996 0.577564 0.336218 0.5493589999999999 0.373397 0.502564 0.46442300000000003 0.497436 0.525962 0.510256 0.578526 0.542949 0.5900639999999999 0.5564100000000001 0.645192 0.5673079999999999 0.705449 0.592949 0.714423 0.608974 0.719551
0 0.985897 0.32467900000000005 0.95 0.356731 0.91859 0.372115 0.885256 0.336218 0.895513 0.270833 0.933333 0.21057700000000001 0.951282 0.22211499999999995 0.96859 0.25801300000000005 0.992308 0.309295
0 0.783974 0.441346 0.819231 0.41057699999999997 0.810256 0.372115 0.796154 0.336218 0.791026 0.34391000000000005 0.772436 0.42724399999999996
0 0.697436 0.423397 0.7128209999999999 0.38878199999999996 0.735897 0.33109 0.738462 0.32467900000000005 0.7 0.30032099999999995 0.6730769999999999 0.315705 0.673718 0.23365400000000003 0.662821 0.20288499999999998 0.61859 0.24903799999999998 0.635256 0.332372 0.644872 0.40929499999999996 0.677564 0.42724399999999996
0 0.480128 0.751603 0.47243599999999997 0.6336539999999999 0.44743599999999994 0.6298079999999999 0.419231 0.668269 0.43140999999999996 0.727244
0 0.34102600000000005 0.563141 0.34551299999999996 0.541346 0.333333 0.478526 0.30064100000000005 0.44647400000000004 0.29359 0.395192 0.294872 0.36057700000000004 0.30512799999999995 0.292628 0.32243599999999994 0.19903800000000005 0.29871800000000004 0.15416700000000005 0.270513 0.16057699999999997 0.25897400000000004 0.165705 0.266026 0.21570500000000004 0.271154 0.25673100000000004 0.248077 0.315705 0.229487 0.36698699999999995 0.210256 0.416987 0.208333 0.42852599999999996 0.166026 0.395192 0.11538499999999996 0.40416700000000005 0.09999999999999998 0.436218 0.15897399999999995 0.505449 0.20448699999999997 0.49262799999999995 0.21858999999999995 0.527244 0.249359 0.5554490000000001 0.30448699999999995 0.583654 0.314744 0.6144229999999999
0 0.530769 0.22083299999999995 0.554487 0.206731 0.5660259999999999 0.14006399999999997 0.598718 0.16442299999999999 0.604487 0.10416700000000001 0.6 0.010576999999999948 0.483974 0.004167000000000032 0.497436 0.06826900000000002 0.458974 0.09519200000000005 0.45064099999999996 0.145192 0.44487200000000005 0.21185900000000002 0.484615 0.17724399999999996 0.5096149999999999 0.21314100000000002
0 0.474359 0.3375 0.455769 0.274679 0.44871799999999995 0.24775599999999998 0.42243600000000003 0.26314099999999996 0.42243600000000003 0.36570499999999995 0.44615400000000005 0.375962
0 0.06666700000000003 0.46698700000000004 0.06987200000000005 0.440064 0.06859000000000004 0.411859 0.05640999999999996 0.334936 0.03205100000000005 0.36570499999999995 0.005128000000000021 0.356731 0.0032050000000000134 0.413141 0.040385000000000004 0.42980799999999997