0 0.22115399999999996 0.846474 0.23717900000000003 0.772115 0.246795 0.740064 0.25833300000000003 0.686218 0.273718 0.600321 0.291667 0.5349360000000001 0.29935900000000004 0.501603 0.23141 0.47083299999999995 0.19679500000000005 0.44903800000000005 0.147436 0.39134599999999997 0.10064099999999998 0.34391000000000005 0.052564000000000055 0.358013 0.06089699999999998 0.44519200000000003 0.07115400000000005 0.49647399999999997 0.07820499999999997 0.5118590000000001 0.10769200000000001 0.528526 0.14871800000000002 0.568269 0.16217899999999996 0.6285259999999999 0.162821 0.696474 0.16859000000000002 0.774679 0.19166700000000003 0.841346 0.21410300000000004 0.850321
0 0.482051 0.983654 0.484615 0.9028849999999999 0.485256 0.7798080000000001 0.47307699999999997 0.770833 0.42307700000000004 0.766987 0.394231 0.805449 0.35 0.797756 0.333974 0.841346 0.32884599999999997 0.888782 0.30705099999999996 0.992628 0.46858999999999995 0.995192
0 0.45641 0.664423 0.44294900000000004 0.566987 0.44935899999999995 0.44647400000000004 0.457051 0.422115 0.457692 0.41057699999999997 0.44423100000000004 0.399038 0.412821 0.4375 0.379487 0.479808 0.353846 0.561859 0.34807699999999997 0.636218 0.310256 0.7208330000000001 0.310256 0.752885 0.349359 0.733654 0.378846 0.7208330000000001 0.42628200000000005 0.677244
0 0.648718 0.596474 0.628846 0.5503210000000001 0.614744 0.516987 0.607692 0.47211499999999995 0.605769 0.454167 0.580769 0.463141 0.573718 0.5695509999999999 0.566667 0.5926279999999999 0.58141 0.623397 0.6166670000000001 0.6528849999999999 0.638462 0.6503209999999999 0.667949 0.6516029999999999 0.667308 0.601603 0.701282 0.5913459999999999 0.728846 0.582372 0.773077 0.579808 0.775 0.5323720000000001 0.775 0.44903800000000005 0.725 0.4375 0.671154 0.523397 0.666667 0.561859 0.6596150000000001 0.5900639999999999
0 0.791667 0.9875 0.803205 0.922115 0.80641 0.860577 0.7833330000000001 0.809295 0.773718 0.7618590000000001 0.761538 0.747756 0.728205 0.802885 0.707051 0.836218 0.696795 0.890064 0.738462 0.896474 0.754487 0.915705 0.748077 0.973397
0 0.998718 0.832372 0.988462 0.820833 0.966026 0.8246789999999999 0.924359 0.828526 0.892949 0.822115 0.862179 0.815705 0.826923 0.802885 0.807051 0.808013 0.791667 0.766987 0.7833330000000001 0.702885 0.790385 0.678526 0.8 0.665705 0.833333 0.659295 0.85641 0.6144229999999999 0.88141 0.619551 0.892949 0.624679 0.901923 0.575962 0.917308 0.5516030000000001 0.937821 0.49262799999999995 0.941667 0.47339699999999996 0.9673080000000001 0.461859 0.980769 0.5131410000000001 0.996795 0.455449
0 0.832692 0.332372 0.801282 0.24262799999999995 0.8019229999999999 0.17852599999999996 0.8038460000000001 0.12596200000000002 0.796795 0.051602999999999954 0.7826919999999999 0.02083299999999999 0.738462 0.04519200000000001 0.7 0.05929499999999999 0.6839740000000001 0.07211500000000004 0.651923 0.1875 0.661538 0.20160299999999998 0.682051 0.18108999999999997 0.698718 0.21570500000000004 0.713462 0.24262799999999995 0.726282 0.251603 0.736538 0.296474 0.75641 0.34134600000000004 0.764103 0.355449 0.772436 0.36826899999999996 0.802564 0.34903799999999996 0.81859 0.352885 0.832051 0.34903799999999996
0 0.373077 0.310577 0.352564 0.16185899999999998 0.34294899999999995 0.08109 0.34743599999999997 0.010576999999999948 0.251923 0.0067310000000000425 0.210897 0.09775599999999995 0.20256399999999997 0.149038 0.18076899999999996 0.22211499999999995 0.15833299999999995 0.27724400000000005 0.17756400000000006 0.318269 0.25961500000000004 0.3375 0.26217900000000005 0.29391 0.28269200000000005 0.30032099999999995 0.310256 0.314423 0.33141 0.32083300000000003 0.36859 0.34775599999999995
0 0.982692 0.995192 0.976282 0.952885 0.964744 0.932372 0.952564 0.920833 0.923077 0.952885 0.903846 0.99391
0 0.598718 0.974679 0.610897 0.941346 0.612179 0.918269 0.609615 0.892628 0.600641 0.913141 0.582051 0.918269 0.577564 0.950321 0.572436 0.9875 0.577564 0.990064 0.592949 0.982372
0 0.07371799999999995 0.945192 0.11987199999999998 0.914423 0.12115399999999998 0.9041669999999999 0.07435899999999995 0.879808 0.05064100000000005 0.877244 0.045513000000000026 0.916987 0.045513000000000026 0.941346 0.06089699999999998 0.945192