0 0.230128 0.664423 0.24615399999999998 0.6118589999999999 0.253205 0.604167 0.254487 0.541346 0.26025600000000004 0.500321 0.269231 0.460577 0.273718 0.434936 0.269872 0.411859 0.255128 0.38493599999999994 0.23525600000000002 0.377244 0.20448699999999997 0.38749999999999996 0.13525600000000004 0.433654 0.10705100000000001 0.460577 0.08205099999999999 0.522115 0.085256 0.5695509999999999 0.11666699999999997 0.588782 0.13653800000000005 0.5733969999999999 0.142949 0.579808 0.13910299999999998 0.622115 0.141667 0.647756 0.18717899999999998 0.647756 0.20705099999999999 0.668269 0.21923099999999995 0.677244 0.22371799999999997 0.673397
0 0.125641 0.984936 0.12179499999999999 0.93109 0.13012800000000002 0.884936 0.142308 0.860577 0.14871800000000002 0.855449 0.12884600000000002 0.796474 0.11153800000000003 0.751603 0.10128199999999998 0.7208330000000001 0.08974400000000005 0.729808 0.08205099999999999 0.751603 0.07307699999999995 0.773397 0.09038500000000005 0.816987 0.08974400000000005 0.858013 0.083974 0.873397 0.06987200000000005 0.89391 0.06153799999999998 0.910577 0.042949000000000015 0.892628 0.03589699999999996 0.8875 0.021154000000000006 0.886218 0.017948999999999993 0.897756 0.021154000000000006 0.932372 0.021154000000000006 0.973397 0.014102999999999977 0.996474 0.11794899999999997 0.99391
0 0.26859 0.974679 0.28333299999999995 0.952885 0.29615400000000003 0.923397 0.30512799999999995 0.908013 0.310256 0.856731 0.29743600000000003 0.822115 0.29615400000000003 0.799038 0.29935900000000004 0.751603 0.30512799999999995 0.718269 0.28205100000000005 0.718269 0.273077 0.734936 0.264103 0.7618590000000001 0.24294899999999997 0.7875 0.23397400000000002 0.811859 0.25641 0.828526 0.24487199999999998 0.866987 0.23589700000000002 0.888782 0.209615 0.922115 0.20705099999999999 0.942628 0.209615 0.98109 0.23461500000000002 0.98109 0.248718 0.979808 0.26025600000000004 0.979808
0 0.419872 0.98109 0.41025599999999995 0.958013 0.40320500000000004 0.933654 0.40384600000000004 0.891346 0.4 0.870833 0.394872 0.838782 0.391667 0.796474 0.394872 0.754167 0.40384600000000004 0.7464740000000001 0.400641 0.679808 0.379487 0.640064 0.36602599999999996 0.6323719999999999 0.355769 0.6336539999999999 0.334615 0.660577 0.334615 0.688782 0.33846200000000004 0.728526 0.34230799999999995 0.778526 0.32051300000000005 0.8016030000000001 0.310897 0.8233969999999999 0.311538 0.847756 0.32243599999999994 0.874679 0.31987200000000005 0.901603 0.32115400000000005 0.94391 0.30384599999999995 0.959295 0.30128200000000005 0.99391 0.417308 0.996474
0 0.741026 0.896474 0.745513 0.852885 0.736538 0.833654 0.733333 0.805449 0.728846 0.784936 0.7128209999999999 0.725962 0.725641 0.716987 0.7416670000000001 0.658013 0.755769 0.636218 0.762821 0.608013 0.757692 0.58109 0.7416670000000001 0.5695509999999999 0.723077 0.5951919999999999 0.708333 0.6298079999999999 0.677564 0.695192 0.672436 0.7233970000000001 0.676282 0.774679 0.684615 0.8233969999999999 0.682051 0.847756 0.696795 0.878526 0.710256 0.896474 0.728846 0.896474
0 0.19615400000000005 0.21314100000000002 0.22179499999999996 0.17211500000000002 0.227564 0.149038 0.230128 0.11057700000000004 0.22692299999999999 0.09134600000000004 0.19807699999999995 0.10416700000000001 0.18717899999999998 0.100321 0.17692300000000005 0.09775599999999995 0.14038499999999998 0.14006399999999997 0.146154 0.19903800000000005 0.15384600000000004 0.23621800000000004 0.18717899999999998 0.21570500000000004
0 0.49038499999999996 0.36314100000000005 0.498718 0.34519200000000005 0.504487 0.296474 0.535256 0.26570499999999997 0.5108969999999999 0.225962 0.48782099999999995 0.24134599999999995 0.46410300000000004 0.25801300000000005 0.45192299999999996 0.28365399999999996 0.455128 0.3375 0.46602600000000005 0.36826899999999996 0.478846 0.372115
0 0.916667 0.34134600000000004 0.933974 0.32339700000000005 0.942949 0.30544899999999997 0.935256 0.26570499999999997 0.925 0.229808 0.920513 0.205449 0.91859 0.184936 0.910256 0.16442299999999999 0.898718 0.13237200000000005 0.880128 0.12724400000000002 0.869231 0.13109000000000004 0.8448720000000001 0.15929499999999996 0.834615 0.17596199999999995 0.828205 0.23237200000000002 0.838462 0.270833 0.860256 0.299038 0.894872 0.32339700000000005 0.9 0.328526
0 0.646795 0.558013 0.666667 0.528526 0.678205 0.47211499999999995 0.682051 0.40544899999999995 0.691667 0.38109000000000004 0.645513 0.288782 0.6346149999999999 0.2875 0.614744 0.325962 0.6166670000000001 0.38621799999999995 0.601282 0.463141 0.591026 0.527244 0.591026 0.566987 0.5948720000000001 0.584936 0.629487 0.58109
0 0.85641 0.911859 0.879487 0.899038 0.887821 0.872115 0.891026 0.865705 0.905128 0.859295 0.910897 0.855449 0.9064099999999999 0.818269 0.898077 0.808013 0.875 0.79391 0.86859 0.777244 0.858333 0.755449 0.826282 0.796474 0.817949 0.7875 0.8019229999999999 0.7810900000000001 0.779487 0.8016030000000001 0.777564 0.838782 0.789103 0.878526 0.794231 0.901603 0.81859 0.879808 0.8243590000000001 0.875962 0.832051 0.899038 0.837821 0.908013
0 0.987179 0.733654 0.9673080000000001 0.725962 0.950641 0.7451920000000001 0.917308 0.7451920000000001 0.89359 0.740064 0.866667 0.678526 0.905769 0.622115 0.936538 0.5708329999999999 0.961538 0.520833 0.975641 0.538782 0.983974 0.5875 0.991026 0.618269 0.992949 0.642628 0.998718 0.647756 0.999359 0.73109
0 0.707692 0.990064 0.701282 0.973397 0.690385 0.927244 0.677564 0.910577 0.6743589999999999 0.901603 0.6596150000000001 0.909295 0.661538 0.942628 0.626923 0.961859 0.622436 0.99391
0 0.517949 0.796474 0.5288459999999999 0.79391 0.5288459999999999 0.7413460000000001 0.523718 0.690064 0.519872 0.673397 0.5070509999999999 0.702885 0.49230799999999997 0.738782 0.484615 0.770833 0.505128 0.792628
0 0.6358969999999999 0.13365400000000005 0.660256 0.07980799999999999 0.66859 0.046474000000000015 0.669872 0.022114999999999996 0.666667 0.005449000000000037 0.572436 0.009295000000000053 0.555769 0.09006400000000003 0.555769 0.11057700000000004 0.601923 0.12467899999999998 0.621795 0.13493599999999994 0.628846 0.14134599999999997
0 0.400641 0.36570499999999995 0.417308 0.334936 0.420513 0.28365399999999996 0.400641 0.28493599999999997 0.371795 0.296474 0.357692 0.286218 0.34102600000000005 0.251603 0.28141000000000005 0.26570499999999997 0.28525599999999995 0.30288499999999996 0.31987200000000005 0.356731 0.357692 0.372115 0.390385 0.36826899999999996