0 0.803205 0.98109 0.80641 0.895192 0.796795 0.833654 0.779487 0.790064 0.775641 0.7798080000000001 0.725641 0.815705 0.701282 0.859295 0.6576919999999999 0.934936 0.6576919999999999 0.992628 0.796795 0.996474
0 0.505769 0.978526 0.500641 0.936218 0.501923 0.897756 0.474359 0.878526 0.46282100000000004 0.8618589999999999 0.458333 0.854167 0.42307700000000004 0.897756 0.419231 0.93109 0.398718 0.992628 0.496154 0.99391
0 0.667308 0.833654 0.697436 0.769551 0.686538 0.704167 0.672436 0.666987 0.664744 0.6528849999999999 0.663462 0.6144229999999999 0.6814100000000001 0.5118590000000001 0.677564 0.482372 0.666667 0.458013 0.65 0.441346 0.635256 0.44519200000000003 0.6141030000000001 0.44903800000000005 0.60641 0.497756 0.607051 0.5310900000000001 0.613462 0.5554490000000001 0.596795 0.600321 0.582051 0.636218 0.6141030000000001 0.649038 0.633974 0.645192 0.6346149999999999 0.692628 0.626923 0.7233970000000001 0.646795 0.7618590000000001 0.660256 0.809295
0 0.48717900000000003 0.7464740000000001 0.5083329999999999 0.695192 0.511538 0.618269 0.519231 0.5516030000000001 0.495513 0.49390999999999996 0.49102599999999996 0.525962 0.44807699999999995 0.5695509999999999 0.419231 0.582372 0.41859 0.661859 0.43140999999999996 0.704167 0.44935899999999995 0.766987 0.474359 0.750321
0 0.36410299999999995 0.98109 0.34038500000000005 0.938782 0.36410299999999995 0.8426279999999999 0.357051 0.814423 0.332692 0.8016030000000001 0.30256400000000006 0.8644229999999999 0.287821 0.8618589999999999 0.253205 0.788782 0.21794899999999995 0.8451919999999999 0.209615 0.875962 0.18076899999999996 0.838782 0.17628200000000005 0.795192 0.13974399999999998 0.754167 0.11089700000000002 0.684936 0.13525600000000004 0.600321 0.125641 0.5310900000000001 0.11858999999999997 0.415705 0.07499999999999996 0.36185900000000004 0.0025640000000000107 0.295192 0.008333000000000035 0.640064 0.028205000000000036 0.672115 0.02692300000000003 0.765705 0.05128200000000005 0.765705 0.07243599999999994 0.7233970000000001 0.08076899999999998 0.790064 0.06859000000000004 0.874679 0.026282000000000028 0.856731 0.0025640000000000107 0.878526 0.0025640000000000107 0.995192 0.359615 0.99391
0 0.28525599999999995 0.588782 0.32628199999999996 0.527244 0.348718 0.441346 0.34807699999999997 0.41057699999999997 0.289744 0.36185900000000004 0.25769200000000003 0.38749999999999996 0.24230799999999997 0.46698700000000004 0.23653800000000003 0.5118590000000001 0.23910299999999995 0.559295 0.248718 0.5695509999999999 0.267949 0.575962
0 0.392949 0.4375 0.42564100000000005 0.39134599999999997 0.42500000000000004 0.358013 0.457692 0.311859 0.457692 0.25801300000000005 0.45128199999999996 0.24390999999999996 0.45256399999999997 0.15544899999999995 0.42948699999999995 0.170833 0.39359 0.208013 0.38717900000000005 0.21442300000000003 0.380128 0.28108999999999995 0.38269200000000003 0.38365400000000005 0.376923 0.441346
0 0.990385 0.558013 0.932692 0.600321 0.892949 0.624679 0.873077 0.661859 0.846795 0.686218 0.825 0.690064 0.814103 0.672115 0.746795 0.675962 0.7378210000000001 0.656731 0.726923 0.619551 0.759615 0.5913459999999999 0.7814099999999999 0.565705 0.807692 0.565705 0.8628210000000001 0.501603 0.919231 0.452885 0.944231 0.432372 0.995513 0.455449 0.996154 0.538782
0 0.99359 0.32467900000000005 0.983333 0.313141 0.964103 0.36442300000000005 0.95641 0.373397 0.892949 0.373397 0.863462 0.325962 0.849359 0.290064 0.814744 0.252885 0.755128 0.209295 0.707692 0.21442300000000003 0.6608970000000001 0.19647400000000004 0.638462 0.16057699999999997 0.609615 0.061859 0.619872 0.005449000000000037 0.796154 0.005449000000000037 0.791667 0.11314100000000005 0.829487 0.19134600000000002 0.853205 0.21826900000000005 0.876923 0.23109000000000002 0.89359 0.15544899999999995 0.908974 0.11057700000000004 0.923718 0.08109 0.960256 0.08621800000000002 0.997436 0.12211499999999997 0.998077 0.308013
0 0.557051 0.40801299999999996 0.570513 0.40801299999999996 0.588462 0.433654 0.5916669999999999 0.436218 0.602564 0.34006400000000003 0.5782050000000001 0.34775599999999995 0.5673079999999999 0.327244 0.5480769999999999 0.34134600000000004 0.5346150000000001 0.38109000000000004 0.535256 0.395192
0 0.21666700000000005 0.27852600000000005 0.310256 0.268269 0.292308 0.21314100000000002 0.272436 0.16314099999999998 0.269231 0.07980799999999999 0.292949 0.02596200000000004 0.25897400000000004 0.04519200000000001 0.21666700000000005 0.11570499999999995 0.18076899999999996 0.10544900000000001 0.13589700000000005 0.15032100000000004 0.12307699999999999 0.13493599999999994 0.12051299999999998 0.04006399999999999 0.12179499999999999 0.008013000000000048 0.04166700000000001 0.014422999999999964 0.033332999999999946 0.07596199999999997 0.08205099999999999 0.147756 0.11025600000000002 0.20160299999999998 0.13910299999999998 0.25544900000000004 0.17307700000000004 0.266987 0.19487200000000005 0.26442299999999996