0 0.085897 0.786218 0.10641 0.774679 0.13012800000000002 0.766987 0.13461500000000004 0.718269 0.14102599999999998 0.674679 0.10641 0.6375 0.09551299999999996 0.6131409999999999 0.08333299999999999 0.566987 0.07884599999999997 0.5541670000000001 0.04871800000000004 0.528526 0.05897399999999997 0.646474 0.04615400000000003 0.7208330000000001 0.040385000000000004 0.756731 0.045513000000000026 0.799038 0.05320499999999995 0.8003210000000001 0.07820499999999997 0.796474
0 0.40384600000000004 0.392628 0.41025599999999995 0.352885 0.435897 0.332372 0.45320499999999997 0.32211500000000004 0.45128199999999996 0.27980799999999995 0.45256399999999997 0.23750000000000004 0.44294900000000004 0.205449 0.414744 0.204167 0.39359 0.22083299999999995 0.38141 0.23750000000000004 0.38461500000000004 0.314423 0.38397400000000004 0.34391000000000005 0.377564 0.39006399999999997 0.40256400000000003 0.41057699999999997
0 0.38782099999999997 0.21442300000000003 0.38525600000000004 0.17596199999999995 0.389103 0.166987 0.398718 0.15416700000000005 0.40256400000000003 0.13237200000000005 0.375641 0.08878200000000003 0.375 0.06698700000000002 0.377564 0.046474000000000015 0.38205100000000003 0.019550999999999985 0.38205100000000003 0.0067310000000000425 0.246795 0.010576999999999948 0.254487 0.06826900000000002 0.230128 0.08493600000000001 0.22371799999999997 0.11314100000000005 0.23589700000000002 0.169551 0.26153800000000005 0.20032099999999997 0.27948700000000004 0.18108999999999997 0.287821 0.21442300000000003 0.26859 0.28237199999999996 0.25705100000000003 0.34391000000000005 0.30000000000000004 0.350321 0.360256 0.316987 0.370513 0.286218
0 0.34807699999999997 0.752885 0.34166700000000005 0.6285259999999999 0.32692299999999996 0.583654 0.28269200000000005 0.688782 0.27756400000000003 0.768269 0.295513 0.7810900000000001 0.336538 0.756731
0 0.7211540000000001 0.952885 0.705769 0.882372 0.667949 0.786218 0.642308 0.7618590000000001 0.628205 0.8003210000000001 0.639744 0.927244 0.6346149999999999 0.982372 0.6826920000000001 0.972115 0.711538 0.9708330000000001
0 0.8448720000000001 0.949038 0.852564 0.924679 0.854487 0.836218 0.869231 0.758013 0.870513 0.734936 0.833974 0.655449 0.835256 0.625962 0.811538 0.641346 0.789744 0.675962 0.785256 0.7464740000000001 0.789103 0.797756 0.773077 0.841346 0.7846150000000001 0.9041669999999999 0.7993589999999999 0.924679 0.804487 0.965705 0.830128 0.959295
0 0.961538 0.656731 0.974359 0.58109 0.964103 0.5118590000000001 0.9480770000000001 0.46570500000000004 0.915385 0.436218 0.901923 0.432372 0.887821 0.416987 0.860897 0.463141 0.854487 0.500321 0.8628210000000001 0.560577 0.896154 0.5503210000000001 0.928205 0.583654 0.937821 0.6105769999999999 0.924359 0.636218 0.93141 0.6503209999999999 0.942308 0.6516029999999999
0 0.798718 0.586218 0.819231 0.561859 0.805769 0.523397 0.789103 0.5131410000000001 0.767949 0.49390999999999996 0.7429490000000001 0.48878200000000005 0.714744 0.506731 0.705128 0.5298080000000001 0.708333 0.5721149999999999 0.735256 0.605449 0.7826919999999999 0.5939099999999999
0 0.924359 0.170833 0.888462 0.07083300000000003 0.873718 0.014422999999999964 0.862179 0.0028850000000000264 0.816026 0.010576999999999948 0.826282 0.06570500000000001 0.842949 0.11442300000000005 0.844231 0.16442299999999999 0.866667 0.188782 0.891026 0.18108999999999997
0 0.478205 0.11570499999999995 0.47051299999999996 0.03878199999999998 0.458333 0.010576999999999948 0.43333299999999997 0.014422999999999964 0.43205099999999996 0.06698700000000002 0.419231 0.09134600000000004 0.43012799999999995 0.11955099999999996 0.44294900000000004 0.12211499999999997 0.461538 0.09903799999999996 0.47115399999999996 0.11185900000000004
0 0.5673079999999999 0.21698700000000004 0.5948720000000001 0.188782 0.626282 0.186218 0.629487 0.11698699999999995 0.6320509999999999 0.09391000000000005 0.563462 0.13749999999999996 0.538462 0.170833 0.538462 0.21314100000000002 0.539103 0.23621800000000004
0 0.17628200000000005 0.274679 0.17307700000000004 0.24262799999999995 0.17948699999999995 0.184936 0.15064100000000002 0.17852599999999996 0.126923 0.22339699999999996 0.13141000000000003 0.274679 0.15064100000000002 0.26314099999999996 0.16089699999999996 0.272115
0 0.21602600000000005 0.07339700000000005 0.22692299999999999 0.06442300000000001 0.22692299999999999 0.03749999999999998 0.230128 0.02083299999999999 0.232051 0.005449000000000037 0.17371800000000004 0.009295000000000053 0.19423100000000004 0.06442300000000001