0 0.10769200000000001 0.933654 0.11153800000000003 0.8631409999999999 0.12243599999999999 0.83109 0.125641 0.734936 0.11025600000000002 0.710577 0.06859000000000004 0.710577 0.035255999999999954 0.752885 0.030769000000000046 0.791346 0.02435900000000002 0.828526 0.002082999999999946 0.9125 0.005769000000000024 0.975962 0.030128000000000044 0.951603 0.055127999999999955 0.913141 0.08140999999999998 0.964423 0.10961500000000002 0.979808 0.11282099999999995 0.949038
0 0.24551299999999998 0.6541669999999999 0.29743600000000003 0.6285259999999999 0.32179500000000005 0.5721149999999999 0.34102600000000005 0.528526 0.353846 0.49647399999999997 0.35641 0.44647400000000004 0.332692 0.36698699999999995 0.336538 0.315705 0.34358999999999995 0.290064 0.32884599999999997 0.270833 0.313462 0.270833 0.291026 0.316987 0.25833300000000003 0.35929500000000003 0.23141 0.416987 0.20192299999999996 0.478526 0.18525599999999998 0.528526 0.19038500000000003 0.6336539999999999 0.209615 0.666987
0 0.18461499999999997 0.49519199999999997 0.19679500000000005 0.40929499999999996 0.24230799999999997 0.334936 0.27820500000000004 0.27724400000000005 0.29935900000000004 0.23750000000000004 0.27820500000000004 0.225962 0.249359 0.21826900000000005 0.22051299999999996 0.29391 0.17115400000000003 0.35929500000000003 0.144231 0.44391 0.146795 0.475962 0.17179500000000003 0.48621800000000004
0 0.07051300000000005 0.641346 0.09294899999999995 0.608013 0.09230799999999995 0.528526 0.083974 0.518269 0.06794900000000004 0.506731 0.05128200000000005 0.556731 0.059614999999999974 0.6144229999999999
0 0.454487 0.811859 0.495513 0.8003210000000001 0.501923 0.673397 0.504487 0.6310899999999999 0.516667 0.6105769999999999 0.540385 0.608013 0.5961540000000001 0.605449 0.601282 0.558013 0.588462 0.5118590000000001 0.580128 0.454167 0.5506409999999999 0.37083299999999997 0.54359 0.27980799999999995 0.516667 0.23237200000000002 0.498077 0.209295 0.48141 0.19134600000000002 0.435897 0.23493600000000003 0.416667 0.266987 0.44871799999999995 0.32467900000000005 0.461538 0.36057700000000004 0.460256 0.414423 0.40769200000000005 0.47083299999999995 0.4 0.5349360000000001 0.41153799999999996 0.733654 0.42307700000000004 0.778526 0.44294900000000004 0.819551
0 0.757692 0.947756 0.7621789999999999 0.874679 0.7403850000000001 0.838782 0.717949 0.804167 0.710897 0.7618590000000001 0.688462 0.750321 0.6717949999999999 0.747756 0.632692 0.8246789999999999 0.630769 0.868269 0.640385 0.919551 0.683333 0.955449 0.7141029999999999 0.963141 0.746795 0.950321
0 0.860897 0.978526 0.873077 0.895192 0.873718 0.8451919999999999 0.851923 0.701603 0.8403849999999999 0.674679 0.813462 0.64391 0.801282 0.616987 0.765385 0.655449 0.765385 0.749038 0.766667 0.7631410000000001 0.789103 0.836218 0.79359 0.884936 0.794231 0.964423 0.791667 0.990064 0.836538 0.990064
0 0.713462 0.268269 0.7032050000000001 0.30416699999999997 0.651923 0.34134600000000004 0.637821 0.31955100000000003 0.623718 0.292628 0.638462 0.23109000000000002 0.660256 0.17980799999999997 0.6596150000000001 0.15544899999999995 0.6551279999999999 0.12724400000000002 0.6910259999999999 0.21057700000000001 0.710256 0.24390999999999996
0 0.938462 0.016986999999999974 0.94359 0.07211500000000004 0.920513 0.10929500000000003 0.9083330000000001 0.07980799999999999 0.861538 0.07596199999999997 0.801282 0.03108999999999995 0.76859 0.02596200000000004 0.7621789999999999 0.008013000000000048 0.927564 0.004167000000000032
0 0.06602600000000003 0.333654 0.07499999999999996 0.309295 0.10641 0.316987 0.11410299999999995 0.318269 0.13269200000000003 0.26057699999999995 0.125 0.23237200000000002 0.11346199999999995 0.19775600000000004 0.13525600000000004 0.1875 0.14935900000000002 0.13749999999999996 0.15897399999999995 0.09903799999999996 0.16923100000000002 0.08109 0.146154 0.03749999999999998 0.09871799999999997 0.02596200000000004 0.07948699999999997 0.07852599999999998 0.07756399999999997 0.15288500000000005 0.07435899999999995 0.17596199999999995 0.05448699999999995 0.20288499999999998 0.035255999999999954 0.23237200000000002 0.019230999999999998 0.28237199999999996 0.014102999999999977 0.327244 0.02692300000000003 0.34391000000000005 0.055127999999999955 0.34647399999999995
0 0.02435900000000002 0.204167 0.04615400000000003 0.17339700000000002 0.04423100000000002 0.15160300000000004 0.04423100000000002 0.09262800000000004 0.04487200000000002 0.082372 0.033332999999999946 0.06698700000000002 0.004487000000000019 0.027244000000000046 0.003846000000000016 0.19262800000000002
0 0.785256 0.502885 0.779487 0.40160300000000004 0.776282 0.39134599999999997 0.764744 0.36442300000000005 0.755769 0.36442300000000005 0.737179 0.415705 0.7403850000000001 0.44903800000000005 0.762821 0.48365400000000003 0.767949 0.49262799999999995
0 0.38333300000000003 0.979808 0.392308 0.9041669999999999 0.38397400000000004 0.813141 0.36666699999999997 0.858013 0.36538499999999996 0.888782 0.34615399999999996 0.888782 0.30384599999999995 0.929808 0.30256400000000006 0.959295 0.312821 0.990064 0.376282 0.991346
0 0.875 0.5298080000000001 0.9083330000000001 0.509295 0.925641 0.47211499999999995 0.871795 0.423397 0.8628210000000001 0.39391 0.851282 0.440064 0.849359 0.5144230000000001 0.859615 0.528526
0 0.730128 0.12852600000000003 0.747436 0.12852600000000003 0.752564 0.05544899999999997 0.735897 0.03493599999999997 0.7006410000000001 0.04775600000000002 0.701282 0.07467900000000005 0.716026 0.13237200000000005