0 0.561538 0.870833 0.582692 0.79391 0.585897 0.7810900000000001 0.604487 0.788782 0.603846 0.751603 0.6179490000000001 0.7413460000000001 0.621795 0.713141 0.6 0.672115 0.5589740000000001 0.709295 0.5506409999999999 0.715705 0.516026 0.691346 0.5070509999999999 0.659295 0.478205 0.623397 0.44935899999999995 0.623397 0.43076899999999996 0.625962 0.40897399999999995 0.634936 0.355769 0.655449 0.34423099999999995 0.683654 0.395513 0.738782 0.42435900000000004 0.725962 0.435897 0.7439100000000001 0.45064099999999996 0.786218 0.46474400000000005 0.79391 0.46794899999999995 0.822115 0.46346200000000004 0.846474 0.483974 0.859295 0.507692 0.859295 0.519872 0.879808 0.54359 0.8836539999999999
0 0.847436 0.705449 0.857051 0.647756 0.853846 0.608013 0.833974 0.5528850000000001 0.812179 0.5131410000000001 0.798077 0.49647399999999997 0.775641 0.499038 0.758333 0.523397 0.776282 0.5503210000000001 0.766667 0.5951919999999999 0.765385 0.616987 0.794231 0.692628 0.805769 0.740064 0.8243590000000001 0.716987 0.842949 0.718269
0 0.679487 0.463141 0.696795 0.432372 0.725 0.459295 0.719231 0.40032100000000004 0.6980770000000001 0.351603 0.6910259999999999 0.30032099999999995 0.678205 0.299038 0.648718 0.316987 0.628846 0.30544899999999997 0.6153850000000001 0.358013 0.616026 0.40801299999999996 0.670513 0.434936 0.671154 0.460577
0 0.998077 0.596474 0.974359 0.559295 0.944231 0.5541670000000001 0.921154 0.538782 0.921154 0.505449 0.922436 0.46826900000000005 0.942308 0.454167 0.969872 0.418269 0.982692 0.40416700000000005 0.998077 0.40288500000000005
0 0.994872 0.297756 0.994231 0.336218 0.980128 0.32339700000000005 0.959615 0.332372 0.949359 0.351603 0.919872 0.38109000000000004 0.897436 0.306731 0.880128 0.30416699999999997 0.866667 0.27980799999999995 0.867949 0.23493600000000003 0.895513 0.205449 0.907051 0.208013 0.921795 0.266987 0.942949 0.27980799999999995 0.958974 0.272115 0.951282 0.23109000000000002 0.954487 0.19903800000000005 0.9666669999999999 0.17980799999999997 0.970513 0.17467900000000003 0.996795 0.17852599999999996
0 0.370513 0.397756 0.355769 0.36057700000000004 0.34743599999999997 0.34391000000000005 0.36538499999999996 0.333654 0.371795 0.334936 0.38333300000000003 0.30160299999999995 0.38205100000000003 0.273397 0.36794899999999997 0.20032099999999997 0.31602600000000003 0.186218 0.29871800000000004 0.229808 0.28525599999999995 0.27852600000000005 0.30640999999999996 0.35929500000000003 0.31859000000000004 0.37852600000000003 0.30897399999999997 0.419551 0.30897399999999997 0.44647400000000004 0.32756399999999997 0.459295 0.353846 0.438782 0.36474399999999996 0.42724399999999996 0.373077 0.41057699999999997
0 0.532051 0.42596199999999995 0.5506409999999999 0.40160300000000004 0.528205 0.350321 0.496154 0.32211500000000004 0.48974399999999996 0.33109 0.475641 0.39006399999999997 0.48846199999999995 0.414423 0.525641 0.42852599999999996
0 0.512821 0.268269 0.537821 0.24134599999999995 0.514103 0.205449 0.517949 0.15673099999999995 0.530769 0.12339699999999998 0.524359 0.07724399999999998 0.502564 0.04519200000000001 0.473718 0.08109 0.47243599999999997 0.11698699999999995 0.46282100000000004 0.17724399999999996 0.44487200000000005 0.26442299999999996 0.44359000000000004 0.325962 0.461538 0.310577 0.49166699999999997 0.269551 0.498718 0.269551
0 0.274359 0.8875 0.25705100000000003 0.870833 0.252564 0.841346 0.26217900000000005 0.773397 0.27756400000000003 0.754167 0.28397399999999995 0.7233970000000001 0.24423099999999998 0.69391 0.21474400000000005 0.700321 0.18910300000000002 0.736218 0.18461499999999997 0.813141 0.17243600000000003 0.868269 0.18012799999999995 0.906731 0.20192299999999996 0.928526 0.21410300000000004 0.942628 0.264103 0.920833 0.272436 0.920833
0 0.084615 0.701603 0.09230799999999995 0.647756 0.10320499999999999 0.608013 0.12115399999999998 0.5875 0.11025600000000002 0.542628 0.09358999999999995 0.5144230000000001 0.07179500000000005 0.48750000000000004 0.04102600000000001 0.44519200000000003 0.02435900000000002 0.458013 0.005128000000000021 0.588782 0.016025999999999985 0.6310899999999999 0.026282000000000028 0.672115 0.04487200000000002 0.696474 0.07179500000000005 0.697756
0 0.25769200000000003 0.6144229999999999 0.28333299999999995 0.582372 0.276282 0.5323720000000001 0.25 0.49006400000000006 0.24551299999999998 0.478526 0.22307699999999997 0.48621800000000004 0.212179 0.5375 0.208333 0.563141 0.23846199999999995 0.58109 0.23910299999999995 0.6092949999999999
0 0.18717899999999998 0.12852600000000003 0.21346200000000004 0.05288499999999996 0.228205 0.02083299999999999 0.230128 0.004167000000000032 0.09679499999999996 0.008013000000000048 0.11474399999999996 0.10416700000000001 0.12051299999999998 0.13237200000000005 0.146795 0.13493599999999994 0.17756400000000006 0.14390999999999998
0 0.745513 0.21314100000000002 0.761538 0.17980799999999997 0.7608969999999999 0.145192 0.753205 0.12083299999999997 0.766026 0.08109 0.771154 0.054166999999999965 0.796154 0.03749999999999998 0.772436 0.001603000000000021 0.735897 0.04006399999999999 0.733974 0.011858999999999953 0.721795 0.0067310000000000425 0.7125 0.004167000000000032 0.657051 0.0003210000000000157 0.661538 0.02596200000000004 0.684615 0.06057699999999999 0.7211540000000001 0.09262800000000004 0.726282 0.12980800000000003 0.710256 0.166987 0.6923079999999999 0.15032100000000004 0.670513 0.149038 0.685897 0.22083299999999995 0.734615 0.21698700000000004
0 0.814744 0.36314100000000005 0.812179 0.292628 0.7858970000000001 0.272115 0.770513 0.34903799999999996 0.786538 0.36057700000000004
0 0.620513 0.225962 0.6141030000000001 0.15544899999999995 0.5948720000000001 0.06826900000000002 0.588462 0.046474000000000015 0.5743590000000001 0.09006400000000003 0.582051 0.17980799999999997 0.5878209999999999 0.24006400000000006 0.605128 0.24006400000000006