0 0.877564 0.900321 0.891026 0.886218 0.904487 0.877244 0.922436 0.855449 0.939744 0.773397 0.942308 0.727244 0.944231 0.682372 0.91859 0.683654 0.903205 0.716987 0.876282 0.7208330000000001 0.822436 0.673397 0.796154 0.6375 0.75 0.661859 0.730128 0.670833 0.6923079999999999 0.664423 0.673718 0.673397 0.667949 0.714423 0.6788460000000001 0.770833 0.719231 0.7631410000000001 0.750641 0.729808 0.764103 0.7464740000000001 0.778205 0.7631410000000001 0.79359 0.797756 0.789103 0.833654 0.787821 0.870833 0.80641 0.877244 0.81859 0.856731 0.827564 0.8836539999999999 0.850641 0.9028849999999999 0.869872 0.899038
0 0.599359 0.945192 0.601923 0.911859 0.587179 0.89391 0.575 0.838782 0.598077 0.806731 0.6179490000000001 0.7823720000000001 0.626923 0.7798080000000001 0.6141030000000001 0.736218 0.603846 0.708013 0.588462 0.696474 0.564103 0.691346 0.5371790000000001 0.6875 0.528205 0.6875 0.513462 0.7464740000000001 0.49166699999999997 0.8003210000000001 0.486538 0.860577 0.485897 0.908013 0.49102599999999996 0.938782 0.519231 0.94391 0.541026 0.972115 0.563462 0.969551 0.5782050000000001 0.952885
0 0.458974 0.960577 0.47243599999999997 0.913141 0.458333 0.8631409999999999 0.455128 0.852885 0.42628200000000005 0.847756 0.378205 0.878526 0.371795 0.895192 0.36730799999999997 0.942628 0.380128 0.954167 0.414744 0.954167 0.435256 0.963141 0.44102600000000003 0.973397 0.45320499999999997 0.974679
0 0.16153799999999996 0.991346 0.13782099999999997 0.974679 0.10897400000000002 0.947756 0.10064099999999998 0.9375 0.09038500000000005 0.929808 0.06474400000000002 0.950321 0.05897399999999997 0.950321 0.045513000000000026 0.919551 0.05192300000000005 0.892628 0.04935900000000004 0.878526 0.016666999999999987 0.869551 0.0025640000000000107 0.874679 0.003846000000000016 0.992628
0 0.12307699999999999 0.750321 0.15641000000000005 0.677244 0.16923100000000002 0.6528849999999999 0.17435900000000004 0.6375 0.16217899999999996 0.6105769999999999 0.12884600000000002 0.604167 0.10705100000000001 0.58109 0.08076899999999998 0.6285259999999999 0.06282100000000002 0.6503209999999999 0.047436000000000034 0.683654 0.048077000000000036 0.702885 0.08012799999999998 0.7246790000000001 0.10897400000000002 0.740064 0.11217900000000003 0.7426280000000001
0 0.41025599999999995 0.7221150000000001 0.42243600000000003 0.69391 0.42371800000000004 0.665705 0.417308 0.6516029999999999 0.417308 0.623397 0.43333299999999997 0.5746789999999999 0.43269199999999997 0.5503210000000001 0.42243600000000003 0.518269 0.40384600000000004 0.49390999999999996 0.38782099999999997 0.47211499999999995 0.380128 0.458013 0.36282099999999995 0.46570500000000004 0.332692 0.508013 0.31859000000000004 0.525962 0.30320499999999995 0.558013 0.294872 0.564423 0.27884600000000004 0.58109 0.269231 0.618269 0.267308 0.656731 0.28205100000000005 0.683654 0.313462 0.691346 0.32564099999999996 0.6323719999999999 0.348718 0.6105769999999999 0.355128 0.640064 0.358974 0.691346 0.38589700000000005 0.706731
0 0.589744 0.6144229999999999 0.594231 0.5875 0.594231 0.561859 0.582051 0.5310900000000001 0.577564 0.504167 0.563462 0.49134599999999995 0.5506409999999999 0.520833 0.5314099999999999 0.5336540000000001 0.5301279999999999 0.546474 0.5506409999999999 0.577244 0.562821 0.5900639999999999 0.5730770000000001 0.600321
0 0.22243599999999997 0.458013 0.230769 0.39006399999999997 0.24551299999999998 0.34775599999999995 0.229487 0.296474 0.209615 0.290064 0.19551300000000005 0.30544899999999997 0.19871799999999995 0.36314100000000005 0.18140999999999996 0.397756 0.17628200000000005 0.40416700000000005 0.17307700000000004 0.438782 0.20384599999999997 0.46570500000000004 0.21858999999999995 0.475962
0 0.689744 0.40032100000000004 0.665385 0.37083299999999997 0.6769229999999999 0.34647399999999995 0.6980770000000001 0.34262800000000004 0.697436 0.316987 0.697436 0.291346 0.7 0.24006400000000006 0.696795 0.21570500000000004 0.680769 0.19519200000000003 0.667308 0.17852599999999996 0.660256 0.169551 0.636538 0.23621800000000004 0.6128210000000001 0.272115 0.614744 0.332372 0.638462 0.35929500000000003 0.638462 0.39006399999999997 0.651282 0.420833 0.665385 0.42852599999999996 0.6801280000000001 0.42596199999999995
0 0.791026 0.313141 0.810897 0.30416699999999997 0.8243590000000001 0.28237199999999996 0.844231 0.290064 0.845513 0.24647399999999997 0.8435900000000001 0.17339700000000002 0.848077 0.14262799999999998 0.848718 0.11955099999999996 0.844231 0.09519200000000005 0.828846 0.08109 0.803205 0.054166999999999965 0.787179 0.083654 0.7858970000000001 0.13749999999999996 0.7846150000000001 0.188782 0.776923 0.24006400000000006 0.76859 0.269551 0.755128 0.34647399999999995 0.741026 0.36057700000000004 0.7211540000000001 0.38621799999999995 0.729487 0.423397 0.75 0.442628 0.762821 0.44647400000000004 0.766026 0.442628 0.769231 0.40416700000000005 0.779487 0.36826899999999996 0.789103 0.352885 0.789744 0.329808
0 0.994231 0.856731 0.961538 0.854167 0.95 0.873397 0.932051 0.9041669999999999 0.935897 0.934936 0.951923 0.964423 0.971795 0.990064 0.992308 0.964423 0.998718 0.950321
0 0.996795 0.49390999999999996 0.989103 0.47467899999999996 0.984615 0.452885 0.975 0.46442300000000003 0.969231 0.479808 0.95641 0.46570500000000004 0.958974 0.44519200000000003 0.949359 0.432372 0.934615 0.419551 0.926282 0.40160300000000004 0.954487 0.36698699999999995 0.963462 0.351603 0.998077 0.355449
0 0.502564 0.14390999999999998 0.513462 0.10416700000000001 0.541026 0.06955100000000003 0.563462 0.05032099999999995 0.5660259999999999 0.03365399999999996 0.559615 0.010576999999999948 0.439103 0.008013000000000048 0.43205099999999996 0.07467900000000005 0.44743599999999994 0.13109000000000004 0.474359 0.169551 0.480128 0.170833
0 0.21987199999999996 0.16442299999999999 0.22179499999999996 0.11826899999999996 0.227564 0.08109 0.21282100000000004 0.056730999999999976 0.19551300000000005 0.03749999999999998 0.18269199999999997 0.029807999999999946 0.15384600000000004 0.05544899999999997 0.15705100000000005 0.11314100000000005 0.164103 0.13621799999999995 0.19679500000000005 0.13109000000000004 0.211538 0.16314099999999998