0 0.32307699999999995 0.99391 0.31794900000000004 0.958013 0.29807700000000004 0.928526 0.274359 0.925962 0.23974399999999996 0.94391 0.246795 0.872115 0.20448699999999997 0.855449 0.18589699999999998 0.8631409999999999 0.18012799999999995 0.896474 0.16923100000000002 0.997756
0 0.74359 0.991346 0.689744 0.914423 0.661538 0.865705 0.624359 0.911859 0.603205 0.992628
0 0.5948720000000001 0.911859 0.60641 0.868269 0.614744 0.825962 0.6141030000000001 0.799038 0.607692 0.715705 0.578846 0.695192 0.552564 0.684936 0.562179 0.7605770000000001 0.5576920000000001 0.783654 0.524359 0.7810900000000001 0.516026 0.788782 0.46858999999999995 0.854167 0.462179 0.884936 0.43012799999999995 0.923397 0.40576900000000005 0.965705 0.39359 0.995192 0.552564 0.990064 0.552564 0.945192 0.589744 0.919551
0 0.879487 0.620833 0.898077 0.578526 0.8871789999999999 0.47083299999999995 0.826923 0.42852599999999996 0.753846 0.392628 0.714744 0.434936 0.6826920000000001 0.461859 0.657051 0.49006400000000006 0.645513 0.5298080000000001 0.663462 0.5913459999999999 0.708974 0.640064 0.730128 0.674679 0.766667 0.695192 0.808974 0.69391 0.822436 0.670833 0.8448720000000001 0.6298079999999999 0.86859 0.6118589999999999
0 0.626282 0.6310899999999999 0.6346149999999999 0.558013 0.63141 0.48109 0.6179490000000001 0.433654 0.588462 0.40929499999999996 0.5519229999999999 0.377244 0.51859 0.42980799999999997 0.503846 0.455449 0.521154 0.506731 0.532051 0.560577 0.58141 0.6298079999999999 0.61859 0.638782
0 0.998718 0.886218 0.990385 0.856731 0.967949 0.8631409999999999 0.946154 0.872115 0.930128 0.9028849999999999 0.914103 0.841346 0.916667 0.79391 0.913462 0.692628 0.907051 0.640064 0.915385 0.5913459999999999 0.998718 0.504167
0 0.207692 0.804167 0.21794899999999995 0.69391 0.24358999999999997 0.5721149999999999 0.270513 0.5323720000000001 0.30512799999999995 0.5349360000000001 0.294872 0.461859 0.28717899999999996 0.455449 0.266026 0.451603 0.24102599999999996 0.460577 0.21730799999999995 0.546474 0.17564100000000005 0.600321 0.17243600000000003 0.665705 0.15064100000000002 0.7375 0.145513 0.814423 0.18140999999999996 0.808013
0 0.07179500000000005 0.997756 0.07820499999999997 0.896474 0.09102600000000005 0.8439099999999999 0.09551299999999996 0.825962 0.06346200000000002 0.822115 0.04679500000000003 0.809295 0.017948999999999993 0.995192
0 0.04230800000000001 0.41057699999999997 0.084615 0.358013 0.07756399999999997 0.28365399999999996 0.06538500000000003 0.25544900000000004 0.039744 0.228526 0.008333000000000035 0.208013 0.0070510000000000295 0.36314100000000005
0 0.17243600000000003 0.19391000000000003 0.19294900000000004 0.146474 0.20064099999999996 0.11314100000000005 0.21923099999999995 0.06826900000000002 0.209615 0.03493599999999997 0.16217899999999996 0.009295000000000053 0.03461499999999995 0.005449000000000037 0.03717899999999996 0.05801299999999998 0.084615 0.11698699999999995 0.09038500000000005 0.082372 0.09551299999999996 0.06826900000000002 0.125641 0.06570500000000001 0.126282 0.100321 0.12179499999999999 0.149038 0.13461500000000004 0.165705
0 0.485897 0.663141 0.484615 0.582372 0.47243599999999997 0.559295 0.45064099999999996 0.560577 0.40961499999999995 0.622115 0.40512800000000004 0.645192 0.435897 0.678526 0.45256399999999997 0.640064 0.460256 0.6336539999999999 0.476282 0.665705
0 0.48910299999999995 0.15929499999999996 0.526923 0.13365400000000005 0.519231 0.10929500000000003 0.502564 0.07852599999999998 0.47307699999999997 0.042628 0.44230800000000003 0.029807999999999946 0.440385 0.07852599999999998 0.44999999999999996 0.12596200000000002 0.457692 0.16185899999999998 0.48910299999999995 0.17596199999999995
0 0.30705099999999996 0.28237199999999996 0.314744 0.25801300000000005 0.330769 0.26185899999999995 0.335897 0.21057700000000001 0.32499999999999996 0.188782 0.31666700000000003 0.17339700000000002 0.30320499999999995 0.16442299999999999 0.28076900000000005 0.17596199999999995 0.270513 0.208013 0.272436 0.24134599999999995 0.295513 0.295192
0 0.013461999999999974 0.716987 0.026282000000000028 0.665705 0.025641000000000025 0.616987 0.0025640000000000107 0.5516030000000001 0.0025640000000000107 0.716987