0 0.913462 0.98109 0.910256 0.922115 0.911538 0.875962 0.896795 0.838782 0.845513 0.832372 0.827564 0.804167 0.8038460000000001 0.8233969999999999 0.812821 0.838782 0.819231 0.872115 0.8256410000000001 0.905449 0.805769 0.99391 0.9096150000000001 0.996474
0 0.640385 0.911859 0.65 0.855449 0.665385 0.784936 0.692949 0.772115 0.651282 0.727244 0.633974 0.701603 0.6166670000000001 0.696474 0.612179 0.736218 0.5782050000000001 0.770833 0.563462 0.822115 0.554487 0.900321 0.560897 0.969551 0.580128 0.928526 0.614744 0.916987
0 0.794231 0.575962 0.81859 0.524679 0.8391029999999999 0.451603 0.789103 0.372115 0.751923 0.352885 0.725 0.413141 0.7185900000000001 0.47083299999999995 0.732051 0.5708329999999999 0.767308 0.5939099999999999 0.789744 0.599038
0 0.995513 0.5528850000000001 0.967949 0.5554490000000001 0.94359 0.528526 0.916667 0.478526 0.915385 0.454167 0.935256 0.40032100000000004 0.930128 0.37980800000000003 0.903846 0.351603 0.901282 0.290064 0.924359 0.24006400000000006 0.957692 0.274679 0.985897 0.32339700000000005 0.985897 0.40032100000000004 0.978205 0.40929499999999996 0.991026 0.44519200000000003 0.999359 0.45032099999999997 0.997436 0.536218
0 0.858974 0.42980799999999997 0.875 0.38493599999999994 0.882692 0.34647399999999995 0.858974 0.34262800000000004 0.855769 0.311859 0.862179 0.290064 0.836538 0.23237200000000002 0.820513 0.24390999999999996 0.805769 0.26314099999999996 0.796795 0.296474 0.788462 0.32467900000000005 0.8019229999999999 0.356731 0.8256410000000001 0.372115 0.850641 0.423397
0 0.628205 0.647756 0.600641 0.582372 0.579487 0.5528850000000001 0.5564100000000001 0.536218 0.521154 0.5375 0.497436 0.545192 0.48717900000000003 0.588782 0.48717900000000003 0.660577 0.458974 0.686218 0.436538 0.711859 0.34487199999999996 0.73109 0.292308 0.7631410000000001 0.276282 0.784936 0.274359 0.829808 0.294872 0.905449 0.294872 0.9875 0.34230799999999995 0.988782 0.35641 0.916987 0.337179 0.916987 0.337179 0.882372 0.36410299999999995 0.8618589999999999 0.39359 0.827244 0.42179500000000003 0.809295 0.478205 0.829808 0.520513 0.847756 0.5333330000000001 0.819551 0.521154 0.772115 0.544872 0.7221150000000001 0.528205 0.68109 0.551282 0.655449 0.585256 0.658013 0.608974 0.692628
0 0.20064099999999996 0.975962 0.20128199999999996 0.922115 0.21858999999999995 0.851603 0.248718 0.83109 0.26089700000000005 0.849038 0.21923099999999995 0.709295 0.20640999999999998 0.697756 0.15833299999999995 0.716987 0.09294899999999995 0.809295 0.06923100000000004 0.901603 0.06859000000000004 0.997756 0.19294900000000004 0.995192
0 0.46858999999999995 0.500321 0.476282 0.47339699999999996 0.504487 0.454167 0.5493589999999999 0.43109 0.541026 0.375962 0.542308 0.316987 0.535256 0.27724400000000005 0.517949 0.288782 0.49230799999999997 0.296474 0.45064099999999996 0.37083299999999997 0.45320499999999997 0.48621800000000004 0.46474400000000005 0.516987
0 0.373718 0.34006400000000003 0.379487 0.32467900000000005 0.40961499999999995 0.20032099999999997 0.42692300000000005 0.18237199999999998 0.482051 0.23750000000000004 0.496154 0.227244 0.482692 0.14006399999999997 0.46730799999999995 0.10416700000000001 0.46346200000000004 0.06955100000000003 0.46538500000000005 0.049038000000000026 0.455769 0.008013000000000048 0.38782099999999997 0.008013000000000048 0.378846 0.07980799999999999 0.34679499999999996 0.15416700000000005 0.330769 0.184936 0.30576899999999996 0.209295 0.30448699999999995 0.23750000000000004 0.313462 0.2875 0.33141 0.32083300000000003 0.351282 0.338782 0.36666699999999997 0.34519200000000005
0 0.23974399999999996 0.454167 0.24038499999999996 0.420833 0.266667 0.395192 0.22564099999999998 0.334936 0.22499999999999998 0.28493599999999997 0.233333 0.26057699999999995 0.255769 0.270833 0.24166699999999997 0.227244 0.228205 0.21314100000000002 0.20192299999999996 0.23109000000000002 0.17628200000000005 0.188782 0.16859000000000002 0.19903800000000005 0.17307700000000004 0.286218 0.145513 0.32211500000000004 0.13269200000000003 0.26442299999999996 0.146154 0.225962 0.15833299999999995 0.19262800000000002 0.19743599999999994 0.11698699999999995 0.17179500000000003 0.046474000000000015 0.15833299999999995 0.05544899999999997 0.12115399999999998 0.05288499999999996 0.09294899999999995 0.07852599999999998 0.07756399999999997 0.14262799999999998 0.08012799999999998 0.20032099999999997 0.06730800000000003 0.306731 0.07371799999999995 0.32467900000000005 0.09102600000000005 0.334936 0.08333299999999999 0.377244 0.10961500000000002 0.438782 0.13333300000000003 0.44903800000000005 0.15192300000000003 0.40032100000000004 0.163462 0.38878199999999996 0.17756400000000006 0.42852599999999996 0.19423100000000004 0.441346 0.21666700000000005 0.434936
0 0.04615400000000003 0.20288499999999998 0.05320499999999995 0.12467899999999998 0.05897399999999997 0.09134600000000004 0.03653799999999996 0.032371999999999956 0.004487000000000019 0.024679000000000006 0.005128000000000021 0.21185900000000002 0.013461999999999974 0.18365399999999998 0.033332999999999946 0.19903800000000005
0 0.689744 0.051602999999999954 0.704487 0.009295000000000053 0.644872 0.0067310000000000425 0.6621790000000001 0.03749999999999998 0.6730769999999999 0.04775600000000002 0.677564 0.05032099999999995
0 0.314103 0.6323719999999999 0.33846200000000004 0.545192 0.336538 0.475962 0.292308 0.48493600000000003 0.289103 0.479808 0.275 0.456731 0.269231 0.482372 0.263462 0.523397 0.269872 0.566987 0.249359 0.5375 0.22564099999999998 0.5375 0.21282100000000004 0.5336540000000001 0.207692 0.6118589999999999 0.23397400000000002 0.6310899999999999 0.26859 0.636218 0.294231 0.6323719999999999