0 0.265385 0.659295 0.28012800000000004 0.6105769999999999 0.295513 0.602885 0.33141 0.5939099999999999 0.359615 0.5951919999999999 0.38141 0.536218 0.333333 0.459295 0.31602600000000003 0.442628 0.315385 0.518269 0.30128200000000005 0.524679 0.291026 0.441346 0.270513 0.39006399999999997 0.27820500000000004 0.36570499999999995 0.28205100000000005 0.33109 0.28525599999999995 0.30288499999999996 0.28397399999999995 0.28365399999999996 0.267949 0.316987 0.22435899999999998 0.38493599999999994 0.20128199999999996 0.411859 0.18269199999999997 0.538782 0.17500000000000004 0.545192 0.124359 0.475962 0.085256 0.441346 0.083974 0.36570499999999995 0.09487199999999996 0.19775600000000004 0.09423099999999995 0.11442300000000005 0.05897399999999997 0.03621799999999997 0.06410300000000002 0.008013000000000048 0.003846000000000016 0.009295000000000053 0.0025640000000000107 0.5105770000000001 0.03589699999999996 0.500321 0.07307699999999995 0.524679 0.125641 0.5541670000000001 0.15705100000000005 0.6092949999999999 0.19871799999999995 0.675962 0.23974399999999996 0.673397
0 0.14359 0.969551 0.17820499999999995 0.951603 0.22371799999999997 0.892628 0.254487 0.888782 0.273718 0.870833 0.294231 0.838782 0.30128200000000005 0.790064 0.267308 0.7413460000000001 0.23653800000000003 0.728526 0.21666700000000005 0.7439100000000001 0.18653799999999998 0.7875 0.11346199999999995 0.8375 0.11217900000000003 0.859295 0.105128 0.879808 0.040385000000000004 0.9028849999999999 0.027564000000000033 0.9375 0.05576899999999996 0.98109 0.07756399999999997 0.9875 0.13205100000000003 0.974679
0 0.5333330000000001 0.920833 0.5288459999999999 0.890064 0.5480769999999999 0.891346 0.561538 0.924679 0.572436 0.834936 0.571795 0.799038 0.5326919999999999 0.759295 0.517949 0.7439100000000001 0.482692 0.759295 0.47051299999999996 0.816987 0.46730799999999995 0.873397 0.496795 0.923397 0.526923 0.919551
0 0.667949 0.796474 0.6756409999999999 0.732372 0.673718 0.713141 0.6717949999999999 0.677244 0.696795 0.6298079999999999 0.7211540000000001 0.615705 0.751923 0.5939099999999999 0.745513 0.5516030000000001 0.690385 0.54391 0.6801280000000001 0.584936 0.6743589999999999 0.623397 0.651923 0.684936 0.6346149999999999 0.740064 0.616026 0.814423 0.651282 0.788782
0 0.532051 0.463141 0.537821 0.40929499999999996 0.529487 0.36698699999999995 0.5314099999999999 0.291346 0.540385 0.25801300000000005 0.513462 0.250321 0.473718 0.334936 0.46987199999999996 0.38109000000000004 0.46858999999999995 0.438782 0.47051299999999996 0.455449 0.501923 0.4375 0.522436 0.456731
0 0.773077 0.44775600000000004 0.816667 0.44903800000000005 0.828846 0.459295 0.828205 0.38878199999999996 0.812821 0.34262800000000004 0.776923 0.316987 0.766667 0.351603 0.755769 0.415705
0 0.9288460000000001 0.764423 0.941026 0.715705 0.93141 0.582372 0.923718 0.563141 0.878205 0.549038 0.88141 0.602885 0.897436 0.645192 0.907051 0.711859 0.915385 0.769551
0 0.921795 0.451603 0.944231 0.440064 0.941026 0.37980800000000003 0.940385 0.30032099999999995 0.9673080000000001 0.30544899999999997 0.997436 0.315705 0.997436 0.15929499999999996 0.983974 0.17596199999999995 0.973077 0.24519199999999997 0.937821 0.19775600000000004 0.910897 0.23237200000000002 0.867308 0.288782 0.885256 0.30416699999999997 0.895513 0.336218 0.89359 0.36442300000000005 0.88141 0.34903799999999996 0.877564 0.399038 0.877564 0.41057699999999997 0.888462 0.42596199999999995 0.921154 0.47211499999999995
0 0.639103 0.16057699999999997 0.646154 0.11955099999999996 0.642949 0.009295000000000053 0.519231 0.004167000000000032 0.5314099999999999 0.07083300000000003 0.565385 0.10801300000000003 0.583333 0.13109000000000004 0.603205 0.169551 0.632692 0.16442299999999999
0 0.394231 0.252885 0.38269200000000003 0.19647400000000004 0.396795 0.17339700000000002 0.392949 0.10416700000000001 0.391667 0.09519200000000005 0.36410299999999995 0.09134600000000004 0.313462 0.14262799999999998 0.30192300000000005 0.188782 0.312821 0.21314100000000002 0.350641 0.24647399999999997 0.38782099999999997 0.272115
0 0.21858999999999995 0.333654 0.21730799999999995 0.25929500000000005 0.21666700000000005 0.23621800000000004 0.19935899999999995 0.204167 0.16859000000000002 0.205449 0.141667 0.24647399999999997 0.146795 0.25673100000000004 0.162821 0.286218 0.17371800000000004 0.315705 0.18910300000000002 0.34006400000000003 0.19999999999999996 0.350321
0 0.228846 0.11698699999999995 0.269231 0.08493600000000001 0.29743600000000003 0.100321 0.32051300000000005 0.05544899999999997 0.354487 0.004167000000000032 0.166026 0.005449000000000037 0.18461499999999997 0.06442300000000001 0.20064099999999996 0.10544900000000001